								大连商品交易所 成交量_买持仓_卖持仓排名	

合约代码：c2011		Date：2020-08-03	

			期货公司会员	

名次		会员简称	成交量		增减		
1		东证期货	4,930		1,168		
2		新湖期货	3,761		1,885		
3		五矿经易	2,718		1,475		
4		国泰君安	2,674		256		
5		银河期货	2,668		-646		
6		中粮期货	2,655		1,304		
7		中大期货	2,651		599		
8		申银万国	2,541		1,995		
9		海通期货	2,381		1,116		
10		格林大华	2,371		1,343		
11		华安期货	2,319		1,400		
12		光大期货	2,191		-24		
13		永安期货	2,137		1,706		
14		弘业期货	2,133		1,781		
15		国海良时	2,035		1,604		
16		华闻期货	2,025		57		
17		国富期货	1,690		-560		
18		中信期货	1,645		-519		
19		鲁证期货	1,630		933		
20		西部期货	1,617		-810		
总计				48,772		16,063		

名次		会员简称	持买单量	增减		
1		东证期货	4,447		35		
2		鲁证期货	4,343		-141		
3		五矿经易	4,033		-113		
4		永安期货	3,988		438		
5		中信期货	3,555		-120		
6		中大期货	3,327		-737		
7		新湖期货	3,063		5		
8		海通期货	3,034		-43		
9		中财期货	3,000		0		
10		中粮期货	2,948		-66		
11		浙商期货	2,439		-18		
12		弘业期货	2,208		-718		
13		格林大华	2,018		21		
14		宝城期货	1,980		-1		
15		华安期货	1,913		1,768		
16		国贸期货	1,452		886		
17		一德期货	1,304		-214		
18		国海良时	1,194		193		
19		国投安信	797		-500		
20		国泰君安	740		-13		
总计				51,783		662		

名次		会员简称	持卖单量	增减		
1		永安期货	5,783		5		
2		东证期货	4,372		51		
3		海通期货	4,345		156		
4		鲁证期货	4,343		-117		
5		五矿经易	4,134		101		
6		中信期货	4,031		-103		
7		中大期货	3,326		-736		
8		新湖期货	3,064		18		
9		浙商期货	2,989		44		
10		中粮期货	2,558		5		
11		北京首创	2,528		-472		
12		弘业期货	2,227		-655		
13		格林大华	2,043		38		
14		宝城期货	1,995		-1		
15		国海良时	1,202		196		
16		国泰君安	651		73		
17		华泰期货	595		537		
18		申银万国	563		39		
19		江苏东华	450		320		
20		广州金控	450		50		
总计				51,649		-451		



会员类别	总成交量	增减		
期货公司会员	48,772		16,063		

会员类别	总持买单量	增减		
期货公司会员	51,783		662		

会员类别	总持卖单量	增减		
期货公司会员	51,649		-451		

