								大连商品交易所 成交量_买持仓_卖持仓排名	

合约代码：m2011		Date：2020-09-08	

			期货公司会员	

名次		会员简称	成交量		增减		
1		东证期货	24,944		7,536		
2		海通期货	10,145		2,144		
3		光大期货	8,986		-3,927		
4		华闻期货	8,895		2,185		
5		国泰君安	6,077		98		
6		中粮期货	4,676		1,968		
7		申银万国	3,831		-402		
8		鲁证期货	3,529		359		
9		南华期货	3,199		970		
10		天风期货	2,299		362		
11		弘业期货	2,189		205		
12		国海良时	2,029		717		
13		华泰期货	1,960		987		
14		国投安信	1,889		-530		
15		五矿经易	1,758		121		
16		金瑞期货	1,626		1,594		
17		银河期货	1,435		-417		
18		华安期货	1,359		738		
19		安粮期货	1,170		-1,435		
20		浙商期货	1,166		-266		
总计				93,162		13,007		

名次		会员简称	持买单量	增减		
1		安粮期货	11,688		-318		
2		国投安信	6,140		-148		
3		海通期货	4,111		-4		
4		银河期货	3,459		-10		
5		国泰君安	3,201		-118		
6		北京首创	3,100		-15		
7		南华期货	3,039		20		
8		国元期货	2,734		117		
9		中粮期货	2,309		-24		
10		新湖期货	1,994		-47		
11		弘业期货	1,519		-146		
12		摩根大通	1,472		0		
13		浙商期货	1,451		-32		
14		五矿经易	1,422		-414		
15		鲁证期货	1,376		-3		
16		中信期货	1,308		-118		
17		华融融达	1,298		116		
18		格林大华	1,138		-331		
19		中信建投	1,009		-188		
20		国信期货	842		105		
总计				54,610		-1,558		

名次		会员简称	持卖单量	增减		
1		中粮期货	7,970		0		
2		南华期货	7,938		17		
3		国泰君安	7,185		-149		
4		国投安信	4,491		-241		
5		一德期货	4,475		-280		
6		海通期货	4,175		151		
7		倍特期货	4,002		-1		
8		中信期货	3,071		197		
9		格林大华	2,906		-330		
10		东兴期货	2,302		0		
11		北京首创	2,059		-26		
12		华安期货	1,692		-979		
13		弘业期货	1,642		11		
14		鲁证期货	1,196		6		
15		国富期货	1,084		-302		
16		瑞达期货	1,078		-4		
17		五矿经易	865		-478		
18		永安期货	863		0		
19		兴证期货	853		-2		
20		申银万国	802		-36		
总计				60,649		-2,446		



会员类别	总成交量	增减		
期货公司会员	93,162		13,007		

会员类别	总持买单量	增减		
期货公司会员	54,610		-1,558		

会员类别	总持卖单量	增减		
期货公司会员	60,649		-2,446		

