								大连商品交易所 成交量_买持仓_卖持仓排名	

合约代码：p2105		Date：2020-09-08	

			期货公司会员	

名次		会员简称	成交量		增减		
1		光大期货	9,504		2,914		
2		东证期货	8,486		1,737		
3		中信期货	3,610		758		
4		国富期货	2,457		1,677		
5		摩根大通	1,914		1,358		
6		宏源期货	1,847		590		
7		国元期货	1,807		29		
8		华泰期货	1,316		396		
9		一德期货	1,297		471		
10		永安期货	1,091		69		
11		申银万国	1,062		149		
12		浙商期货	1,061		782		
13		国泰君安	1,004		261		
14		华融融达	911		695		
15		瑞达期货	871		787		
16		上海中期	824		-387		
17		安粮期货	815		386		
18		海通期货	713		-160		
19		徽商期货	677		177		
20		华安期货	665		151		
总计				41,932		12,840		

名次		会员简称	持买单量	增减		
1		国投安信	5,698		67		
2		华泰期货	5,332		-40		
3		兴证期货	4,472		103		
4		浙商期货	3,554		522		
5		永安期货	3,345		-35		
6		摩根大通	2,829		829		
7		广发期货	2,081		252		
8		大越期货	2,023		0		
9		中粮期货	1,990		40		
10		华融融达	1,773		159		
11		中辉期货	1,697		-25		
12		大地期货	1,480		51		
13		中信期货	1,396		93		
14		一德期货	1,348		133		
15		五矿经易	1,120		20		
16		瑞达期货	993		783		
17		南华期货	977		93		
18		银河期货	764		53		
19		华安期货	747		44		
20		东证期货	633		86		
总计				44,252		3,228		

名次		会员简称	持卖单量	增减		
1		国富期货	6,691		-55		
2		上海中期	5,858		347		
3		一德期货	4,905		798		
4		摩根大通	4,621		685		
5		海通期货	4,580		-38		
6		永安期货	4,519		704		
7		兴证期货	4,088		5		
8		华融融达	3,022		706		
9		广发期货	2,192		61		
10		中粮期货	1,656		-40		
11		中辉期货	1,442		-3		
12		中信期货	1,268		155		
13		国投安信	1,266		50		
14		英大期货	1,126		3		
15		国泰君安	1,026		-407		
16		东证期货	1,009		-46		
17		银河期货	916		28		
18		鲁证期货	838		-9		
19		华泰期货	696		150		
20		建信期货	527		2		
总计				52,246		3,096		



会员类别	总成交量	增减		
期货公司会员	41,932		12,840		

会员类别	总持买单量	增减		
期货公司会员	44,252		3,228		

会员类别	总持卖单量	增减		
期货公司会员	52,246		3,096		

