								大连商品交易所 成交量_买持仓_卖持仓排名	

合约代码：j2101		Date：2020-09-08	

			期货公司会员	

名次		会员简称	成交量		增减		
1		东证期货	45,255		-1,181		
2		国富期货	24,452		994		
3		海通期货	12,682		3,647		
4		中信期货	12,587		-1,412		
5		光大期货	12,543		-2,517		
6		国泰君安	11,088		-37		
7		永安期货	10,429		1,653		
8		申银万国	8,960		-1,066		
9		兴证期货	6,212		1,822		
10		华泰期货	6,183		-785		
11		东吴期货	5,934		345		
12		先锋期货	5,671		-268		
13		方正中期	5,459		-1,583		
14		山西三立	5,409		775		
15		上海大陆	5,343		-426		
16		河北恒银	5,340		1,920		
17		新纪元期货	5,293		-751		
18		中辉期货	5,056		489		
19		银河期货	5,044		-3,344		
20		徽商期货	4,538		504		
总计				203,478		-1,221		

名次		会员简称	持买单量	增减		
1		东证期货	11,940		-82		
2		中信期货	9,231		245		
3		国富期货	7,758		207		
4		永安期货	5,551		-3,334		
5		银河期货	4,796		395		
6		国泰君安	4,787		-969		
7		东海期货	4,311		-55		
8		华泰期货	2,975		-401		
9		中辉期货	2,717		48		
10		中信建投	2,702		-13		
11		申银万国	2,651		-369		
12		兴证期货	2,622		-3,265		
13		广发期货	2,205		66		
14		方正中期	2,065		-1,124		
15		海通期货	1,939		-1,463		
16		瑞达期货	1,818		-370		
17		光大期货	1,767		-4,007		
18		弘业期货	1,677		402		
19		北京首创	1,383		-3		
20		五矿经易	1,221		719		
总计				76,116		-13,373		

名次		会员简称	持卖单量	增减		
1		东证期货	12,179		-585		
2		中信期货	7,386		610		
3		国富期货	6,094		-75		
4		永安期货	5,563		-527		
5		华泰期货	5,166		-242		
6		银河期货	4,095		-489		
7		中辉期货	3,526		-42		
8		一德期货	3,435		713		
9		海通期货	3,378		1,123		
10		天风期货	3,199		-235		
11		国泰君安	2,911		-1,013		
12		浙商期货	2,859		-267		
13		申银万国	2,707		-229		
14		中信建投	2,660		123		
15		大越期货	2,183		-111		
16		国投安信	1,756		-163		
17		鲁证期货	1,647		-6		
18		光大期货	1,611		-3,776		
19		兴证期货	1,560		175		
20		东兴期货	1,558		-163		
总计				75,473		-5,179		



会员类别	总成交量	增减		
期货公司会员	203,478		-1,221		

会员类别	总持买单量	增减		
期货公司会员	76,116		-13,373		

会员类别	总持卖单量	增减		
期货公司会员	75,473		-5,179		

