								大连商品交易所 成交量_买持仓_卖持仓排名	

合约代码：v2101		Date：2020-09-08	

			期货公司会员	

名次		会员简称	成交量		增减		
1		东证期货	106,406		11,077		
2		兴证期货	24,089		4,135		
3		国富期货	23,378		5,569		
4		海通期货	22,991		15,781		
5		中信期货	17,702		879		
6		国泰君安	12,894		2,070		
7		永安期货	11,565		3,565		
8		华金期货	9,692		-3,660		
9		华融融达	9,216		6,505		
10		银河期货	8,856		575		
11		建信期货	8,572		4,032		
12		国信期货	6,726		1,101		
13		徽商期货	6,094		2,915		
14		宏源期货	5,462		3,608		
15		华泰期货	5,410		1,494		
16		中财期货	4,734		1,182		
17		中国国际	4,708		3,356		
18		申银万国	4,681		-793		
19		浙商期货	4,489		1,526		
20		南华期货	4,251		2,155		
总计				301,916		67,072		

名次		会员简称	持买单量	增减		
1		永安期货	37,052		-2,202		
2		中信期货	26,467		108		
3		建信期货	7,005		2,491		
4		银河期货	6,901		201		
5		东证期货	6,643		-20		
6		国投安信	5,533		-910		
7		南华期货	5,475		92		
8		申银万国	4,630		177		
9		华泰期货	4,553		-186		
10		一德期货	4,551		665		
11		国泰君安	4,504		-50		
12		天风期货	4,451		-23		
13		鲁证期货	4,075		191		
14		方正中期	3,857		623		
15		瑞达期货	3,650		66		
16		兴证期货	3,534		-354		
17		中信建投	3,135		-25		
18		浙商期货	2,950		-1,028		
19		信达期货	2,803		217		
20		广发期货	2,475		411		
总计				144,244		444		

名次		会员简称	持卖单量	增减		
1		永安期货	20,738		-1,287		
2		国贸期货	16,173		-863		
3		国信期货	15,545		-2,954		
4		中财期货	9,223		-1,655		
5		信达期货	8,469		24		
6		中国国际	7,404		-3,527		
7		浙商期货	7,318		-1,553		
8		国泰君安	7,177		1,050		
9		华泰期货	6,133		638		
10		国投安信	5,920		544		
11		银河期货	5,888		-719		
12		一德期货	5,833		716		
13		中信期货	4,977		242		
14		大地期货	4,723		-666		
15		方正中期	4,279		-593		
16		申银万国	3,762		-406		
17		东证期货	3,743		952		
18		瑞达期货	3,251		-39		
19		兴证期货	3,214		1,153		
20		西南期货	3,022		45		
总计				146,792		-8,898		



会员类别	总成交量	增减		
期货公司会员	301,916		67,072		

会员类别	总持买单量	增减		
期货公司会员	144,244		444		

会员类别	总持卖单量	增减		
期货公司会员	146,792		-8,898		

