								大连商品交易所 成交量_买持仓_卖持仓排名	

合约代码：p2101		Date：2020-09-08	

			期货公司会员	

名次		会员简称	成交量		增减		
1		东证期货	251,807		-31,383		
2		光大期货	138,648		-11,003		
3		国泰君安	106,098		-10,853		
4		方正中期	69,270		1,543		
5		中信期货	60,639		-6,545		
6		国富期货	55,564		-28,970		
7		海通期货	49,999		6,533		
8		申银万国	42,729		-5,622		
9		银河期货	41,619		3,179		
10		兴证期货	34,213		-11,446		
11		徽商期货	32,855		-1,327		
12		华闻期货	28,658		-983		
13		永安期货	27,220		-898		
14		华安期货	26,122		3,265		
15		宏源期货	21,092		2,293		
16		国投安信	19,804		1,985		
17		中辉期货	19,313		761		
18		安粮期货	18,858		3,634		
19		华西期货	18,785		-1,045		
20		东方财富	17,919		168		
总计				1,081,212	-86,714		

名次		会员简称	持买单量	增减		
1		永安期货	34,851		4,024		
2		银河期货	15,411		3,867		
3		东证期货	15,213		3,325		
4		中信期货	14,399		1,542		
5		国盛期货	14,235		1,278		
6		海通期货	13,881		4,504		
7		光大期货	13,747		-1,914		
8		浙商期货	12,488		-1,162		
9		天风期货	11,774		1,243		
10		五矿经易	11,061		90		
11		方正中期	9,960		109		
12		兴证期货	9,714		1,346		
13		一德期货	9,455		83		
14		国投安信	9,119		-434		
15		大越期货	8,195		-26		
16		广发期货	8,096		38		
17		国泰君安	8,046		-4,322		
18		华泰期货	7,613		-492		
19		宏源期货	6,896		818		
20		大地期货	6,533		295		
总计				240,687		14,212		

名次		会员简称	持卖单量	增减		
1		中粮期货	37,259		1,349		
2		国投安信	34,185		2,044		
3		银河期货	32,588		1,044		
4		国富期货	21,817		1,645		
5		海通期货	18,916		619		
6		广发期货	17,434		3,625		
7		摩根大通	16,754		2,800		
8		一德期货	14,793		668		
9		中信期货	11,989		927		
10		国贸期货	11,799		66		
11		东证期货	11,672		-258		
12		国泰君安	10,658		1,514		
13		永安期货	9,879		874		
14		北京首创	6,243		-471		
15		鲁证期货	5,765		-477		
16		浙商期货	5,566		322		
17		中融汇信	5,280		-146		
18		中国国际	5,238		-192		
19		弘业期货	5,110		563		
20		英大期货	5,031		85		
总计				287,976		16,601		



会员类别	总成交量	增减		
期货公司会员	1,081,212	-86,714		

会员类别	总持买单量	增减		
期货公司会员	240,687		14,212		

会员类别	总持卖单量	增减		
期货公司会员	287,976		16,601		

