								大连商品交易所 成交量_买持仓_卖持仓排名	

合约代码：i2102		Date：2020-09-08	

			期货公司会员	

名次		会员简称	成交量		增减		
1		国富期货	41,493		3,080		
2		光大期货	25,332		-181		
3		银河期货	19,902		-4,188		
4		申银万国	18,099		-3,909		
5		海通期货	18,070		7,464		
6		东证期货	16,935		-640		
7		国元期货	15,782		926		
8		华闻期货	12,470		-400		
9		安粮期货	10,909		-4,489		
10		徽商期货	10,835		-6,937		
11		天风期货	9,431		8,123		
12		国泰君安	9,087		-2,423		
13		一德期货	8,917		-508		
14		南华期货	8,747		285		
15		中信建投	8,743		8,531		
16		华西期货	8,048		2,956		
17		宝城期货	7,700		3,322		
18		先锋期货	7,464		7,459		
19		冠通期货	7,312		-490		
20		鲁证期货	6,647		1,121		
总计				271,923		19,102		

名次		会员简称	持买单量	增减		
1		申银万国	2,077		-1,512		
2		东吴期货	1,696		-1		
3		国投安信	1,573		311		
4		鲁证期货	1,091		0		
5		中信期货	904		98		
6		宏源期货	902		-10		
7		华安期货	732		113		
8		海通期货	577		116		
9		招商期货	525		19		
10		永安期货	519		108		
11		浙商期货	458		-9		
12		宝城期货	308		11		
13		华泰期货	277		259		
14		五矿经易	256		0		
15		新湖期货	243		25		
16		中信建投	218		75		
17		方正中期	215		-117		
18		光大期货	196		62		
19		冠通期货	196		0		
20		弘业期货	189		28		
总计				13,152		-424		

名次		会员简称	持卖单量	增减		
1		申银万国	2,070		-1,507		
2		东吴期货	1,691		-1		
3		国投安信	1,583		321		
4		鲁证期货	1,194		33		
5		中信期货	1,026		215		
6		宏源期货	901		6		
7		华安期货	733		115		
8		招商期货	539		-11		
9		永安期货	520		109		
10		浙商期货	480		-10		
11		海通期货	386		6		
12		宝城期货	329		37		
13		华泰期货	324		274		
14		方正中期	284		-17		
15		五矿经易	256		0		
16		新湖期货	250		22		
17		中信建投	219		32		
18		金瑞期货	201		69		
19		冠通期货	196		0		
20		光大期货	180		96		
总计				13,362		-211		



会员类别	总成交量	增减		
期货公司会员	271,923		19,102		

会员类别	总持买单量	增减		
期货公司会员	13,152		-424		

会员类别	总持卖单量	增减		
期货公司会员	13,362		-211		

