								大连商品交易所 成交量_买持仓_卖持仓排名	

合约代码：m2101		Date：2020-10-29	

			期货公司会员	

名次		会员简称	成交量		增减		
1		东证期货	520,134		4,608		
2		国泰君安	354,717		77,563		
3		海通期货	88,157		24,660		
4		中信期货	80,645		21,541		
5		国富期货	61,761		8,605		
6		华泰期货	58,558		20,413		
7		永安期货	51,876		20,491		
8		格林大华	49,604		-12,580		
9		银河期货	48,332		18,105		
10		方正中期	48,173		15,732		
11		国投安信	40,136		10,801		
12		中粮期货	39,808		18,701		
13		申银万国	32,295		-7,127		
14		宏源期货	28,706		11,357		
15		中国国际	27,911		9,440		
16		兴证期货	25,697		4,853		
17		安粮期货	24,544		8,604		
18		华西期货	24,466		-14,600		
19		徽商期货	21,902		-859		
20		中辉期货	20,254		6,433		
总计				1,647,676	246,741		

名次		会员简称	持买单量	增减		
1		永安期货	174,314		12,150		
2		五矿经易	88,585		3,627		
3		中粮期货	82,892		6,488		
4		国投安信	56,843		579		
5		中信期货	50,794		-1,897		
6		一德期货	45,956		-547		
7		申银万国	39,168		2,954		
8		摩根大通	38,729		2,515		
9		南华期货	32,813		-1,482		
10		华泰期货	25,181		-7,058		
11		瑞达期货	24,438		-4,550		
12		国泰君安	24,383		-2,752		
13		东证期货	22,483		-4,719		
14		浙商期货	22,046		444		
15		海通期货	18,359		-4,853		
16		深圳金汇	16,889		-2,258		
17		兴证期货	16,729		-6,360		
18		银河期货	16,348		283		
19		北京首创	15,525		-488		
20		广发期货	14,877		-5,009		
总计				827,352		-12,933		

名次		会员简称	持卖单量	增减		
1		国投安信	123,127		-8,173		
2		中粮期货	115,098		-9,356		
3		摩根大通	75,150		-3,560		
4		国泰君安	73,645		2,439		
5		银河期货	60,251		-1,637		
6		中信期货	51,772		-8,954		
7		南华期货	44,931		50		
8		鲁证期货	42,403		-706		
9		平安期货	37,906		797		
10		新湖期货	36,985		-1,040		
11		东证期货	36,731		767		
12		海通期货	31,569		-66		
13		民生期货	27,225		-1,604		
14		一德期货	26,474		-2,968		
15		建信期货	24,713		-729		
16		美尔雅期货	20,178		-1,136		
17		北京金鹏	16,855		-346		
18		永安期货	16,784		-1,104		
19		中天期货	16,450		255		
20		广发期货	16,055		-245		
总计				894,302		-37,316		



会员类别	总成交量	增减		
期货公司会员	1,647,676	246,741		

会员类别	总持买单量	增减		
期货公司会员	827,352		-12,933		

会员类别	总持卖单量	增减		
期货公司会员	894,302		-37,316		

