								大连商品交易所 成交量_买持仓_卖持仓排名	

合约代码：cs2103		Date：2020-10-29	

			期货公司会员	

名次		会员简称	成交量		增减		
1		华泰期货	10,786		-2,964		
2		方正中期	5,506		-1,314		
3		华闻期货	3,378		-1,484		
4		国富期货	3,100		-118		
5		中信期货	3,054		655		
6		东证期货	2,919		-513		
7		中辉期货	2,907		2,890		
8		鲁证期货	2,673		-458		
9		光大期货	2,083		-2,182		
10		五矿经易	1,804		-987		
11		国泰君安	1,779		-162		
12		招商期货	1,429		63		
13		海通期货	1,404		-1,266		
14		国投安信	791		176		
15		南华期货	785		-1,476		
16		中粮期货	776		-1,420		
17		冠通期货	618		-141		
18		浙商期货	600		-858		
19		金瑞期货	573		137		
20		华安期货	474		176		
总计				47,439		-11,246		

名次		会员简称	持买单量	增减		
1		南华期货	2,504		3		
2		鲁证期货	1,602		-15		
3		中信期货	1,545		72		
4		海通期货	1,543		26		
5		招商期货	1,507		-1		
6		五矿经易	1,438		0		
7		国泰君安	1,219		48		
8		中信建投	812		9		
9		华泰期货	761		-66		
10		东证期货	431		15		
11		中粮期货	383		3		
12		锦泰期货	350		0		
13		格林大华	323		22		
14		中国国际	315		0		
15		光大期货	315		1		
16		方正中期	108		-7		
17		平安期货	96		35		
18		渤海期货	65		45		
19		上海大陆	64		30		
20		红塔期货	62		24		
总计				15,443		244		

名次		会员简称	持卖单量	增减		
1		南华期货	2,514		4		
2		中信期货	1,557		180		
3		海通期货	1,541		26		
4		招商期货	1,500		-14		
5		鲁证期货	1,487		62		
6		五矿经易	1,458		-56		
7		国泰君安	1,108		-3		
8		中信建投	809		1		
9		华泰期货	769		-24		
10		东证期货	419		-8		
11		锦泰期货	350		0		
12		光大期货	344		-14		
13		格林大华	323		22		
14		中粮期货	313		5		
15		银河期货	216		132		
16		冠通期货	189		-61		
17		东航期货	150		0		
18		东方财富	70		34		
19		金瑞期货	67		-47		
20		渤海期货	65		5		
总计				15,249		244		



会员类别	总成交量	增减		
期货公司会员	47,439		-11,246		

会员类别	总持买单量	增减		
期货公司会员	15,443		244		

会员类别	总持卖单量	增减		
期货公司会员	15,249		244		

