								大连商品交易所 成交量_买持仓_卖持仓排名	

合约代码：eb2102		Date：2020-10-29	

			期货公司会员	

名次		会员简称	成交量		增减		
1		东证期货	34,922		11,134		
2		国泰君安	33,488		28,109		
3		方正中期	27,948		21,244		
4		海通期货	17,629		6,554		
5		中信期货	13,066		5,244		
6		银河期货	10,450		-9,287		
7		迈科期货	9,503		4,137		
8		锦泰期货	8,957		275		
9		申银万国	7,272		3,901		
10		五矿经易	7,237		2,785		
11		瑞达期货	5,960		1,416		
12		中粮期货	5,909		2,553		
13		鲁证期货	5,825		2,835		
14		格林大华	5,288		2,238		
15		浙商期货	5,258		4,150		
16		国联期货	2,587		871		
17		光大期货	2,471		814		
18		华闻期货	1,794		1,099		
19		华泰期货	951		344		
20		西部期货	863		552		
总计				207,378		90,968		

名次		会员简称	持买单量	增减		
1		锦泰期货	2,707		-24		
2		鲁证期货	1,110		1		
3		中信期货	1,094		90		
4		五矿经易	998		1		
5		东吴期货	957		17		
6		国泰君安	887		60		
7		中粮期货	636		0		
8		东证期货	470		-92		
9		徽商期货	410		141		
10		瑞达期货	360		-24		
11		银河期货	346		253		
12		格林大华	301		-6		
13		浙商期货	255		59		
14		国金期货	238		102		
15		西南期货	201		41		
16		中银期货	200		178		
17		申银万国	193		10		
18		兴证期货	157		-20		
19		华安期货	143		87		
20		宏源期货	133		26		
总计				11,796		900		

名次		会员简称	持卖单量	增减		
1		锦泰期货	2,225		-229		
2		华泰期货	1,604		259		
3		五矿经易	1,197		200		
4		鲁证期货	1,112		-32		
5		中信期货	1,067		-26		
6		东吴期货	900		0		
7		东证期货	894		-26		
8		国泰君安	760		2		
9		中粮期货	601		1		
10		银河期货	384		191		
11		瑞达期货	361		-26		
12		格林大华	331		-4		
13		信达期货	310		10		
14		国富期货	309		0		
15		建信期货	165		0		
16		申银万国	122		-6		
17		迈科期货	114		0		
18		先融期货	100		100		
19		金瑞期货	75		-29		
20		海证期货	65		20		
总计				12,696		405		



会员类别	总成交量	增减		
期货公司会员	207,378		90,968		

会员类别	总持买单量	增减		
期货公司会员	11,796		900		

会员类别	总持卖单量	增减		
期货公司会员	12,696		405		

