								大连商品交易所 成交量_买持仓_卖持仓排名	

合约代码：y2105		Date：2020-10-29	

			期货公司会员	

名次		会员简称	成交量		增减		
1		东证期货	48,731		15,495		
2		光大期货	26,029		-5,209		
3		国投安信	10,112		1,320		
4		国泰君安	8,344		782		
5		国元期货	8,148		1,101		
6		宏源期货	7,373		2,011		
7		海通期货	5,979		1,776		
8		广发期货	5,777		3,911		
9		中粮期货	5,773		-3,259		
10		华泰期货	5,528		-1,044		
11		申银万国	4,923		-1,957		
12		中信期货	4,406		689		
13		华安期货	3,537		-2,846		
14		银河期货	2,795		253		
15		兴证期货	2,549		-440		
16		一德期货	2,530		-450		
17		国富期货	2,512		-366		
18		永安期货	2,390		252		
19		方正中期	2,318		-440		
20		中国国际	2,295		952		
总计				162,049		12,531		

名次		会员简称	持买单量	增减		
1		中粮期货	44,516		-936		
2		五矿经易	20,388		786		
3		国投安信	14,519		232		
4		浙商期货	14,384		45		
5		永安期货	14,135		160		
6		中财期货	12,419		-61		
7		中信期货	12,147		21		
8		天风期货	11,499		224		
9		东兴期货	9,604		7		
10		光大期货	9,402		-212		
11		华泰期货	8,522		-243		
12		一德期货	8,361		11		
13		东证期货	7,583		130		
14		广发期货	5,877		1,839		
15		大越期货	5,759		64		
16		宝城期货	5,664		37		
17		鲁证期货	4,729		256		
18		银河期货	4,629		257		
19		弘业期货	3,417		157		
20		金瑞期货	3,225		191		
总计				220,779		2,965		

名次		会员简称	持卖单量	增减		
1		中粮期货	57,815		937		
2		国投安信	37,273		-1,312		
3		一德期货	20,230		859		
4		银河期货	16,189		-936		
5		中信期货	15,673		-327		
6		摩根大通	14,031		0		
7		平安期货	11,532		512		
8		广发期货	10,103		1,764		
9		新湖期货	8,823		-172		
10		永安期货	6,519		-68		
11		五矿经易	6,182		39		
12		国泰君安	5,611		-182		
13		海通期货	5,314		73		
14		南华期货	4,761		70		
15		东证期货	4,685		511		
16		上海中期	4,682		780		
17		海证期货	4,300		38		
18		信达期货	4,154		-57		
19		华泰期货	3,994		125		
20		宏源期货	3,868		-553		
总计				245,739		2,101		



会员类别	总成交量	增减		
期货公司会员	162,049		12,531		

会员类别	总持买单量	增减		
期货公司会员	220,779		2,965		

会员类别	总持卖单量	增减		
期货公司会员	245,739		2,101		

