								大连商品交易所 成交量_买持仓_卖持仓排名	

合约代码：cs2105		Date：2020-10-29	

			期货公司会员	

名次		会员简称	成交量		增减		
1		中信期货	2,492		166		
2		华闻期货	2,112		254		
3		国泰君安	1,842		185		
4		中州期货	1,388		857		
5		华鑫期货	1,381		923		
6		光大期货	1,245		42		
7		东证期货	1,071		380		
8		中辉期货	1,021		438		
9		国联期货	935		328		
10		徽商期货	870		238		
11		银河期货	868		-2		
12		华安期货	867		145		
13		浙商期货	691		46		
14		宏源期货	661		316		
15		财信期货	645		482		
16		上海中期	628		271		
17		安粮期货	583		326		
18		一德期货	541		274		
19		新湖期货	525		15		
20		长江期货	401		132		
总计				20,767		5,816		

名次		会员简称	持买单量	增减		
1		鲁证期货	9,474		2		
2		一德期货	5,812		5		
3		中州期货	4,003		0		
4		中辉期货	1,721		34		
5		光大期货	1,421		-68		
6		宏源期货	1,227		-7		
7		永安期货	1,221		18		
8		东证期货	867		-260		
9		华泰期货	857		-81		
10		倍特期货	696		-30		
11		徽商期货	465		-4		
12		中国国际	459		0		
13		中信建投	427		-2		
14		华安期货	421		79		
15		先锋期货	390		63		
16		中信期货	384		26		
17		锦泰期货	353		0		
18		银河期货	342		0		
19		上海中期	227		18		
20		申银万国	222		0		
总计				30,989		-207		

名次		会员简称	持卖单量	增减		
1		中粮期货	4,164		-7		
2		北京首创	2,064		29		
3		国富期货	1,609		5		
4		宏源期货	1,552		-212		
5		华泰期货	1,271		0		
6		永安期货	1,103		3		
7		上海中期	978		530		
8		银河期货	969		-242		
9		方正中期	874		21		
10		中天期货	846		-74		
11		东航期货	798		37		
12		光大期货	788		-1		
13		国泰君安	691		56		
14		国联期货	688		151		
15		弘业期货	607		-103		
16		中信期货	602		-190		
17		兴证期货	601		-15		
18		海证期货	592		-36		
19		金石期货	488		-243		
20		国贸期货	468		-7		
总计				21,753		-298		



会员类别	总成交量	增减		
期货公司会员	20,767		5,816		

会员类别	总持买单量	增减		
期货公司会员	30,989		-207		

会员类别	总持卖单量	增减		
期货公司会员	21,753		-298		

