								大连商品交易所 成交量_买持仓_卖持仓排名	

合约代码：c2101		Date：2020-10-29	

			期货公司会员	

名次		会员简称	成交量		增减		
1		国泰君安	253,955		13,663		
2		东证期货	164,416		-2,114		
3		华泰期货	152,718		13,346		
4		光大期货	51,098		20,023		
5		冠通期货	48,721		4,689		
6		中信期货	48,298		19,716		
7		国富期货	46,679		6,508		
8		中辉期货	41,536		9,221		
9		兴证期货	39,032		23,099		
10		海通期货	33,600		5,946		
11		广州金控	32,532		15,398		
12		北京首创	31,782		5,459		
13		东吴期货	30,961		-1,996		
14		方正中期	26,878		1,890		
15		银河期货	26,123		2,610		
16		徽商期货	25,804		2,528		
17		申银万国	24,327		2,368		
18		华闻期货	22,856		3,191		
19		永安期货	22,632		-4,606		
20		新湖期货	21,220		12,524		
总计				1,145,168	153,463		

名次		会员简称	持买单量	增减		
1		永安期货	166,949		-2,698		
2		东证期货	84,218		3,101		
3		五矿经易	66,337		4,592		
4		中粮期货	55,726		9,512		
5		国投安信	51,829		-247		
6		光大期货	47,006		-980		
7		中信期货	46,835		-813		
8		国泰君安	41,035		-1,548		
9		华融融达	37,321		-3,463		
10		申银万国	36,353		4,361		
11		一德期货	36,202		211		
12		海证期货	29,819		839		
13		鲁证期货	29,117		-5,514		
14		北京首创	24,923		-701		
15		东兴期货	24,054		-8,990		
16		华泰期货	22,826		1,447		
17		山西三立	22,607		44		
18		浙商期货	20,221		-74		
19		海通期货	19,661		-392		
20		安粮期货	18,588		-161		
总计				881,627		-1,474		

名次		会员简称	持卖单量	增减		
1		中粮期货	209,946		520		
2		中信期货	91,826		-11,724		
3		光大期货	80,293		3,926		
4		国泰君安	59,489		470		
5		国投安信	50,626		410		
6		永安期货	50,098		-1,822		
7		南华期货	48,813		-672		
8		中国国际	40,033		128		
9		国富期货	32,478		333		
10		浙商期货	27,240		247		
11		广发期货	25,744		153		
12		华安期货	25,331		270		
13		国贸期货	23,655		-902		
14		中辉期货	20,843		-842		
15		建信期货	20,541		-4,689		
16		民生期货	19,610		758		
17		华泰期货	19,068		71		
18		一德期货	16,605		23		
19		宝城期货	15,235		118		
20		鲁证期货	15,180		-67		
总计				892,654		-13,291		



会员类别	总成交量	增减		
期货公司会员	1,145,168	153,463		

会员类别	总持买单量	增减		
期货公司会员	881,627		-1,474		

会员类别	总持卖单量	增减		
期货公司会员	892,654		-13,291		

