								大连商品交易所 成交量_买持仓_卖持仓排名	

合约代码：m2105		Date：2020-10-29	

			期货公司会员	

名次		会员简称	成交量		增减		
1		东证期货	233,272		33,650		
2		五矿经易	78,260		69,598		
3		国泰君安	60,361		16,194		
4		新湖期货	44,681		29,941		
5		中信期货	44,615		10,344		
6		光大期货	38,532		8,517		
7		银河期货	35,124		15,697		
8		永安期货	34,647		23,629		
9		国投安信	31,443		6,203		
10		海通期货	29,776		5,400		
11		浙商期货	26,102		-6,582		
12		华泰期货	22,564		6,624		
13		格林大华	19,458		8,351		
14		国富期货	18,907		10,596		
15		申银万国	17,158		-100		
16		华安期货	15,221		4,718		
17		方正中期	14,690		7,052		
18		长江期货	14,461		6,005		
19		宏源期货	14,443		4,504		
20		中粮期货	13,788		-326		
总计				807,503		260,015		

名次		会员简称	持买单量	增减		
1		永安期货	85,304		-9,052		
2		银河期货	55,227		14,683		
3		浙商期货	39,812		29		
4		宏源期货	35,490		-1,443		
5		东吴期货	34,175		3,080		
6		申银万国	32,381		5,464		
7		摩根大通	31,506		5,200		
8		光大期货	31,142		-334		
9		一德期货	26,034		-33		
10		国泰君安	25,369		2,883		
11		国投安信	24,807		3,411		
12		东证期货	23,966		-3,673		
13		中粮期货	23,378		367		
14		海通期货	23,272		-244		
15		五矿经易	22,011		-68,166		
16		华泰期货	21,994		1,216		
17		中信期货	19,852		1,822		
18		宝城期货	18,621		5,103		
19		国富期货	17,468		-2,345		
20		大地期货	16,321		-3,765		
总计				608,130		-45,797		

名次		会员简称	持卖单量	增减		
1		中粮期货	291,869		-1,061		
2		国投安信	185,904		-4,928		
3		银河期货	89,111		-6,355		
4		广发期货	54,061		-183		
5		中信期货	42,008		97		
6		国泰君安	33,881		-310		
7		海通期货	33,375		172		
8		永安期货	32,418		695		
9		新湖期货	27,896		-1,845		
10		南华期货	27,707		-359		
11		渤海期货	27,039		77		
12		鲁证期货	26,530		-136		
13		一德期货	24,991		-2,171		
14		北京首创	24,367		-1,068		
15		摩根大通	17,100		-1,423		
16		平安期货	16,660		-2,776		
17		五矿经易	14,072		-150		
18		建信期货	13,844		-171		
19		宏源期货	11,531		-48		
20		冠通期货	10,493		-102		
总计				1,004,857	-22,045		



会员类别	总成交量	增减		
期货公司会员	807,503		260,015		

会员类别	总持买单量	增减		
期货公司会员	608,130		-45,797		

会员类别	总持卖单量	增减		
期货公司会员	1,004,857	-22,045		

