								大连商品交易所 成交量_买持仓_卖持仓排名	

合约代码：m2109		Date：2020-10-29	

			期货公司会员	

名次		会员简称	成交量		增减		
1		东证期货	32,617		6,120		
2		美尔雅期货	10,207		-5,590		
3		迈科期货	10,009		4,284		
4		光大期货	8,411		1,007		
5		国泰君安	7,626		-795		
6		银河期货	6,674		6,237		
7		华闻期货	6,503		2,083		
8		中天期货	5,540		-403		
9		安粮期货	4,086		1,233		
10		摩根大通	3,650		3,360		
11		宏源期货	3,396		1,751		
12		海通期货	3,127		502		
13		永安期货	3,081		2,190		
14		中粮期货	3,038		1,571		
15		中信期货	2,983		1,641		
16		招金期货	2,568		-1,653		
17		新湖期货	2,551		1,765		
18		先锋期货	2,359		1,686		
19		方正中期	2,337		-640		
20		华安期货	2,224		850		
总计				122,987		27,199		

名次		会员简称	持买单量	增减		
1		安粮期货	13,085		939		
2		华闻期货	11,713		2,238		
3		海通期货	10,687		303		
4		永安期货	10,406		695		
5		格林大华	8,380		412		
6		华泰期货	7,563		153		
7		中粮期货	7,361		267		
8		长江期货	4,906		-63		
9		大地期货	4,836		282		
10		国投安信	4,380		360		
11		江苏东华	4,018		-199		
12		浙商期货	3,821		68		
13		申银万国	3,215		-40		
14		国富期货	3,193		-26		
15		东证期货	3,111		1,322		
16		华金期货	3,065		17		
17		华安期货	2,888		165		
18		中信期货	2,832		319		
19		广发期货	2,758		251		
20		中辉期货	2,593		-103		
总计				114,811		7,360		

名次		会员简称	持卖单量	增减		
1		摩根大通	53,038		3,587		
2		永安期货	23,604		180		
3		中粮期货	18,321		-73		
4		银河期货	13,740		6,015		
5		国投安信	9,741		68		
6		新湖期货	8,427		48		
7		平安期货	7,778		-6		
8		五矿经易	5,812		-369		
9		一德期货	5,111		61		
10		华泰期货	5,086		-14		
11		宏源期货	4,246		-129		
12		北京首创	3,863		1		
13		海证期货	3,046		20		
14		中天期货	2,368		-167		
15		国元期货	2,361		-18		
16		国泰君安	2,277		-125		
17		招金期货	1,703		832		
18		国富期货	1,352		996		
19		弘业期货	1,242		-12		
20		南华期货	1,033		-60		
总计				174,149		10,835		



会员类别	总成交量	增减		
期货公司会员	122,987		27,199		

会员类别	总持买单量	增减		
期货公司会员	114,811		7,360		

会员类别	总持卖单量	增减		
期货公司会员	174,149		10,835		

