								大连商品交易所 成交量_买持仓_卖持仓排名	

合约代码：y2105		Date：2020-11-17	

			期货公司会员	

名次		会员简称	成交量		增减		
1		东证期货	86,021		-2,826		
2		兴证期货	43,905		15,081		
3		光大期货	43,418		-4,392		
4		国投安信	12,866		9,192		
5		浙商期货	12,488		8,542		
6		华泰期货	12,143		7,062		
7		中信期货	11,723		-416		
8		一德期货	11,668		3,600		
9		宏源期货	11,613		-1,205		
10		国泰君安	10,163		-6,324		
11		申银万国	9,835		1,032		
12		银河期货	9,131		3,544		
13		广发期货	8,286		2,133		
14		海通期货	8,225		-7,947		
15		永安期货	8,026		-472		
16		国元期货	7,836		370		
17		华安期货	6,561		271		
18		国富期货	6,332		799		
19		格林大华	6,157		4,275		
20		中粮期货	5,519		915		
总计				331,916		33,234		

名次		会员简称	持买单量	增减		
1		中粮期货	44,133		-192		
2		永安期货	34,374		3,818		
3		浙商期货	25,697		1,302		
4		五矿经易	25,300		312		
5		一德期货	16,769		333		
6		天风期货	16,303		741		
7		中信期货	15,417		-523		
8		国投安信	14,172		2,036		
9		东证期货	12,525		651		
10		国泰君安	11,155		175		
11		大越期货	10,405		207		
12		东兴期货	9,835		2		
13		国盛期货	9,229		-1		
14		兴证期货	8,299		121		
15		广发期货	7,973		47		
16		华泰期货	7,261		-72		
17		银河期货	5,939		1,726		
18		宝城期货	5,457		246		
19		大地期货	4,896		-8		
20		申银万国	4,889		505		
总计				290,028		11,426		

名次		会员简称	持卖单量	增减		
1		中粮期货	63,221		1,367		
2		国投安信	52,559		3,054		
3		一德期货	31,338		7,175		
4		银河期货	30,114		-999		
5		摩根大通	21,857		198		
6		中信期货	18,954		1,128		
7		国富期货	17,838		519		
8		国泰君安	11,873		54		
9		五矿经易	11,536		817		
10		平安期货	11,300		37		
11		新湖期货	8,792		-124		
12		海通期货	8,592		254		
13		东证期货	7,602		-102		
14		永安期货	7,252		134		
15		广发期货	6,062		-4,713		
16		南华期货	5,588		36		
17		中财期货	5,066		806		
18		华安期货	4,855		1,562		
19		北京首创	4,730		-470		
20		华泰期货	4,687		-11		
总计				333,816		10,722		



会员类别	总成交量	增减		
期货公司会员	331,916		33,234		

会员类别	总持买单量	增减		
期货公司会员	290,028		11,426		

会员类别	总持卖单量	增减		
期货公司会员	333,816		10,722		

