								大连商品交易所 成交量_买持仓_卖持仓排名	

合约代码：eb2103		Date：2020-11-17	

			期货公司会员	

名次		会员简称	成交量		增减		
1		中信期货	13,399		5,188		
2		东证期货	12,339		6,235		
3		国泰君安	11,143		-3,431		
4		锦泰期货	7,724		3,198		
5		申银万国	6,552		-1,810		
6		五矿经易	4,979		2,022		
7		东海期货	4,871		4,696		
8		银河期货	4,489		735		
9		鲁证期货	4,233		868		
10		迈科期货	4,195		1,065		
11		海通期货	3,834		57		
12		华闻期货	2,744		-1,184		
13		方正中期	2,257		-1,683		
14		东吴期货	689		75		
15		永安期货	607		288		
16		南华期货	567		-206		
17		中财期货	535		428		
18		徽商期货	396		160		
19		中信建投	390		289		
20		天风期货	325		309		
总计				86,268		17,299		

名次		会员简称	持买单量	增减		
1		华泰期货	4,776		146		
2		中信期货	1,390		160		
3		国泰君安	1,337		-58		
4		五矿经易	1,175		15		
5		鲁证期货	720		-3		
6		一德期货	697		112		
7		东证期货	682		9		
8		锦泰期货	560		-325		
9		银河期货	291		-138		
10		徽商期货	244		74		
11		申银万国	220		45		
12		南华期货	200		160		
13		国金期货	132		-51		
14		先锋期货	108		0		
15		中衍期货	107		0		
16		海通期货	105		-109		
17		方正中期	100		20		
18		北京首创	95		92		
19		中信建投	52		-1		
20		兴证期货	51		30		
总计				13,042		178		

名次		会员简称	持卖单量	增减		
1		国泰君安	1,832		331		
2		中信期货	1,556		147		
3		五矿经易	1,402		36		
4		永安期货	972		87		
5		东证期货	758		12		
6		锦泰期货	692		-193		
7		银河期货	644		289		
8		鲁证期货	605		10		
9		南华期货	533		7		
10		迈科期货	326		82		
11		建信期货	231		-210		
12		平安期货	226		28		
13		信达期货	200		0		
14		浙江新世纪	200		200		
15		申银万国	199		19		
16		浙商期货	197		-85		
17		渤海期货	180		15		
18		弘业期货	159		0		
19		海通期货	155		-97		
20		中国国际	154		17		
总计				11,221		695		



会员类别	总成交量	增减		
期货公司会员	86,268		17,299		

会员类别	总持买单量	增减		
期货公司会员	13,042		178		

会员类别	总持卖单量	增减		
期货公司会员	11,221		695		

