								大连商品交易所 成交量_买持仓_卖持仓排名	

合约代码：p2105		Date：2020-11-17	

			期货公司会员	

名次		会员简称	成交量		增减		
1		东证期货	38,119		9,951		
2		光大期货	19,776		-8,389		
3		中信期货	10,662		-894		
4		兴证期货	10,361		-5,695		
5		浙商期货	10,071		3,573		
6		宏源期货	9,614		-1,636		
7		国元期货	9,086		352		
8		华创期货	8,683		1,677		
9		国富期货	6,718		-5,931		
10		徽商期货	5,241		2,049		
11		华泰期货	4,723		-3,335		
12		海通期货	4,675		-1,359		
13		国泰君安	3,767		-3,451		
14		上海中期	3,619		1,965		
15		银河期货	3,580		1,571		
16		中粮期货	3,477		-1,802		
17		一德期货	3,171		-337		
18		申银万国	3,054		-559		
19		永安期货	2,996		-3,429		
20		华安期货	2,931		-643		
总计				164,324		-16,322		

名次		会员简称	持买单量	增减		
1		永安期货	13,772		311		
2		天风期货	10,326		-29		
3		国泰君安	10,272		1,998		
4		浙商期货	9,943		618		
5		国投安信	9,101		-40		
6		大地期货	8,922		-22		
7		中信期货	8,480		-153		
8		大越期货	6,973		1		
9		国盛期货	6,448		0		
10		华泰期货	6,209		-62		
11		东证期货	5,986		242		
12		北京首创	5,948		-1,423		
13		国富期货	5,917		150		
14		中粮期货	4,778		-242		
15		光大期货	4,085		23		
16		五矿经易	3,123		108		
17		一德期货	2,951		-925		
18		银河期货	2,910		2,003		
19		广发期货	2,816		7		
20		东海期货	2,687		234		
总计				131,647		2,799		

名次		会员简称	持卖单量	增减		
1		一德期货	20,993		-262		
2		银河期货	15,859		201		
3		中粮期货	14,931		1,103		
4		国投安信	8,509		190		
5		永安期货	8,471		69		
6		中信期货	8,230		221		
7		中融汇信	7,508		-169		
8		国贸期货	6,689		-74		
9		东证期货	6,167		97		
10		上海中期	5,845		-940		
11		弘业期货	5,401		1,287		
12		华融融达	5,266		-157		
13		海通期货	4,606		73		
14		摩根大通	4,575		-1,000		
15		广发期货	4,447		-632		
16		五矿经易	3,162		197		
17		海证期货	3,138		31		
18		华泰期货	3,014		493		
19		英大期货	2,786		47		
20		国泰君安	1,839		1		
总计				141,436		776		



会员类别	总成交量	增减		
期货公司会员	164,324		-16,322		

会员类别	总持买单量	增减		
期货公司会员	131,647		2,799		

会员类别	总持卖单量	增减		
期货公司会员	141,436		776		

