								大连商品交易所 成交量_买持仓_卖持仓排名	

合约代码：cs2101		Date：2020-11-17	

			期货公司会员	

名次		会员简称	成交量		增减		
1		华泰期货	36,085		-7,850		
2		东证期货	19,018		-5,701		
3		国泰君安	18,526		-3,599		
4		国富期货	12,425		-5,349		
5		中信期货	8,610		-2,001		
6		兴证期货	8,073		2,092		
7		海通期货	6,969		741		
8		五矿经易	4,686		2,086		
9		宝城期货	3,471		2,148		
10		银河期货	3,340		-6,556		
11		徽商期货	3,159		-300		
12		新湖期货	2,879		-1,314		
13		金瑞期货	2,765		-3		
14		光大期货	2,669		-843		
15		天风期货	2,324		-73		
16		永安期货	2,104		-939		
17		华闻期货	2,094		-755		
18		国投安信	1,973		89		
19		东吴期货	1,952		-2,819		
20		东方财富	1,862		72		
总计				144,984		-30,874		

名次		会员简称	持买单量	增减		
1		中粮期货	8,145		-104		
2		中信期货	7,096		407		
3		鲁证期货	6,835		32		
4		广发期货	5,090		58		
5		永安期货	4,904		-465		
6		弘业期货	4,407		-7		
7		一德期货	4,225		11		
8		新湖期货	4,211		-147		
9		华泰期货	3,761		146		
10		东证期货	2,732		278		
11		国泰君安	2,689		-727		
12		兴证期货	2,629		504		
13		华融融达	2,445		-34		
14		中国国际	1,859		148		
15		天风期货	1,774		-21		
16		银河期货	1,738		136		
17		中辉期货	1,728		267		
18		海证期货	1,718		85		
19		宏源期货	1,546		-81		
20		中信建投	1,518		-78		
总计				71,050		408		

名次		会员简称	持卖单量	增减		
1		中信期货	8,557		135		
2		国泰君安	8,237		111		
3		国金期货	7,974		18		
4		金瑞期货	7,552		8		
5		南华期货	5,236		130		
6		广发期货	4,836		522		
7		国投安信	4,421		531		
8		中粮期货	3,989		-63		
9		宏源期货	3,241		283		
10		鲁证期货	3,230		281		
11		永安期货	3,218		-195		
12		中信建投	2,629		-162		
13		华泰期货	2,573		-41		
14		平安期货	2,541		-39		
15		兴证期货	2,407		-43		
16		五矿经易	2,156		1,249		
17		方正中期	2,104		-322		
18		光大期货	2,030		41		
19		银河期货	1,561		102		
20		申银万国	1,522		53		
总计				80,014		2,599		



会员类别	总成交量	增减		
期货公司会员	144,984		-30,874		

会员类别	总持买单量	增减		
期货公司会员	71,050		408		

会员类别	总持卖单量	增减		
期货公司会员	80,014		2,599		

