								大连商品交易所 成交量_买持仓_卖持仓排名	

合约代码：m2108		Date：2020-11-17	

			期货公司会员	

名次		会员简称	成交量		增减		
1		申银万国	5,527		-70		
2		海通期货	3,694		-12,031		
3		国泰君安	3,565		-1,247		
4		华闻期货	2,926		-1,651		
5		弘业期货	2,295		-246		
6		中信期货	2,130		955		
7		鲁证期货	1,796		153		
8		南华期货	1,681		-2,986		
9		五矿经易	1,644		-78		
10		国富期货	1,628		-1,962		
11		华融融达	1,399		-122		
12		中天期货	1,383		-164		
13		方正中期	1,218		-704		
14		东证期货	1,194		755		
15		国海良时	1,029		-1,266		
16		招商期货	820		-213		
17		浙商期货	643		-2,163		
18		国投安信	633		-2,132		
19		华安期货	442		-503		
20		宏源期货	296		-60		
总计				35,943		-25,735		

名次		会员简称	持买单量	增减		
1		申银万国	2,112		4		
2		招商期货	1,587		0		
3		国投安信	1,531		7		
4		海通期货	1,286		71		
5		弘业期货	996		8		
6		五矿经易	818		0		
7		鲁证期货	626		0		
8		浙商期货	570		-11		
9		国泰君安	491		-2		
10		国海良时	489		-18		
11		一德期货	320		-2		
12		国富期货	310		0		
13		南华期货	310		0		
14		华鑫期货	171		-16		
15		银河期货	138		-67		
16		方正中期	102		-10		
17		东吴期货	100		0		
18		中信期货	86		-1		
19		华闻期货	74		62		
20		新湖期货	61		-2		
总计				12,178		23		

名次		会员简称	持卖单量	增减		
1		申银万国	2,101		-31		
2		招商期货	1,533		-58		
3		国投安信	1,520		6		
4		摩根大通	1,463		0		
5		海通期货	1,317		71		
6		五矿经易	795		0		
7		鲁证期货	672		42		
8		浙商期货	513		-10		
9		国海良时	508		-13		
10		华鑫期货	335		20		
11		国富期货	310		-4		
12		南华期货	310		-9		
13		国泰君安	247		-1		
14		西南期货	233		5		
15		上海中期	137		-15		
16		广州金控	135		0		
17		新湖期货	72		0		
18		东证期货	66		29		
19		中天期货	60		45		
20		徽商期货	54		38		
总计				12,381		115		



会员类别	总成交量	增减		
期货公司会员	35,943		-25,735		

会员类别	总持买单量	增减		
期货公司会员	12,178		23		

会员类别	总持卖单量	增减		
期货公司会员	12,381		115		

