								大连商品交易所 成交量_买持仓_卖持仓排名	

合约代码：pp2101		Date：2020-11-17	

			期货公司会员	

名次		会员简称	成交量		增减		
1		东证期货	168,867		-52,361		
2		中信期货	64,646		-23,850		
3		国泰君安	56,966		-14,055		
4		海通期货	33,434		-932		
5		国富期货	32,196		-14,345		
6		方正中期	28,584		-7,370		
7		兴证期货	25,100		-4,026		
8		华泰期货	24,147		-7,420		
9		国投安信	19,987		-12,179		
10		徽商期货	17,150		-8,912		
11		永安期货	14,572		-6,399		
12		华安期货	12,832		-8,684		
13		华闻期货	12,569		-5,398		
14		安粮期货	12,516		1,253		
15		东方财富	11,007		-4,876		
16		银河期货	10,905		-14,971		
17		弘业期货	10,297		-3,020		
18		中信建投	9,955		-3,980		
19		中大期货	9,204		-1,902		
20		先锋期货	8,659		-2,218		
总计				583,593		-195,645	

名次		会员简称	持买单量	增减		
1		中信期货	55,023		-497		
2		永安期货	25,841		-5,476		
3		华泰期货	12,389		-1,429		
4		国泰君安	11,621		-1,397		
5		东证期货	10,306		462		
6		兴证期货	8,577		-1,399		
7		海通期货	7,455		-3,984		
8		国投安信	7,403		-245		
9		东海期货	7,338		-1,413		
10		宏源期货	6,417		-65		
11		方正中期	6,000		-363		
12		中粮期货	5,985		235		
13		南华期货	5,156		874		
14		华安期货	5,030		337		
15		瑞达期货	4,834		-157		
16		银河期货	4,522		-1		
17		东航期货	4,470		-168		
18		国贸期货	4,461		893		
19		国信期货	4,360		988		
20		申银万国	4,279		-1,160		
总计				201,467		-13,965		

名次		会员简称	持卖单量	增减		
1		永安期货	20,703		-358		
2		浙商期货	17,738		-1,367		
3		中信期货	13,343		665		
4		华泰期货	12,839		38		
5		国泰君安	12,426		-691		
6		南华期货	11,955		-594		
7		国投安信	11,140		-1,018		
8		瑞达期货	10,619		-256		
9		广发期货	9,866		-57		
10		国信期货	9,650		-251		
11		长江期货	8,860		-1,073		
12		鲁证期货	8,392		-336		
13		国海良时	8,176		-226		
14		中信建投	7,840		-439		
15		银河期货	7,769		-1,596		
16		方正中期	7,209		-805		
17		光大期货	6,720		-73		
18		东证期货	5,968		-529		
19		华安期货	5,682		173		
20		徽商期货	5,647		-678		
总计				202,542		-9,471		



会员类别	总成交量	增减		
期货公司会员	583,593		-195,645	

会员类别	总持买单量	增减		
期货公司会员	201,467		-13,965		

会员类别	总持卖单量	增减		
期货公司会员	202,542		-9,471		

