								大连商品交易所 成交量_买持仓_卖持仓排名	

合约代码：v2101		Date：2020-11-17	

			期货公司会员	

名次		会员简称	成交量		增减		
1		东证期货	148,216		-43,105		
2		兴证期货	45,321		-12,791		
3		中信建投	30,676		-14,512		
4		国泰君安	26,831		-3,943		
5		华金期货	19,162		-1,736		
6		国富期货	17,150		-8,289		
7		中信期货	15,188		-8,671		
8		永安期货	14,015		-4,435		
9		华泰期货	13,062		-2,594		
10		海通期货	8,854		-3,273		
11		银河期货	7,424		-4,170		
12		方正中期	6,649		-6,736		
13		南华期货	6,095		-1,726		
14		中辉期货	5,708		-2,743		
15		徽商期货	5,448		-3,614		
16		申银万国	5,137		-5,047		
17		东方财富	4,980		-2,121		
18		中粮期货	4,875		605		
19		国投安信	4,858		-976		
20		浙商期货	4,374		-3,286		
总计				394,023		-133,163	

名次		会员简称	持买单量	增减		
1		永安期货	39,881		-4,244		
2		中信期货	19,085		554		
3		华泰期货	15,005		1,176		
4		东证期货	12,129		4,562		
5		国泰君安	9,394		15		
6		天风期货	8,833		414		
7		国投安信	8,663		-474		
8		一德期货	7,807		-76		
9		银河期货	7,759		-690		
10		南华期货	6,130		-435		
11		申银万国	6,036		-576		
12		兴证期货	5,908		858		
13		美尔雅期货	5,827		-114		
14		鲁证期货	5,809		562		
15		海通期货	5,646		-2,639		
16		中财期货	5,233		219		
17		中粮期货	5,173		313		
18		中信建投	5,140		255		
19		北京首创	5,048		-350		
20		方正中期	4,741		-1,483		
总计				189,247		-2,153		

名次		会员简称	持卖单量	增减		
1		永安期货	34,057		-275		
2		国信期货	21,835		0		
3		兴业期货	11,543		-84		
4		建信期货	11,228		-901		
5		中财期货	10,927		487		
6		中信期货	10,262		350		
7		浙商期货	10,067		-12		
8		国贸期货	10,042		-167		
9		一德期货	9,337		-76		
10		中信建投	8,951		-161		
11		东证期货	8,381		116		
12		中国国际	8,205		-86		
13		国泰君安	8,004		244		
14		大地期货	7,948		-190		
15		申银万国	7,448		-1,211		
16		方正中期	7,444		330		
17		华泰期货	6,770		-386		
18		广发期货	5,874		-81		
19		银河期货	5,654		-594		
20		宏源期货	5,217		-16		
总计				209,194		-2,713		



会员类别	总成交量	增减		
期货公司会员	394,023		-133,163	

会员类别	总持买单量	增减		
期货公司会员	189,247		-2,153		

会员类别	总持卖单量	增减		
期货公司会员	209,194		-2,713		

