								大连商品交易所 成交量_买持仓_卖持仓排名	

合约代码：y2107		Date：2020-11-17	

			期货公司会员	

名次		会员简称	成交量		增减		
1		东证期货	14,309		-3,124		
2		光大期货	8,013		-953		
3		中天期货	7,647		-790		
4		国富期货	7,627		-25,425		
5		中信期货	3,620		-14		
6		宏源期货	3,243		961		
7		方正中期	2,046		-743		
8		鲁证期货	2,021		-946		
9		锦泰期货	1,955		-940		
10		申银万国	1,864		-592		
11		中信建投	1,678		-602		
12		海通期货	1,572		-6,840		
13		五矿经易	1,564		-225		
14		格林大华	1,550		-680		
15		华泰期货	1,184		216		
16		招商期货	1,044		26		
17		华西期货	908		-2,052		
18		金瑞期货	782		263		
19		一德期货	761		-1,815		
20		华闻期货	717		-306		
总计				64,105		-44,581		

名次		会员简称	持买单量	增减		
1		国泰君安	3,801		2		
2		中信期货	2,001		2		
3		招商期货	1,266		51		
4		中信建投	1,006		9		
5		浙商期货	569		-5		
6		鲁证期货	536		-29		
7		东吴期货	400		0		
8		新湖期货	382		-64		
9		光大期货	361		-7		
10		五矿经易	236		0		
11		创元期货	227		34		
12		方正中期	226		14		
13		华泰期货	201		-14		
14		海通期货	181		71		
15		一德期货	181		181		
16		中大期货	153		0		
17		东证期货	127		-21		
18		中财期货	122		0		
19		国信期货	107		83		
20		中天期货	104		-9		
总计				12,187		298		

名次		会员简称	持卖单量	增减		
1		国泰君安	3,743		-6		
2		中信期货	1,673		4		
3		招商期货	1,238		29		
4		中信建投	993		9		
5		鲁证期货	577		-4		
6		浙商期货	570		-6		
7		新湖期货	515		-27		
8		广发期货	508		-8		
9		东吴期货	402		1		
10		光大期货	396		-18		
11		五矿经易	285		50		
12		一德期货	271		158		
13		国富期货	225		-138		
14		创元期货	213		29		
15		海通期货	210		85		
16		东证期货	203		-24		
17		方正中期	199		14		
18		兴证期货	199		73		
19		中大期货	152		2		
20		美尔雅期货	137		10		
总计				12,709		233		



会员类别	总成交量	增减		
期货公司会员	64,105		-44,581		

会员类别	总持买单量	增减		
期货公司会员	12,187		298		

会员类别	总持卖单量	增减		
期货公司会员	12,709		233		

