								大连商品交易所 成交量_买持仓_卖持仓排名	

合约代码：pp2110		Date：2021-06-09	

			期货公司会员	

名次		会员简称	成交量		增减		
1		国投安信	15,839		2,458		
2		东证期货	5,090		-3,066		
3		五矿经易	4,851		-840		
4		国海良时	4,026		2,264		
5		东海期货	3,996		-676		
6		银河期货	3,138		-790		
7		中信期货	3,074		-1,059		
8		申银万国	2,753		-1,390		
9		东吴期货	2,587		-1,699		
10		国富期货	2,212		-233		
11		南华期货	1,981		784		
12		华泰期货	1,751		-1,153		
13		国泰君安	1,728		113		
14		恒泰期货	1,366		368		
15		海证期货	1,301		327		
16		中粮期货	1,290		339		
17		国信期货	979		-264		
18		广发期货	952		825		
19		安粮期货	946		-1,150		
20		华闻期货	938		-139		
总计				60,798		-4,981		

名次		会员简称	持买单量	增减		
1		中信期货	7,365		-26		
2		国泰君安	4,696		-110		
3		五矿经易	4,214		17		
4		国富期货	3,546		-230		
5		申银万国	3,479		35		
6		海证期货	3,063		-200		
7		国投安信	2,918		-766		
8		银河期货	2,514		-55		
9		南华期货	2,234		2		
10		中粮期货	2,213		0		
11		恒泰期货	2,203		101		
12		国信期货	2,196		8		
13		宏源期货	1,626		-2		
14		海通期货	1,311		6		
15		华安期货	1,039		-31		
16		东证期货	839		20		
17		安粮期货	711		-118		
18		新湖期货	708		0		
19		方正中期	695		-12		
20		国海良时	655		6		
总计				48,225		-1,355		

名次		会员简称	持卖单量	增减		
1		中信期货	7,442		30		
2		国泰君安	4,911		-108		
3		五矿经易	4,060		22		
4		申银万国	3,604		10		
5		国富期货	3,527		-252		
6		海证期货	3,485		-95		
7		国投安信	2,846		-769		
8		国信期货	2,599		-15		
9		恒泰期货	2,203		101		
10		南华期货	2,202		-15		
11		中粮期货	2,201		0		
12		安粮期货	2,020		456		
13		银河期货	1,708		9		
14		海通期货	1,387		-13		
15		东证期货	812		-86		
16		华安期货	765		-13		
17		瑞达期货	711		-3		
18		新湖期货	708		0		
19		东海期货	708		-106		
20		东吴期货	689		18		
总计				48,588		-829		



会员类别	总成交量	增减		
期货公司会员	60,798		-4,981		

会员类别	总持买单量	增减		
期货公司会员	48,225		-1,355		

会员类别	总持卖单量	增减		
期货公司会员	48,588		-829		

