								大连商品交易所 成交量_买持仓_卖持仓排名	

合约代码：p2201		Date：2021-06-09	

			期货公司会员	

名次		会员简称	成交量		增减		
1		东证期货	14,656		1,154		
2		华泰期货	10,936		-1,558		
3		中信期货	9,483		-539		
4		国泰君安	7,903		-378		
5		国富期货	7,421		3,336		
6		国投安信	5,662		4,131		
7		光大期货	4,379		-940		
8		华闻期货	3,143		863		
9		申银万国	3,027		-425		
10		永安期货	2,972		2,251		
11		广发期货	2,714		38		
12		摩根大通	2,360		1,960		
13		宏源期货	1,838		200		
14		海通期货	1,709		58		
15		中粮期货	1,479		363		
16		方正中期	1,446		47		
17		英大期货	1,402		560		
18		国元期货	1,385		-586		
19		西部期货	1,316		-175		
20		南华期货	1,295		700		
总计				86,526		11,060		

名次		会员简称	持买单量	增减		
1		国泰君安	12,824		989		
2		国富期货	8,426		-2,070		
3		国投安信	7,693		2,919		
4		中粮期货	6,290		224		
5		广发期货	4,732		1,224		
6		摩根大通	2,576		589		
7		国贸期货	2,210		34		
8		平安期货	2,197		-39		
9		银河期货	1,722		65		
10		东证期货	1,572		80		
11		中州期货	1,549		153		
12		英大期货	1,369		853		
13		上海中期	1,332		-3		
14		乾坤期货	1,200		0		
15		北京首创	853		24		
16		国信期货	833		8		
17		方正中期	823		57		
18		中信期货	792		30		
19		光大期货	737		48		
20		兴证期货	735		324		
总计				60,465		5,509		

名次		会员简称	持卖单量	增减		
1		银河期货	13,252		32		
2		建信期货	5,931		-256		
3		国富期货	5,772		499		
4		国投安信	5,566		1,189		
5		国泰君安	2,896		-68		
6		中粮期货	2,635		7		
7		一德期货	2,623		-159		
8		中信期货	2,518		43		
9		中融汇信	2,252		7		
10		永安期货	2,114		-163		
11		东证期货	1,625		-138		
12		国海良时	1,454		-6		
13		华融融达	1,332		-255		
14		宁证期货	1,303		-5		
15		上海中期	1,301		-5		
16		浙商期货	1,248		35		
17		申银万国	1,057		17		
18		国信期货	945		187		
19		华泰期货	854		137		
20		金瑞期货	840		174		
总计				57,518		1,272		



会员类别	总成交量	增减		
期货公司会员	86,526		11,060		

会员类别	总持买单量	增减		
期货公司会员	60,465		5,509		

会员类别	总持卖单量	增减		
期货公司会员	57,518		1,272		

