								大连商品交易所 成交量_买持仓_卖持仓排名	

合约代码：p2112		Date：2021-06-09	

			期货公司会员	

名次		会员简称	成交量		增减		
1		国泰君安	1,434		170		
2		中信期货	806		230		
3		华闻期货	754		158		
4		光大期货	706		292		
5		浙商期货	650		243		
6		东吴期货	400		397		
7		鲁证期货	340		70		
8		中粮期货	298		294		
9		五矿经易	282		6		
10		锦泰期货	168		-154		
11		兴证期货	140		47		
12		招商期货	100		-20		
13		弘业期货	99		99		
14		海证期货	99		51		
15		东证期货	54		40		
16		宏源期货	48		30		
17		招金期货	44		-22		
18		中投期货	27		-162		
19		国海良时	15		15		
20		永安期货	12		8		
总计				6,476		1,792		

名次		会员简称	持买单量	增减		
1		中信期货	5,456		-1		
2		国泰君安	4,302		-4		
3		光大期货	3,539		118		
4		国盛期货	2,500		0		
5		国富期货	1,908		1		
6		华闻期货	1,427		127		
7		长江期货	1,370		0		
8		鲁证期货	1,248		0		
9		五矿经易	1,197		39		
10		招商期货	993		-3		
11		海通期货	906		0		
12		东证期货	810		0		
13		浙商期货	801		-1		
14		中衍期货	700		0		
15		东吴期货	671		-200		
16		中粮期货	652		149		
17		华泰期货	561		0		
18		财信期货	540		0		
19		华西期货	430		0		
20		国元期货	410		0		
总计				30,421		225		

名次		会员简称	持卖单量	增减		
1		中信期货	5,460		-7		
2		国泰君安	4,303		-4		
3		光大期货	3,535		114		
4		国盛期货	2,500		0		
5		国富期货	1,913		-4		
6		长江期货	1,370		0		
7		华闻期货	1,300		-57		
8		鲁证期货	1,248		0		
9		五矿经易	1,197		39		
10		招商期货	996		1		
11		海通期货	906		0		
12		东证期货	858		46		
13		浙商期货	801		-1		
14		中衍期货	700		0		
15		东吴期货	668		-200		
16		中粮期货	650		149		
17		华泰期货	625		0		
18		财信期货	540		0		
19		华西期货	430		0		
20		国元期货	411		0		
总计				30,411		76		



会员类别	总成交量	增减		
期货公司会员	6,476		1,792		

会员类别	总持买单量	增减		
期货公司会员	30,421		225		

会员类别	总持卖单量	增减		
期货公司会员	30,411		76		

