								大连商品交易所 成交量_买持仓_卖持仓排名	

合约代码：y2109		Date：2021-06-09	

			期货公司会员	

名次		会员简称	成交量		增减		
1		东证期货	208,333		-40,490		
2		华泰期货	192,052		-45,173		
3		光大期货	123,492		2,893		
4		中信期货	117,973		-31,378		
5		海通期货	98,766		3,756		
6		国富期货	84,751		-3,419		
7		兴证期货	58,608		20,233		
8		华西期货	56,171		-6,169		
9		国泰君安	47,247		-21,905		
10		国投安信	34,605		-11,606		
11		申银万国	31,545		-6,118		
12		华闻期货	25,758		-13,280		
13		新湖期货	25,341		-30,088		
14		银河期货	25,131		-2,016		
15		方正中期	24,912		-3,435		
16		五矿经易	23,211		16,127		
17		徽商期货	18,617		-2,848		
18		宏源期货	16,771		-1,855		
19		华安期货	16,393		-2,317		
20		平安期货	14,434		3,886		
总计				1,244,111	-175,202	

名次		会员简称	持买单量	增减		
1		中信期货	37,458		-4,119		
2		一德期货	34,540		-548		
3		永安期货	30,925		-840		
4		银河期货	25,602		-139		
5		国泰君安	24,174		-1,104		
6		国富期货	21,166		-803		
7		中粮期货	19,142		460		
8		海通期货	15,902		3,148		
9		西部期货	15,682		-3,706		
10		国投安信	13,712		-178		
11		华泰期货	13,441		-730		
12		东证期货	13,343		417		
13		中信建投	8,574		-278		
14		浙商期货	8,254		-25		
15		北京首创	7,832		-1,029		
16		兴证期货	7,753		397		
17		中金期货	7,627		-1,802		
18		五矿经易	7,501		619		
19		申银万国	7,149		149		
20		光大期货	6,944		-361		
总计				326,721		-10,472		

名次		会员简称	持卖单量	增减		
1		中粮期货	74,530		-871		
2		国投安信	32,484		-1,499		
3		摩根大通	29,949		-274		
4		永安期货	29,208		-261		
5		国泰君安	26,968		-55		
6		中信期货	23,037		-296		
7		五矿经易	18,607		412		
8		国富期货	17,529		-244		
9		一德期货	16,430		113		
10		广发期货	15,805		1,038		
11		宏源期货	15,118		23		
12		东证期货	15,001		-164		
13		海通期货	12,712		-1,868		
14		南华期货	11,885		-184		
15		银河期货	10,356		264		
16		新湖期货	9,706		-232		
17		申银万国	7,174		-58		
18		信达期货	6,411		-76		
19		财信期货	5,420		-79		
20		鲁证期货	5,381		-5,530		
总计				383,711		-9,841		



会员类别	总成交量	增减		
期货公司会员	1,244,111	-175,202	

会员类别	总持买单量	增减		
期货公司会员	326,721		-10,472		

会员类别	总持卖单量	增减		
期货公司会员	383,711		-9,841		

