								大连商品交易所 成交量_买持仓_卖持仓排名	

合约代码：i2201		Date：2021-06-09	

			期货公司会员	

名次		会员简称	成交量		增减		
1		东证期货	8,315		2,474		
2		中信期货	5,917		-1,299		
3		光大期货	5,024		-1,346		
4		海通期货	4,657		-2,771		
5		东吴期货	4,485		-2,544		
6		国泰君安	3,966		-1,030		
7		申银万国	3,280		-2,369		
8		南华期货	3,098		-603		
9		华安期货	2,127		-451		
10		华泰期货	2,122		-179		
11		徽商期货	2,077		10		
12		银河期货	2,012		305		
13		永安期货	2,003		-2,257		
14		中财期货	1,821		50		
15		宏源期货	1,619		-797		
16		国富期货	1,549		-1,001		
17		金瑞期货	1,498		179		
18		一德期货	1,423		668		
19		方正中期	1,372		-1,673		
20		中辉期货	1,248		222		
总计				59,613		-14,412		

名次		会员简称	持买单量	增减		
1		申银万国	9,484		-187		
2		国泰君安	4,277		-438		
3		冠通期货	4,054		627		
4		永安期货	3,670		344		
5		中辉期货	3,281		47		
6		西南期货	3,063		-12		
7		东证期货	3,003		-17		
8		海通期货	2,871		-12		
9		大通期货	1,957		0		
10		中信期货	1,837		139		
11		新湖期货	1,791		-50		
12		银河期货	1,786		577		
13		道通期货	1,664		-3		
14		海证期货	1,309		-47		
15		鲁证期货	1,306		67		
16		华泰期货	1,279		191		
17		东吴期货	1,184		-1,042		
18		大地期货	1,114		68		
19		广发期货	1,066		-41		
20		国贸期货	934		11		
总计				50,930		222		

名次		会员简称	持卖单量	增减		
1		浙商期货	6,326		830		
2		东证期货	3,261		-1,310		
3		国泰君安	3,043		64		
4		中辉期货	2,865		37		
5		一德期货	2,578		71		
6		国投安信	2,525		-29		
7		永安期货	2,245		-343		
8		鲁证期货	2,065		-18		
9		瑞达期货	2,009		53		
10		方正中期	2,007		26		
11		金石期货	1,814		27		
12		申银万国	1,784		127		
13		新湖期货	1,728		13		
14		大有期货	1,659		-164		
15		海证期货	1,450		12		
16		东吴期货	1,425		-287		
17		华泰期货	1,364		209		
18		银河期货	1,351		81		
19		大地期货	1,342		5		
20		财信期货	1,271		-2		
总计				44,112		-598		



会员类别	总成交量	增减		
期货公司会员	59,613		-14,412		

会员类别	总持买单量	增减		
期货公司会员	50,930		222		

会员类别	总持卖单量	增减		
期货公司会员	44,112		-598		

