								大连商品交易所 成交量_买持仓_卖持仓排名	

合约代码：eg2109		Date：2021-06-09	

			期货公司会员	

名次		会员简称	成交量		增减		
1		东证期货	114,797		-18,883		
2		国泰君安	37,119		10,965		
3		中信期货	35,711		-1,015		
4		国富期货	21,371		-3,459		
5		海通期货	21,203		-7,811		
6		浙商期货	14,382		-7,029		
7		银河期货	12,773		259		
8		新湖期货	12,017		-2,250		
9		申银万国	11,992		-898		
10		华泰期货	11,937		-3,173		
11		方正中期	11,382		-2,884		
12		东吴期货	9,395		-193		
13		徽商期货	9,247		-69		
14		华闻期货	8,528		2,474		
15		光大期货	8,377		-1,210		
16		中辉期货	8,356		-1,401		
17		永安期货	8,075		-6,058		
18		兴证期货	7,648		-1,527		
19		国投安信	7,562		-824		
20		华安期货	6,964		63		
总计				378,836		-44,923		

名次		会员简称	持买单量	增减		
1		中信期货	20,040		-610		
2		东吴期货	17,860		511		
3		华泰期货	11,847		-1,214		
4		东证期货	10,855		-2,065		
5		建信期货	9,484		148		
6		国泰君安	9,157		-954		
7		永安期货	8,563		336		
8		瑞达期货	7,866		328		
9		银河期货	6,506		80		
10		上海中期	5,499		346		
11		通惠期货	5,178		50		
12		方正中期	4,487		58		
13		南华期货	4,486		97		
14		弘业期货	4,247		73		
15		中银期货	3,843		177		
16		国元期货	3,675		161		
17		兴业期货	3,516		0		
18		新湖期货	3,416		-72		
19		中信建投	3,366		366		
20		宏源期货	3,347		208		
总计				147,238		-1,976		

名次		会员简称	持卖单量	增减		
1		永安期货	19,263		-539		
2		国泰君安	17,310		-1,027		
3		天风期货	11,859		-243		
4		中信期货	10,900		1,201		
5		银河期货	10,794		-243		
6		东海期货	8,821		-294		
7		宝城期货	8,514		677		
8		华泰期货	6,831		915		
9		格林大华	6,633		214		
10		南华期货	4,698		253		
11		广发期货	4,569		-353		
12		东证期货	4,172		406		
13		中粮期货	4,146		-71		
14		新湖期货	3,937		321		
15		瑞达期货	3,905		-4		
16		建信期货	3,777		-447		
17		鲁证期货	3,504		-678		
18		东吴期货	3,493		166		
19		兴证期货	3,416		71		
20		方正中期	3,365		540		
总计				143,907		865		



会员类别	总成交量	增减		
期货公司会员	378,836		-44,923		

会员类别	总持买单量	增减		
期货公司会员	147,238		-1,976		

会员类别	总持卖单量	增减		
期货公司会员	143,907		865		

