								大连商品交易所 成交量_买持仓_卖持仓排名	

合约代码：m2203		Date：2021-06-09	

			期货公司会员	

名次		会员简称	成交量		增减		
1		东证期货	16,582		462		
2		华泰期货	10,085		2,146		
3		国泰君安	7,928		4,220		
4		浙商期货	6,302		2,189		
5		五矿经易	4,770		2,680		
6		华融融达	4,052		4,030		
7		宝城期货	3,760		3,607		
8		申银万国	3,596		148		
9		华安期货	3,379		-101		
10		光大期货	3,286		847		
11		中信建投	3,187		1,392		
12		美尔雅期货	2,781		198		
13		银河期货	2,641		2,501		
14		国元期货	2,602		1,071		
15		金瑞期货	2,094		-259		
16		招商期货	2,078		244		
17		鲁证期货	1,873		427		
18		海通期货	1,853		338		
19		华闻期货	1,680		-69		
20		中信期货	1,542		261		
总计				86,071		26,332		

名次		会员简称	持买单量	增减		
1		国泰君安	20,042		1,183		
2		申银万国	16,777		15		
3		海通期货	16,524		474		
4		东证期货	13,615		-3		
5		浙商期货	10,766		1,680		
6		国富期货	9,187		21		
7		华泰期货	8,757		128		
8		中信建投	8,383		690		
9		中信期货	8,177		176		
10		五矿经易	7,753		1,441		
11		鲁证期货	7,308		1		
12		国海良时	7,117		-22		
13		国投安信	7,070		6		
14		南华期货	6,922		2		
15		国元期货	5,932		-55		
16		招商期货	5,770		20		
17		银河期货	3,796		-43		
18		华西期货	3,670		0		
19		民生期货	3,590		0		
20		美尔雅期货	2,531		349		
总计				173,687		6,063		

名次		会员简称	持卖单量	增减		
1		东证期货	21,862		-931		
2		国泰君安	19,436		987		
3		申银万国	16,667		7		
4		海通期货	15,092		413		
5		国富期货	10,905		-24		
6		浙商期货	10,674		1,678		
7		五矿经易	10,144		1,295		
8		国投安信	8,902		1		
9		华泰期货	8,301		-25		
10		中信建投	8,186		689		
11		中信期货	8,117		396		
12		鲁证期货	7,248		0		
13		国海良时	6,845		-50		
14		南华期货	6,376		1		
15		招商期货	5,745		10		
16		国元期货	5,729		-15		
17		华融融达	5,000		4,000		
18		华西期货	3,670		0		
19		民生期货	3,567		0		
20		银河期货	3,437		-38		
总计				185,903		8,394		



会员类别	总成交量	增减		
期货公司会员	86,071		26,332		

会员类别	总持买单量	增减		
期货公司会员	173,687		6,063		

会员类别	总持卖单量	增减		
期货公司会员	185,903		8,394		

