								大连商品交易所 成交量_买持仓_卖持仓排名	

合约代码：cs2107		Date：2021-06-09	

			期货公司会员	

名次		会员简称	成交量		增减		
1		东证期货	47,120		-13,275		
2		华泰期货	21,893		-9,282		
3		中信期货	16,232		-3,852		
4		国富期货	8,501		-6,238		
5		光大期货	8,012		-2,117		
6		海通期货	7,585		-1,749		
7		国泰君安	6,432		-2,329		
8		东方财富	5,117		-1,527		
9		银河期货	5,057		-3,912		
10		徽商期货	4,930		-2,758		
11		东吴期货	4,253		-208		
12		申银万国	4,089		-4,837		
13		华闻期货	2,989		-2,757		
14		广发期货	2,920		-1,995		
15		国投安信	2,792		-2,645		
16		华安期货	2,560		-1,065		
17		方正中期	2,528		-764		
18		兴证期货	2,406		-3,652		
19		长江期货	2,394		-1,464		
20		宝城期货	2,174		-406		
总计				159,984		-66,832		

名次		会员简称	持买单量	增减		
1		中信期货	13,236		-96		
2		国泰君安	6,812		-183		
3		华泰期货	6,750		-318		
4		国富期货	5,994		-9		
5		中粮期货	4,852		53		
6		北京首创	4,282		-8		
7		广发期货	3,418		-278		
8		东证期货	3,100		-116		
9		中融汇信	2,453		78		
10		国投安信	2,429		-1,750		
11		东吴期货	2,318		624		
12		永安期货	2,312		-309		
13		银河期货	1,999		-460		
14		国金期货	1,752		-38		
15		东兴期货	1,742		17		
16		方正中期	1,424		-106		
17		上海大陆	1,367		-126		
18		五矿经易	1,276		-730		
19		光大期货	1,093		87		
20		鲁证期货	1,064		-97		
总计				69,673		-3,765		

名次		会员简称	持卖单量	增减		
1		中信期货	11,930		346		
2		华泰期货	5,055		151		
3		国泰君安	4,570		-21		
4		国富期货	4,359		-72		
5		兴证期货	4,224		-124		
6		宏源期货	3,464		52		
7		银河期货	3,259		-187		
8		东证期货	2,917		82		
9		鲁证期货	2,075		147		
10		海通期货	1,929		10		
11		上海中期	1,587		-199		
12		招商期货	1,573		86		
13		东吴期货	1,547		-299		
14		海证期货	1,421		-29		
15		宝城期货	1,398		377		
16		金元期货	1,386		-231		
17		中投期货	1,335		240		
18		东航期货	1,301		-300		
19		倍特期货	1,254		-37		
20		永安期货	1,235		-135		
总计				57,819		-143		



会员类别	总成交量	增减		
期货公司会员	159,984		-66,832		

会员类别	总持买单量	增减		
期货公司会员	69,673		-3,765		

会员类别	总持卖单量	增减		
期货公司会员	57,819		-143		

