								大连商品交易所 成交量_买持仓_卖持仓排名	

合约代码：c2201		Date：2021-06-09	

			期货公司会员	

名次		会员简称	成交量		增减		
1		东证期货	19,285		-517		
2		中信期货	14,036		3,536		
3		华泰期货	8,947		152		
4		国富期货	6,974		1,014		
5		国投安信	5,395		5,338		
6		国泰君安	5,199		-2,155		
7		光大期货	4,182		904		
8		中粮期货	2,439		1,128		
9		广发期货	2,302		2,030		
10		中信建投	2,199		-111		
11		华闻期货	2,168		-940		
12		宏源期货	2,003		229		
13		国海良时	1,825		1,466		
14		美尔雅期货	1,808		1,025		
15		申银万国	1,501		-57		
16		中辉期货	1,377		-270		
17		东海期货	1,340		184		
18		南华期货	1,251		195		
19		中天期货	1,249		260		
20		东吴期货	1,163		-1,289		
总计				86,643		12,122		

名次		会员简称	持买单量	增减		
1		永安期货	18,878		39		
2		南华期货	15,683		-11		
3		光大期货	12,606		-19		
4		中粮期货	12,245		1,481		
5		中信期货	9,374		276		
6		国投安信	8,413		-910		
7		五矿经易	7,975		61		
8		华泰期货	6,198		504		
9		华融融达	6,116		-15		
10		广发期货	5,002		2,218		
11		摩根大通	3,294		0		
12		中融汇信	2,905		10		
13		和合期货	2,303		-97		
14		中辉期货	1,731		67		
15		美尔雅期货	1,686		558		
16		北京首创	1,542		-45		
17		东吴期货	1,469		10		
18		国泰君安	1,421		-39		
19		东兴期货	1,306		1		
20		鲁证期货	1,155		282		
总计				121,302		4,371		

名次		会员简称	持卖单量	增减		
1		国泰君安	23,911		-50		
2		中信期货	15,954		6,484		
3		国贸期货	13,423		-20		
4		华泰期货	5,727		393		
5		国富期货	4,556		80		
6		永安期货	4,115		87		
7		国信期货	3,913		12		
8		平安期货	3,777		-159		
9		光大期货	3,437		1,985		
10		浙商期货	3,254		-229		
11		国投安信	3,168		1,999		
12		北京首创	2,970		-78		
13		先锋期货	2,883		-95		
14		东吴期货	2,051		-951		
15		东航期货	1,987		-5		
16		国海良时	1,955		-595		
17		招商期货	1,889		-66		
18		迈科期货	1,739		-1		
19		中财期货	1,691		890		
20		长江期货	1,662		-3		
总计				104,062		9,678		



会员类别	总成交量	增减		
期货公司会员	86,643		12,122		

会员类别	总持买单量	增减		
期货公司会员	121,302		4,371		

会员类别	总持卖单量	增减		
期货公司会员	104,062		9,678		

