								大连商品交易所 成交量_买持仓_卖持仓排名	

合约代码：b2107		Date：2021-06-09	

			期货公司会员	

名次		会员简称	成交量		增减		
1		海通期货	11,793		1,649		
2		中信期货	7,970		664		
3		东证期货	5,355		160		
4		国富期货	5,342		-140		
5		光大期货	4,652		-260		
6		东方财富	3,532		438		
7		华闻期货	2,965		-2,911		
8		国泰君安	2,660		130		
9		方正中期	1,972		-35		
10		徽商期货	1,453		-197		
11		华泰期货	1,426		-351		
12		华安期货	1,095		169		
13		银河期货	1,026		84		
14		中天期货	869		-746		
15		美尔雅期货	818		-1,123		
16		永安期货	758		251		
17		宏源期货	750		104		
18		金元期货	747		121		
19		海证期货	726		-202		
20		国元期货	695		47		
总计				56,604		-2,148		

名次		会员简称	持买单量	增减		
1		中信期货	1,696		-1,290		
2		东海期货	846		-47		
3		海通期货	751		-21		
4		美尔雅期货	660		322		
5		中融汇信	586		-6		
6		华泰期货	572		-102		
7		兴证期货	404		-26		
8		国泰君安	381		29		
9		东航期货	367		160		
10		海证期货	346		-47		
11		金元期货	324		80		
12		光大期货	317		58		
13		国信期货	292		37		
14		东方财富	275		48		
15		永安期货	265		-233		
16		中投期货	256		29		
17		宏源期货	247		-14		
18		银河期货	238		54		
19		福能期货	235		29		
20		浙商期货	224		-49		
总计				9,282		-989		

名次		会员简称	持卖单量	增减		
1		中粮期货	2,248		211		
2		中信建投	1,131		-8		
3		摩根大通	1,000		0		
4		海通期货	952		170		
5		平安期货	944		-78		
6		东海期货	788		-13		
7		先锋期货	750		165		
8		华泰期货	485		188		
9		新湖期货	460		-10		
10		建信期货	388		3		
11		中信期货	360		-30		
12		东吴期货	336		-28		
13		国泰君安	292		-161		
14		美尔雅期货	247		-40		
15		宏源期货	218		-58		
16		五矿经易	216		-126		
17		创元期货	209		-73		
18		中天期货	189		-118		
19		东方财富	183		-44		
20		鲁证期货	157		73		
总计				11,553		23		



会员类别	总成交量	增减		
期货公司会员	56,604		-2,148		

会员类别	总持买单量	增减		
期货公司会员	9,282		-989		

会员类别	总持卖单量	增减		
期货公司会员	11,553		23		

