								大连商品交易所 成交量_买持仓_卖持仓排名	

合约代码：pg2107		Date：2021-06-09	

			期货公司会员	

名次		会员简称	成交量		增减		
1		华泰期货	13,858		789		
2		东证期货	7,343		-775		
3		中信期货	6,069		651		
4		申银万国	5,322		3,048		
5		国富期货	3,553		214		
6		国泰君安	3,462		479		
7		光大期货	3,160		650		
8		东海期货	3,084		1,579		
9		海通期货	2,951		-2,469		
10		徽商期货	2,230		405		
11		华安期货	1,867		675		
12		银河期货	1,865		79		
13		方正中期	1,789		56		
14		兴证期货	1,631		1,142		
15		东吴期货	1,363		611		
16		永安期货	1,269		616		
17		锦泰期货	1,074		-272		
18		华闻期货	1,056		516		
19		国投安信	849		351		
20		中辉期货	846		153		
总计				64,641		8,498		

名次		会员简称	持买单量	增减		
1		中信期货	2,416		-464		
2		华泰期货	1,569		-336		
3		兴证期货	1,469		-32		
4		永安期货	1,400		119		
5		东证期货	1,174		239		
6		瑞达期货	1,094		-23		
7		中投期货	917		-23		
8		国泰君安	829		194		
9		宏源期货	656		15		
10		金元期货	576		-85		
11		国信期货	539		-156		
12		招商期货	460		-27		
13		海通期货	338		-313		
14		东航期货	289		-170		
15		徽商期货	285		-19		
16		银河期货	283		-75		
17		方正中期	270		-294		
18		金瑞期货	264		65		
19		东吴期货	259		-99		
20		浙商期货	248		-148		
总计				15,335		-1,632		

名次		会员简称	持卖单量	增减		
1		国泰君安	2,855		-666		
2		中信期货	2,821		-1,111		
3		永安期货	1,220		-26		
4		国投安信	948		11		
5		东证期货	866		-144		
6		银河期货	810		-8		
7		浙商期货	730		-7		
8		兴证期货	698		-65		
9		徽商期货	639		-29		
10		大地期货	616		-4		
11		兴业期货	580		-147		
12		华泰期货	507		-384		
13		中州期货	489		-38		
14		方正中期	435		33		
15		申银万国	329		87		
16		河北恒银	304		81		
17		招商期货	296		-56		
18		一德期货	253		-44		
19		光大期货	248		-50		
20		中财期货	245		26		
总计				15,889		-2,541		



会员类别	总成交量	增减		
期货公司会员	64,641		8,498		

会员类别	总持买单量	增减		
期货公司会员	15,335		-1,632		

会员类别	总持卖单量	增减		
期货公司会员	15,889		-2,541		

