								大连商品交易所 成交量_买持仓_卖持仓排名	

合约代码：p2101		Date：2020-10-16	

			期货公司会员	

名次		会员简称	成交量		增减		
1		东证期货	389,900		24,011		
2		国泰君安	203,014		27,836		
3		光大期货	166,173		4,062		
4		国富期货	151,622		24,177		
5		中信期货	99,964		18,911		
6		申银万国	87,482		12,932		
7		徽商期货	58,939		14,027		
8		海通期货	54,046		8,256		
9		银河期货	48,180		-758		
10		新湖期货	43,485		12,853		
11		华安期货	43,018		-2,499		
12		方正中期	38,694		4,384		
13		华泰期货	36,628		3,852		
14		华西期货	28,392		5,556		
15		国投安信	27,135		-3,149		
16		东方财富	25,626		1,634		
17		中辉期货	25,172		3,165		
18		兴证期货	24,391		-26,673		
19		渤海期货	24,257		9,487		
20		宏源期货	24,139		-3,001		
总计				1,600,257	139,063		

名次		会员简称	持买单量	增减		
1		银河期货	24,460		21		
2		永安期货	20,500		-1,900		
3		浙商期货	15,595		-356		
4		中信期货	14,628		-701		
5		国投安信	11,651		-226		
6		五矿经易	10,855		-2,607		
7		光大期货	10,618		390		
8		方正中期	9,452		91		
9		国泰君安	9,447		1,393		
10		天风期货	9,423		-4,668		
11		中粮期货	8,312		818		
12		海通期货	8,291		-3,852		
13		一德期货	8,212		-1,211		
14		东证期货	7,602		478		
15		大越期货	7,503		-12		
16		广发期货	7,012		-240		
17		鲁证期货	6,703		209		
18		宝城期货	6,462		161		
19		大地期货	6,204		-184		
20		华泰期货	5,748		-1,790		
总计				208,678		-14,186		

名次		会员简称	持卖单量	增减		
1		中粮期货	40,744		946		
2		国投安信	30,410		-323		
3		银河期货	22,025		-4,109		
4		国富期货	17,790		-1,165		
5		国贸期货	17,425		-534		
6		中信期货	17,260		-1,491		
7		永安期货	14,742		166		
8		广发期货	12,959		3,063		
9		东证期货	11,652		-66		
10		海通期货	11,335		-1,730		
11		一德期货	8,429		-701		
12		摩根大通	7,626		1,270		
13		五矿经易	7,256		-1,273		
14		中天期货	7,152		-13		
15		弘业期货	6,333		-351		
16		华融融达	6,190		-68		
17		中信建投	5,136		-554		
18		华泰期货	4,316		300		
19		北京首创	4,258		-50		
20		国泰君安	3,942		-1,617		
总计				256,980		-8,300		



会员类别	总成交量	增减		
期货公司会员	1,600,257	139,063		

会员类别	总持买单量	增减		
期货公司会员	208,678		-14,186		

会员类别	总持卖单量	增减		
期货公司会员	256,980		-8,300		

