								大连商品交易所 成交量_买持仓_卖持仓排名	

合约代码：c2103		Date：2020-10-16	

			期货公司会员	

名次		会员简称	成交量		增减		
1		东证期货	4,585		-177		
2		华闻期货	4,322		-1,297		
3		中粮期货	3,191		-211		
4		国泰君安	2,969		2,513		
5		金瑞期货	2,841		1,344		
6		弘业期货	2,803		110		
7		鲁证期货	2,777		573		
8		宏源期货	2,642		-1,289		
9		中信期货	2,213		-39		
10		申银万国	2,013		1,030		
11		光大期货	1,951		967		
12		五矿经易	1,790		780		
13		宝城期货	1,732		610		
14		国海良时	1,591		418		
15		浙商期货	1,418		476		
16		格林大华	1,398		807		
17		海通期货	1,276		668		
18		中大期货	1,258		-2,174		
19		华安期货	1,169		872		
20		永安期货	1,078		234		
总计				45,017		6,215		

名次		会员简称	持买单量	增减		
1		鲁证期货	6,564		-1		
2		中信期货	2,821		-34		
3		一德期货	2,500		0		
4		永安期货	1,419		-5		
5		海通期货	1,222		263		
6		中大期货	1,216		-15		
7		格林大华	1,215		0		
8		东证期货	1,167		87		
9		弘业期货	1,113		-8		
10		摩根大通	1,000		0		
11		五矿经易	944		0		
12		申银万国	840		-4		
13		浙商期货	643		11		
14		金瑞期货	630		-112		
15		中辉期货	263		212		
16		迈科期货	165		0		
17		中信建投	149		31		
18		中粮期货	84		-20		
19		方正中期	76		-6		
20		宏源期货	74		3		
总计				24,105		402		

名次		会员简称	持卖单量	增减		
1		华安期货	5,810		667		
2		中信期货	2,022		17		
3		永安期货	1,439		-5		
4		一德期货	1,343		165		
5		中大期货	1,245		-7		
6		格林大华	1,217		0		
7		海通期货	1,212		263		
8		东证期货	1,149		30		
9		弘业期货	1,125		1		
10		五矿经易	946		0		
11		鲁证期货	886		2		
12		国海良时	842		9		
13		申银万国	831		7		
14		浙商期货	525		11		
15		中辉期货	429		116		
16		银河期货	229		-1		
17		创元期货	213		20		
18		迈科期货	206		1		
19		国元期货	199		-119		
20		徽商期货	170		-129		
总计				22,038		1,048		



会员类别	总成交量	增减		
期货公司会员	45,017		6,215		

会员类别	总持买单量	增减		
期货公司会员	24,105		402		

会员类别	总持卖单量	增减		
期货公司会员	22,038		1,048		

