								大连商品交易所 成交量_买持仓_卖持仓排名	

合约代码：c2107		Date：2020-10-16	

			期货公司会员	

名次		会员简称	成交量		增减		
1		国富期货	54,188		13,973		
2		华泰期货	27,775		-13,716		
3		冠通期货	22,364		1,655		
4		国泰君安	15,710		-8,451		
5		光大期货	12,573		1,526		
6		中辉期货	11,132		-1,567		
7		东证期货	8,967		-3,958		
8		浙商期货	6,409		3,047		
9		弘业期货	5,555		-1,200		
10		鲁证期货	4,581		-2,388		
11		海通期货	4,424		-1,249		
12		华闻期货	3,943		-2,891		
13		五矿经易	3,748		-1,853		
14		国海良时	3,543		566		
15		中信期货	3,448		886		
16		申银万国	2,557		-273		
17		方正中期	2,415		2,317		
18		格林大华	2,246		-2,311		
19		徽商期货	2,130		954		
20		永安期货	2,095		-1,348		
总计				199,803		-16,281		

名次		会员简称	持买单量	增减		
1		鲁证期货	28,795		49		
2		一德期货	12,931		-146		
3		中信建投	8,384		-1		
4		中州期货	8,003		1		
5		中辉期货	3,470		2		
6		宝城期货	3,299		87		
7		中信期货	3,200		76		
8		海通期货	3,116		0		
9		东证期货	2,668		-34		
10		永安期货	2,533		-305		
11		申银万国	2,089		-19		
12		中大期货	1,504		50		
13		国信期货	1,347		191		
14		浙商期货	1,019		-28		
15		混沌天成	1,015		0		
16		海证期货	786		0		
17		华泰期货	745		125		
18		国贸期货	706		534		
19		华安期货	676		26		
20		五矿经易	601		14		
总计				86,887		622		

名次		会员简称	持卖单量	增减		
1		光大期货	12,091		15		
2		中信期货	11,592		28		
3		东证期货	9,645		-137		
4		金瑞期货	8,080		64		
5		国投安信	5,913		100		
6		鲁证期货	5,374		20		
7		徽商期货	4,637		269		
8		海证期货	4,056		2		
9		宝城期货	3,304		100		
10		北京首创	3,238		-42		
11		海通期货	3,170		-100		
12		永安期货	2,653		362		
13		申银万国	1,976		-22		
14		中大期货	1,932		50		
15		长江期货	1,450		-3		
16		浙商期货	1,175		3		
17		兴证期货	1,108		-7		
18		华安期货	1,012		248		
19		国海良时	786		-8		
20		东海期货	713		2		
总计				83,905		944		



会员类别	总成交量	增减		
期货公司会员	199,803		-16,281		

会员类别	总持买单量	增减		
期货公司会员	86,887		622		

会员类别	总持卖单量	增减		
期货公司会员	83,905		944		

