								大连商品交易所 成交量_买持仓_卖持仓排名	

合约代码：cs2103		Date：2020-10-16	

			期货公司会员	

名次		会员简称	成交量		增减		
1		华泰期货	11,367		-2,985		
2		国泰君安	7,066		-893		
3		光大期货	5,355		-2,108		
4		国富期货	3,602		-17,431		
5		华闻期货	3,352		-3,122		
6		招商期货	2,436		9		
7		鲁证期货	2,205		-717		
8		中辉期货	2,076		-43		
9		东证期货	2,035		-491		
10		方正中期	1,779		199		
11		浙商期货	1,458		-1,782		
12		中信期货	1,340		-60		
13		五矿经易	1,320		-676		
14		海通期货	1,284		-904		
15		中信建投	984		-147		
16		冠通期货	982		430		
17		金瑞期货	873		343		
18		国投安信	830		77		
19		格林大华	482		-772		
20		南华期货	474		-883		
总计				51,300		-31,956		

名次		会员简称	持买单量	增减		
1		五矿经易	1,656		0		
2		鲁证期货	1,597		-24		
3		中信期货	1,360		-6		
4		招商期货	1,007		11		
5		国泰君安	900		-7		
6		中信建投	800		0		
7		华泰期货	582		196		
8		东证期货	458		-10		
9		锦泰期货	350		0		
10		光大期货	330		0		
11		格林大华	300		0		
12		新湖期货	203		1		
13		中国国际	112		0		
14		方正中期	86		83		
15		华闻期货	55		8		
16		上海大陆	50		50		
17		中辉期货	46		-2		
18		华安期货	45		45		
19		宏源期货	38		0		
20		国富期货	34		-3		
总计				10,009		342		

名次		会员简称	持卖单量	增减		
1		五矿经易	1,645		0		
2		鲁证期货	1,529		131		
3		中信期货	1,403		18		
4		招商期货	1,011		9		
5		国泰君安	914		5		
6		中信建投	890		88		
7		华泰期货	712		387		
8		东证期货	424		-45		
9		锦泰期货	350		0		
10		光大期货	341		-1		
11		格林大华	300		0		
12		金瑞期货	190		155		
13		冠通期货	70		-204		
14		上海大陆	53		9		
15		浙商期货	38		-559		
16		国元期货	36		10		
17		国富期货	32		-3		
18		福能期货	32		-1		
19		国信期货	31		0		
20		北京首创	29		0		
总计				10,030		-1		



会员类别	总成交量	增减		
期货公司会员	51,300		-31,956		

会员类别	总持买单量	增减		
期货公司会员	10,009		342		

会员类别	总持卖单量	增减		
期货公司会员	10,030		-1		

