								大连商品交易所 成交量_买持仓_卖持仓排名	

合约代码：cs2101		Date：2020-10-16	

			期货公司会员	

名次		会员简称	成交量		增减		
1		华泰期货	54,547		11,851		
2		东证期货	41,983		482		
3		国泰君安	22,865		3,610		
4		国富期货	18,364		2,188		
5		海通期货	16,201		9,036		
6		中信期货	12,857		1,125		
7		光大期货	9,519		3,782		
8		徽商期货	7,877		2,032		
9		银河期货	6,106		1,077		
10		东方财富	5,895		171		
11		兴证期货	5,664		-921		
12		华闻期货	5,476		794		
13		金瑞期货	4,974		1,384		
14		中辉期货	4,709		1,095		
15		北京首创	4,387		3,134		
16		华安期货	3,963		-1,937		
17		永安期货	3,873		-2,845		
18		新湖期货	3,606		-923		
19		东吴期货	3,470		-221		
20		方正中期	3,231		-3,711		
总计				239,567		31,203		

名次		会员简称	持买单量	增减		
1		中信期货	9,530		234		
2		永安期货	9,494		1,733		
3		鲁证期货	9,475		-83		
4		华泰期货	8,066		2,797		
5		中信建投	7,816		456		
6		中粮期货	7,454		244		
7		东证期货	7,144		1,891		
8		一德期货	5,737		71		
9		宏源期货	5,658		-551		
10		海通期货	4,657		510		
11		中辉期货	4,068		1,757		
12		新湖期货	3,121		-997		
13		南华期货	3,073		509		
14		国泰君安	2,680		-31		
15		华融融达	2,564		302		
16		海证期货	2,485		62		
17		申银万国	2,387		834		
18		徽商期货	2,316		1,129		
19		兴证期货	2,122		-171		
20		金瑞期货	2,008		509		
总计				101,855		11,205		

名次		会员简称	持卖单量	增减		
1		中粮期货	11,368		633		
2		中信期货	9,125		1,435		
3		东方财富	8,883		1,503		
4		国金期货	8,004		40		
5		广发期货	7,714		892		
6		金瑞期货	6,485		129		
7		华安期货	5,842		187		
8		国泰君安	5,484		80		
9		北京首创	5,454		2,234		
10		东证期货	4,956		660		
11		中融汇信	4,606		204		
12		国投安信	3,672		218		
13		永安期货	3,645		504		
14		鲁证期货	3,544		491		
15		平安期货	3,437		113		
16		光大期货	3,345		509		
17		银河期货	2,951		216		
18		东吴期货	2,770		230		
19		国富期货	2,768		171		
20		上海大陆	2,470		240		
总计				106,523		10,689		



会员类别	总成交量	增减		
期货公司会员	239,567		31,203		

会员类别	总持买单量	增减		
期货公司会员	101,855		11,205		

会员类别	总持卖单量	增减		
期货公司会员	106,523		10,689		

