								大连商品交易所 成交量_买持仓_卖持仓排名	

合约代码：rr2012		Date：2020-10-16	

			期货公司会员	

名次		会员简称	成交量		增减		
1		东证期货	10,051		227		
2		海通期货	4,621		-122		
3		美尔雅期货	2,300		630		
4		格林大华	2,212		-194		
5		国海良时	2,206		-828		
6		鲁证期货	2,013		1,473		
7		光大期货	1,911		-193		
8		国泰君安	1,877		-205		
9		五矿经易	1,824		-363		
10		中原期货	1,783		-235		
11		中信建投	1,717		-366		
12		申银万国	1,696		-401		
13		方正中期	1,680		-267		
14		浙商期货	1,054		-295		
15		永安期货	1,029		-361		
16		国投安信	894		-4		
17		金元期货	787		513		
18		徽商期货	663		90		
19		华安期货	624		532		
20		上海东亚	370		-666		
总计				41,312		-1,035		

名次		会员简称	持买单量	增减		
1		宏源期货	2,236		1		
2		东证期货	1,882		108		
3		永安期货	1,785		-41		
4		五矿经易	1,515		0		
5		申银万国	1,437		-143		
6		安粮期货	1,256		11		
7		国泰君安	1,112		81		
8		方正中期	848		38		
9		浙商期货	650		-1		
10		国海良时	588		-35		
11		中信建投	547		-10		
12		中原期货	523		9		
13		江西瑞奇	405		2		
14		徽商期货	371		90		
15		海通期货	367		-18		
16		光大期货	345		-50		
17		国信期货	323		-8		
18		东航期货	308		24		
19		中信期货	296		-13		
20		东方财富	292		4		
总计				17,086		49		

名次		会员简称	持卖单量	增减		
1		东证期货	1,838		51		
2		国投安信	1,642		238		
3		五矿经易	1,608		60		
4		永安期货	1,499		-64		
5		海通期货	1,030		327		
6		渤海期货	978		-40		
7		中信期货	828		56		
8		鲁证期货	807		-137		
9		方正中期	739		-8		
10		国泰君安	730		-6		
11		北京首创	700		-100		
12		浙商期货	631		15		
13		东海期货	595		-201		
14		国富期货	593		8		
15		光大期货	569		9		
16		天风期货	546		18		
17		长江期货	528		10		
18		中原期货	514		2		
19		华安期货	504		200		
20		东方财富	421		-16		
总计				17,300		422		



会员类别	总成交量	增减		
期货公司会员	41,312		-1,035		

会员类别	总持买单量	增减		
期货公司会员	17,086		49		

会员类别	总持卖单量	增减		
期货公司会员	17,300		422		

