								大连商品交易所 成交量_买持仓_卖持仓排名	

合约代码：a2105		Date：2020-10-16	

			期货公司会员	

名次		会员简称	成交量		增减		
1		华泰期货	6,527		3,552		
2		深圳金汇	2,311		2,293		
3		华安期货	1,930		1,400		
4		财信期货	1,906		1,095		
5		大有期货	1,752		1,160		
6		国富期货	1,646		997		
7		中信期货	1,189		599		
8		徽商期货	1,188		768		
9		国元期货	1,130		244		
10		宏源期货	960		650		
11		申银万国	848		277		
12		中信建投	807		436		
13		东吴期货	805		640		
14		国泰君安	777		93		
15		东海期货	771		637		
16		东证期货	758		362		
17		南华期货	725		649		
18		一德期货	662		578		
19		金瑞期货	650		17		
20		海通期货	627		391		
总计				27,969		16,838		

名次		会员简称	持买单量	增减		
1		东海期货	2,296		639		
2		深圳金汇	1,626		-2,301		
3		国投安信	1,430		153		
4		华金期货	1,307		503		
5		永安期货	1,119		65		
6		中信期货	994		215		
7		海通期货	701		42		
8		中信建投	544		382		
9		金元期货	525		310		
10		冠通期货	472		425		
11		国信期货	454		-34		
12		华泰期货	448		146		
13		宏源期货	411		117		
14		中粮期货	405		100		
15		东吴期货	354		-248		
16		金瑞期货	264		132		
17		北京金鹏	263		2		
18		鲁证期货	259		101		
19		徽商期货	243		205		
20		方正中期	226		68		
总计				14,341		1,022		

名次		会员简称	持卖单量	增减		
1		大有期货	5,664		312		
2		一德期货	2,750		454		
3		华安期货	2,555		477		
4		国富期货	1,904		1,198		
5		鲁证期货	1,027		15		
6		国泰君安	874		2		
7		中原期货	574		0		
8		中粮期货	321		12		
9		东吴期货	265		-249		
10		宏源期货	261		-349		
11		南华期货	214		4		
12		浙江新世纪	193		17		
13		广发期货	190		0		
14		招商期货	120		53		
15		中信期货	105		16		
16		招金期货	103		-17		
17		财信期货	103		-101		
18		永安期货	102		18		
19		华闻期货	85		72		
20		东方财富	76		24		
总计				17,486		1,958		



会员类别	总成交量	增减		
期货公司会员	27,969		16,838		

会员类别	总持买单量	增减		
期货公司会员	14,341		1,022		

会员类别	总持卖单量	增减		
期货公司会员	17,486		1,958		

