								大连商品交易所 成交量_买持仓_卖持仓排名	

合约代码：m2109		Date：2020-10-16	

			期货公司会员	

名次		会员简称	成交量		增减		
1		东证期货	31,568		6,243		
2		迈科期货	11,885		-84		
3		光大期货	8,646		6,070		
4		美尔雅期货	7,272		5,676		
5		安粮期货	6,957		2,884		
6		中天期货	4,357		3,045		
7		华闻期货	3,784		712		
8		国泰君安	3,601		1,958		
9		国元期货	3,588		418		
10		中粮期货	3,497		2,289		
11		方正中期	3,444		-70		
12		海通期货	3,344		-810		
13		永安期货	3,210		-2,996		
14		宏源期货	3,007		1,414		
15		华鑫期货	2,325		1,721		
16		广发期货	2,196		1,068		
17		浙商期货	2,125		1,662		
18		徽商期货	2,094		858		
19		华安期货	2,018		159		
20		中信期货	1,919		744		
总计				110,837		32,961		

名次		会员简称	持买单量	增减		
1		格林大华	8,418		-169		
2		美尔雅期货	8,374		2,796		
3		安粮期货	7,352		-1,238		
4		海通期货	6,724		725		
5		永安期货	6,355		554		
6		华闻期货	6,350		414		
7		华泰期货	5,329		445		
8		中粮期货	4,810		55		
9		长江期货	4,388		-162		
10		国富期货	3,732		1,080		
11		宏源期货	2,988		-971		
12		华安期货	2,938		-97		
13		国元期货	2,828		-54		
14		国投安信	2,727		-98		
15		国海良时	2,501		-39		
16		方正中期	2,473		63		
17		中辉期货	2,439		113		
18		大地期货	2,336		339		
19		申银万国	2,286		145		
20		江苏东华	2,200		100		
总计				87,548		4,001		

名次		会员简称	持卖单量	增减		
1		摩根大通	33,196		444		
2		中粮期货	18,166		0		
3		永安期货	15,573		862		
4		新湖期货	7,947		28		
5		五矿经易	5,902		-4		
6		宏源期货	5,020		12		
7		华泰期货	5,006		-69		
8		银河期货	4,980		36		
9		北京首创	4,363		-1		
10		一德期货	4,238		37		
11		国投安信	4,020		1		
12		东证期货	3,970		-179		
13		平安期货	3,356		-757		
14		海证期货	2,978		-1		
15		国泰君安	2,732		44		
16		中天期货	2,381		10		
17		国元期货	2,334		0		
18		中信期货	815		56		
19		光大期货	749		43		
20		北京金鹏	668		668		
总计				128,394		1,230		



会员类别	总成交量	增减		
期货公司会员	110,837		32,961		

会员类别	总持买单量	增减		
期货公司会员	87,548		4,001		

会员类别	总持卖单量	增减		
期货公司会员	128,394		1,230		

