								大连商品交易所 成交量_买持仓_卖持仓排名	

合约代码：m2011		Date：2020-10-16	

			期货公司会员	

名次		会员简称	成交量		增减		
1		格林大华	1,578		1,400		
2		海通期货	773		314		
3		银河期货	718		19		
4		中粮期货	706		-2,320		
5		国富期货	644		-917		
6		安粮期货	588		-1,267		
7		南华期货	576		502		
8		北京首创	461		-1,297		
9		国金期货	295		215		
10		国泰君安	273		-218		
11		永安期货	267		186		
12		美尔雅期货	263		-73		
13		中信期货	233		-1,620		
14		华泰期货	225		-77		
15		方正中期	197		-28		
16		华闻期货	188		-19		
17		创元期货	188		-12		
18		渤海期货	177		-104		
19		徽商期货	173		-509		
20		宏源期货	171		-7		
总计				8,694		-5,832		

名次		会员简称	持买单量	增减		
1		银河期货	3,255		-57		
2		国投安信	2,431		-46		
3		安粮期货	1,910		-200		
4		北京首创	1,607		-295		
5		国富期货	1,595		-210		
6		摩根大通	1,272		0		
7		福能期货	1,072		-103		
8		中辉期货	828		-123		
9		东吴期货	682		0		
10		美尔雅期货	650		-225		
11		华泰期货	495		9		
12		永安期货	449		26		
13		瑞达期货	441		-135		
14		南华期货	427		-95		
15		招商期货	385		-47		
16		先锋期货	340		-46		
17		浙商期货	328		-47		
18		国贸期货	325		-38		
19		盛达期货	320		-45		
20		中信期货	316		-23		
总计				19,128		-1,700		

名次		会员简称	持卖单量	增减		
1		中粮期货	4,142		-298		
2		南华期货	3,909		-411		
3		国投安信	2,138		-5		
4		摩根大通	2,000		0		
5		银河期货	1,488		607		
6		东兴期货	1,000		100		
7		广发期货	954		-50		
8		中信期货	721		-158		
9		北京首创	654		-16		
10		格林大华	622		-1,578		
11		兴证期货	576		2		
12		中辉期货	451		16		
13		宝城期货	400		0		
14		海通期货	346		-350		
15		招商期货	321		-38		
16		鲁证期货	262		27		
17		福能期货	256		2		
18		国金期货	227		-275		
19		国泰君安	225		-20		
20		五矿经易	211		3		
总计				20,903		-2,442		



会员类别	总成交量	增减		
期货公司会员	8,694		-5,832		

会员类别	总持买单量	增减		
期货公司会员	19,128		-1,700		

会员类别	总持卖单量	增减		
期货公司会员	20,903		-2,442		

