								大连商品交易所 成交量_买持仓_卖持仓排名	

合约代码：cs2101		Date：2020-09-21	

			期货公司会员	

名次		会员简称	成交量		增减		
1		华泰期货	41,217		217		
2		东证期货	31,632		-16,535		
3		国泰君安	18,116		-282		
4		中信期货	16,122		826		
5		国富期货	14,740		-2,672		
6		海通期货	13,898		5,118		
7		银河期货	5,825		-1,007		
8		光大期货	5,634		-3,408		
9		兴证期货	5,554		357		
10		徽商期货	5,420		-596		
11		华安期货	4,881		-893		
12		方正中期	4,578		-268		
13		东方财富	4,571		-2,529		
14		华闻期货	4,129		-1,317		
15		中粮期货	4,027		2,373		
16		宝城期货	3,772		325		
17		中辉期货	3,565		-3,532		
18		中信建投	3,429		-606		
19		广发期货	3,089		153		
20		东吴期货	3,073		-5,111		
总计				197,272		-29,387		

名次		会员简称	持买单量	增减		
1		鲁证期货	9,239		148		
2		中信期货	9,129		-1,874		
3		东证期货	7,428		261		
4		中粮期货	7,135		3,025		
5		一德期货	6,277		-27		
6		宏源期货	5,914		442		
7		华泰期货	5,907		-676		
8		永安期货	5,352		-37		
9		中信建投	4,923		-1,983		
10		新湖期货	4,667		449		
11		中辉期货	4,168		435		
12		弘业期货	3,786		-8		
13		华安期货	3,617		548		
14		申银万国	3,091		92		
15		银河期货	2,913		286		
16		国泰君安	2,670		-82		
17		南华期货	2,552		-33		
18		海通期货	2,514		-279		
19		兴证期货	2,304		-689		
20		方正中期	2,094		32		
总计				95,680		30		

名次		会员简称	持卖单量	增减		
1		中粮期货	9,458		-166		
2		中信期货	9,004		-936		
3		国金期货	8,000		-31		
4		东方财富	6,609		169		
5		国富期货	6,281		283		
6		广发期货	5,798		226		
7		金瑞期货	5,791		-11		
8		华安期货	5,593		-111		
9		国泰君安	5,360		154		
10		东证期货	5,024		-177		
11		美尔雅期货	4,671		7		
12		国投安信	4,521		-156		
13		东吴期货	4,496		140		
14		平安期货	4,336		-45		
15		鲁证期货	3,824		-45		
16		中融汇信	3,251		25		
17		永安期货	3,034		-35		
18		华泰期货	2,822		-327		
19		银河期货	2,760		-243		
20		北京首创	2,645		274		
总计				103,278		-1,005		



会员类别	总成交量	增减		
期货公司会员	197,272		-29,387		

会员类别	总持买单量	增减		
期货公司会员	95,680		30		

会员类别	总持卖单量	增减		
期货公司会员	103,278		-1,005		

