								大连商品交易所 成交量_买持仓_卖持仓排名	

合约代码：m2105		Date：2020-09-21	

			期货公司会员	

名次		会员简称	成交量		增减		
1		东证期货	173,531		-14,896		
2		中粮期货	50,927		18,297		
3		国泰君安	42,164		-11,702		
4		光大期货	39,465		-2,535		
5		华泰期货	31,400		551		
6		永安期货	28,668		5,191		
7		兴证期货	28,457		7,722		
8		五矿经易	25,653		20,055		
9		中信期货	22,085		-6,534		
10		海通期货	22,022		-948		
11		浙商期货	18,745		5,157		
12		银河期货	16,640		772		
13		国富期货	13,448		-6,079		
14		招金期货	9,841		-1,051		
15		美尔雅期货	9,535		84		
16		新湖期货	9,328		4,165		
17		宏源期货	9,313		-2,686		
18		长江期货	8,888		-3,516		
19		方正中期	8,824		1,196		
20		华闻期货	8,607		5,399		
总计				577,541		18,642		

名次		会员简称	持买单量	增减		
1		永安期货	52,556		5,384		
2		浙商期货	36,577		2,580		
3		五矿经易	36,394		18,154		
4		宏源期货	29,521		670		
5		方正中期	28,628		2,314		
6		国富期货	28,459		-457		
7		国泰君安	26,080		1,232		
8		申银万国	24,282		1,200		
9		华泰期货	24,245		4,811		
10		一德期货	22,881		911		
11		中粮期货	22,357		-32,378		
12		银河期货	20,804		1,610		
13		摩根大通	20,609		1,391		
14		东吴期货	20,207		3,964		
15		国投安信	20,160		1,204		
16		东证期货	19,206		905		
17		海通期货	18,335		-2,855		
18		兴证期货	18,082		-6,327		
19		中信期货	15,645		1,031		
20		广发期货	14,779		2,878		
总计				499,807		8,222		

名次		会员简称	持卖单量	增减		
1		中粮期货	282,501		3,683		
2		国投安信	127,461		2,334		
3		银河期货	63,197		1,440		
4		摩根大通	39,202		-3,664		
5		广发期货	39,197		2,511		
6		海通期货	32,294		1,463		
7		新湖期货	27,297		4,984		
8		中信期货	27,127		474		
9		国泰君安	26,844		1,232		
10		鲁证期货	25,902		249		
11		永安期货	25,435		4,056		
12		平安期货	25,351		-337		
13		南华期货	23,681		20		
14		一德期货	22,773		87		
15		北京首创	21,318		3,045		
16		五矿经易	15,810		143		
17		建信期货	13,361		404		
18		中天期货	10,254		5		
19		北京金鹏	8,713		0		
20		渤海期货	8,526		652		
总计				866,244		22,781		



会员类别	总成交量	增减		
期货公司会员	577,541		18,642		

会员类别	总持买单量	增减		
期货公司会员	499,807		8,222		

会员类别	总持卖单量	增减		
期货公司会员	866,244		22,781		

