								大连商品交易所 成交量_买持仓_卖持仓排名	

合约代码：m2011		Date：2020-09-21	

			期货公司会员	

名次		会员简称	成交量		增减		
1		东证期货	15,043		-3,858		
2		海通期货	9,937		591		
3		华闻期货	6,462		-494		
4		国泰君安	5,915		1,300		
5		方正中期	5,347		-274		
6		申银万国	5,149		927		
7		光大期货	4,546		-2,882		
8		中粮期货	4,290		-1,099		
9		国投安信	3,629		1,113		
10		鲁证期货	3,447		-346		
11		中信期货	2,535		23		
12		招商期货	2,331		-390		
13		五矿经易	2,185		-416		
14		弘业期货	2,176		871		
15		南华期货	2,093		-461		
16		浙商期货	1,819		315		
17		安粮期货	1,793		-840		
18		国海良时	1,762		266		
19		新湖期货	1,549		311		
20		格林大华	1,474		-998		
总计				83,482		-6,341		

名次		会员简称	持买单量	增减		
1		安粮期货	11,308		1,411		
2		国投安信	4,557		-639		
3		银河期货	3,820		14		
4		北京首创	3,562		5		
5		国泰君安	3,214		71		
6		国元期货	3,103		317		
7		摩根大通	1,972		0		
8		新湖期货	1,843		-2		
9		国贸期货	1,746		4		
10		中信建投	1,663		406		
11		弘业期货	1,494		15		
12		五矿经易	1,462		-13		
13		华融融达	1,402		-19		
14		中粮期货	1,156		-179		
15		南华期货	1,021		1		
16		浙商期货	1,015		-62		
17		格林大华	904		2		
18		瑞达期货	829		7		
19		中辉期货	807		1		
20		宏源期货	663		49		
总计				47,541		1,389		

名次		会员简称	持卖单量	增减		
1		中粮期货	10,437		1,301		
2		南华期货	5,321		6		
3		摩根大通	4,040		0		
4		一德期货	3,941		219		
5		北京首创	3,886		161		
6		中信期货	3,665		-527		
7		格林大华	3,602		0		
8		国泰君安	3,441		86		
9		国富期货	2,775		236		
10		东兴期货	2,222		113		
11		国投安信	2,079		-438		
12		弘业期货	1,618		-9		
13		新湖期货	1,582		1		
14		申银万国	1,416		149		
15		兴证期货	1,374		-12		
16		五矿经易	1,005		-30		
17		海通期货	756		30		
18		广发期货	658		-49		
19		国金期货	502		0		
20		鲁证期货	477		-1		
总计				54,797		1,236		



会员类别	总成交量	增减		
期货公司会员	83,482		-6,341		

会员类别	总持买单量	增减		
期货公司会员	47,541		1,389		

会员类别	总持卖单量	增减		
期货公司会员	54,797		1,236		

