								大连商品交易所 成交量_买持仓_卖持仓排名	

合约代码：a2101		Date：2020-09-21	

			期货公司会员	

名次		会员简称	成交量		增减		
1		华泰期货	45,450		-3,132		
2		东证期货	14,141		-1,431		
3		申银万国	14,125		-2,544		
4		国富期货	13,019		-3,001		
5		方正中期	12,989		-1,540		
6		中信期货	12,709		-4,446		
7		国泰君安	12,072		-716		
8		光大期货	11,611		-3,393		
9		海通期货	10,104		615		
10		兴证期货	6,722		478		
11		徽商期货	6,416		-2,955		
12		华安期货	6,411		-3,081		
13		南华期货	5,901		-1,210		
14		浙商期货	5,665		2,989		
15		中辉期货	5,428		-754		
16		永安期货	5,047		-3,924		
17		西南期货	4,726		2,487		
18		东方财富	4,718		-382		
19		格林大华	4,476		91		
20		中信建投	3,954		-1,293		
总计				205,684		-27,142		

名次		会员简称	持买单量	增减		
1		永安期货	10,082		-113		
2		中信期货	10,063		48		
3		华泰期货	6,046		-790		
4		国泰君安	5,704		-941		
5		信达期货	5,513		54		
6		兴证期货	4,715		-143		
7		五矿经易	3,935		-1,724		
8		国投安信	3,740		42		
9		宏源期货	3,642		104		
10		东证期货	3,461		-304		
11		中粮期货	2,991		16		
12		国元期货	2,988		-145		
13		方正中期	2,981		-182		
14		申银万国	2,811		-105		
15		海通期货	2,493		-551		
16		中信建投	2,430		171		
17		新湖期货	2,135		-457		
18		国贸期货	2,120		-114		
19		国信期货	2,029		117		
20		中辉期货	2,010		318		
总计				81,889		-4,699		

名次		会员简称	持卖单量	增减		
1		国投安信	11,704		-4		
2		一德期货	11,306		-526		
3		银河期货	9,377		-193		
4		华安期货	8,484		-557		
5		鲁证期货	8,153		-129		
6		南华期货	6,140		-1,138		
7		永安期货	5,981		-398		
8		广发期货	4,863		-50		
9		东证期货	4,126		139		
10		国泰君安	4,056		605		
11		天风期货	3,962		31		
12		中信期货	3,710		-121		
13		北京首创	3,651		-169		
14		浙商期货	3,100		2,480		
15		国联期货	2,889		-648		
16		新湖期货	2,669		-71		
17		光大期货	2,518		74		
18		国富期货	2,497		45		
19		中粮期货	2,371		-172		
20		新纪元期货	2,236		-84		
总计				103,793		-886		



会员类别	总成交量	增减		
期货公司会员	205,684		-27,142		

会员类别	总持买单量	增减		
期货公司会员	81,889		-4,699		

会员类别	总持卖单量	增减		
期货公司会员	103,793		-886		

