								大连商品交易所 成交量_买持仓_卖持仓排名	

合约代码：a2105		Date：2020-09-21	

			期货公司会员	

名次		会员简称	成交量		增减		
1		华泰期货	2,385		-528		
2		深圳金汇	1,735		-204		
3		大有期货	1,357		-15		
4		财信期货	1,154		187		
5		华安期货	915		-561		
6		金瑞期货	575		-446		
7		中信期货	551		-13		
8		海通期货	461		251		
9		申银万国	449		102		
10		国富期货	444		124		
11		国泰君安	431		-54		
12		浙商期货	422		67		
13		方正中期	418		-11		
14		鲁证期货	374		-215		
15		徽商期货	340		116		
16		东证期货	284		-146		
17		北京首创	237		203		
18		长安期货	213		181		
19		银河期货	212		-186		
20		国金期货	183		90		
总计				13,140		-1,058		

名次		会员简称	持买单量	增减		
1		深圳金汇	3,022		1,721		
2		华泰期货	901		76		
3		中信期货	897		32		
4		永安期货	730		-14		
5		东吴期货	616		0		
6		华安期货	368		-189		
7		金瑞期货	329		33		
8		中粮期货	304		-19		
9		鲁证期货	272		34		
10		浙商期货	239		34		
11		国信期货	194		48		
12		西南期货	189		49		
13		首创京都	160		5		
14		国泰君安	153		12		
15		方正中期	152		-13		
16		广州金控	151		151		
17		光大期货	143		1		
18		徽商期货	138		-51		
19		锦泰期货	135		23		
20		中信建投	132		-10		
总计				9,225		1,923		

名次		会员简称	持卖单量	增减		
1		大有期货	1,349		281		
2		一德期货	1,164		91		
3		华安期货	1,093		504		
4		永安期货	1,085		-2		
5		北京首创	1,073		13		
6		鲁证期货	1,011		-92		
7		宏源期货	642		106		
8		东吴期货	565		-9		
9		华泰期货	479		31		
10		渤海期货	393		-8		
11		浙商期货	358		178		
12		中原期货	340		150		
13		迈科期货	214		0		
14		南华期货	209		-3		
15		海通期货	205		-13		
16		浙江新世纪	203		0		
17		财信期货	191		60		
18		广发期货	156		-8		
19		徽商期货	135		1		
20		中信期货	118		-3		
总计				10,983		1,277		



会员类别	总成交量	增减		
期货公司会员	13,140		-1,058		

会员类别	总持买单量	增减		
期货公司会员	9,225		1,923		

会员类别	总持卖单量	增减		
期货公司会员	10,983		1,277		

