								大连商品交易所 成交量_买持仓_卖持仓排名	

合约代码：pg2011		Date：2020-09-21	

			期货公司会员	

名次		会员简称	成交量		增减		
1		华泰期货	35,818		-14,096		
2		中信期货	23,795		-2,004		
3		海通期货	16,872		-6,966		
4		光大期货	13,101		-6,018		
5		国富期货	11,965		-3,501		
6		徽商期货	10,873		-4,322		
7		华安期货	9,394		-388		
8		国泰君安	8,976		-1,966		
9		东证期货	8,467		-2,477		
10		银河期货	8,025		-386		
11		兴证期货	7,085		-554		
12		东吴期货	7,070		658		
13		方正中期	6,879		-739		
14		广发期货	6,343		-3,591		
15		申银万国	5,551		-1,639		
16		华闻期货	4,944		-9,593		
17		永安期货	4,872		-1,785		
18		宏源期货	4,819		-778		
19		中辉期货	4,773		-2,286		
20		华西期货	4,279		-3,273		
总计				203,901		-65,704		

名次		会员简称	持买单量	增减		
1		中大期货	9,538		18		
2		永安期货	6,871		-566		
3		海通期货	2,190		466		
4		东证期货	2,123		-257		
5		银河期货	2,029		-128		
6		中财期货	1,677		159		
7		方正中期	1,540		125		
8		国泰君安	1,502		-425		
9		国海良时	1,473		-39		
10		浙商期货	1,355		226		
11		华安期货	1,327		180		
12		华西期货	1,247		-14		
13		中粮期货	1,213		-507		
14		光大期货	1,193		-203		
15		中信期货	1,143		-43		
16		徽商期货	1,004		-214		
17		大通期货	968		0		
18		瑞达期货	830		311		
19		一德期货	814		-2		
20		南华期货	771		-153		
总计				40,808		-1,066		

名次		会员简称	持卖单量	增减		
1		国投安信	11,937		-201		
2		银河期货	5,573		-77		
3		永安期货	4,643		-1,072		
4		中信期货	4,508		-1,358		
5		广发期货	4,298		-124		
6		一德期货	2,379		59		
7		东证期货	1,892		-692		
8		华泰期货	1,756		178		
9		国泰君安	1,570		-195		
10		华安期货	1,561		-580		
11		海航期货	1,405		-80		
12		海通期货	1,389		-22		
13		申银万国	837		-175		
14		北京首创	754		175		
15		徽商期货	740		-235		
16		中大期货	719		-115		
17		兴证期货	716		439		
18		方正中期	656		-428		
19		南华期货	643		222		
20		格林大华	621		-19		
总计				48,597		-4,300		



会员类别	总成交量	增减		
期货公司会员	203,901		-65,704		

会员类别	总持买单量	增减		
期货公司会员	40,808		-1,066		

会员类别	总持卖单量	增减		
期货公司会员	48,597		-4,300		

