								大连商品交易所 成交量_买持仓_卖持仓排名	

合约代码：c2109		Date：2020-09-21	

			期货公司会员	

名次		会员简称	成交量		增减		
1		建信期货	1,307		1,192		
2		华泰期货	1,021		757		
3		东证期货	948		-858		
4		永安期货	722		421		
5		徽商期货	672		-370		
6		中投期货	634		-477		
7		海证期货	613		442		
8		中信建投	526		-441		
9		招金期货	475		453		
10		五矿经易	465		372		
11		方正中期	421		270		
12		华融融达	421		369		
13		银河期货	386		294		
14		华安期货	376		45		
15		一德期货	368		261		
16		华金期货	344		-31		
17		安粮期货	301		38		
18		东吴期货	288		156		
19		格林大华	265		-337		
20		国泰君安	256		146		
总计				10,809		2,702		

名次		会员简称	持买单量	增减		
1		华融融达	1,930		-45		
2		中信建投	1,692		285		
3		建信期货	1,525		1,281		
4		先锋期货	1,261		-212		
5		安粮期货	1,145		-79		
6		国富期货	1,054		3		
7		银河期货	932		285		
8		国投安信	890		-88		
9		国贸期货	769		0		
10		中粮期货	713		10		
11		东吴期货	675		262		
12		永安期货	568		140		
13		招金期货	477		457		
14		华金期货	385		72		
15		华泰期货	343		-382		
16		光大期货	232		61		
17		福能期货	211		1		
18		信达期货	210		0		
19		宝城期货	167		-43		
20		国信期货	152		25		
总计				15,331		2,033		

名次		会员简称	持卖单量	增减		
1		海证期货	3,747		591		
2		东证期货	1,877		888		
3		中信期货	1,381		17		
4		五矿经易	1,171		408		
5		北京首创	1,019		-1		
6		国投安信	782		-5		
7		光大期货	588		5		
8		长江期货	571		-6		
9		中国国际	553		-1		
10		永安期货	505		442		
11		东航期货	400		-12		
12		华安期货	372		-18		
13		方正中期	343		242		
14		中信建投	250		193		
15		国泰君安	247		17		
16		海通期货	220		14		
17		信达期货	201		-20		
18		宝城期货	196		8		
19		中衍期货	195		16		
20		华西期货	189		-10		
总计				14,807		2,768		



会员类别	总成交量	增减		
期货公司会员	10,809		2,702		

会员类别	总持买单量	增减		
期货公司会员	15,331		2,033		

会员类别	总持卖单量	增减		
期货公司会员	14,807		2,768		

