								大连商品交易所 成交量_买持仓_卖持仓排名	

合约代码：m2101		Date：2020-09-21	

			期货公司会员	

名次		会员简称	成交量		增减		
1		东证期货	571,092		-189,399	
2		国泰君安	334,218		-19,821		
3		格林大华	156,558		-86,724		
4		海通期货	94,754		-12,471		
5		国富期货	88,423		-40,271		
6		中信期货	79,788		-36,614		
7		方正中期	54,774		-4,386		
8		永安期货	45,342		-56,403		
9		兴证期货	44,976		-4,251		
10		华泰期货	42,383		-30,238		
11		银河期货	41,905		-32,641		
12		金瑞期货	38,845		-9,933		
13		华闻期货	38,085		-17,259		
14		华西期货	36,819		-14,218		
15		新湖期货	35,397		-6,545		
16		申银万国	32,941		-28,061		
17		中粮期货	32,553		-23,496		
18		宏源期货	31,756		-13,658		
19		徽商期货	30,676		-14,671		
20		光大期货	29,968		943		
总计				1,861,253	-640,117	

名次		会员简称	持买单量	增减		
1		永安期货	102,442		-133		
2		五矿经易	72,855		772		
3		中信期货	69,706		-4,361		
4		中粮期货	69,406		870		
5		国投安信	55,007		-371		
6		一德期货	51,283		-3,218		
7		国泰君安	42,908		2,087		
8		申银万国	38,867		-3,253		
9		华泰期货	36,344		-742		
10		宏源期货	35,080		319		
11		南华期货	32,558		-39		
12		摩根大通	32,080		872		
13		瑞达期货	31,279		331		
14		海通期货	29,479		-15,729		
15		浙商期货	29,101		618		
16		银河期货	28,708		-4,350		
17		东证期货	28,197		-251		
18		方正中期	24,225		453		
19		国盛期货	23,111		6,145		
20		北京首创	22,953		1,353		
总计				855,589		-18,627		

名次		会员简称	持卖单量	增减		
1		国投安信	207,207		-3,319		
2		中粮期货	169,594		-4,549		
3		中信期货	97,244		2,235		
4		银河期货	91,697		-2,331		
5		国泰君安	81,628		2,003		
6		摩根大通	79,640		-20		
7		一德期货	74,071		-61		
8		南华期货	60,984		-820		
9		新湖期货	54,340		185		
10		鲁证期货	41,786		-845		
11		平安期货	40,856		1,165		
12		海通期货	36,423		7,681		
13		永安期货	33,008		1,579		
14		东证期货	29,565		-1,835		
15		华泰期货	22,651		1,321		
16		北京首创	22,204		-1,530		
17		建信期货	20,826		-1,443		
18		浙商期货	20,185		1,015		
19		中天期货	20,100		-715		
20		美尔雅期货	19,049		327		
总计				1,223,058	43		



会员类别	总成交量	增减		
期货公司会员	1,861,253	-640,117	

会员类别	总持买单量	增减		
期货公司会员	855,589		-18,627		

会员类别	总持卖单量	增减		
期货公司会员	1,223,058	43		

