								大连商品交易所 成交量_买持仓_卖持仓排名	

合约代码：c2011		Date：2020-09-21	

			期货公司会员	

名次		会员简称	成交量		增减		
1		光大期货	15,864		-1,619		
2		华泰期货	7,706		-4,879		
3		冠通期货	5,059		-1,721		
4		永安期货	4,345		38		
5		中粮期货	4,146		-1,757		
6		中大期货	3,979		-273		
7		鲁证期货	3,744		-579		
8		弘业期货	3,677		2,593		
9		银河期货	2,565		-4,691		
10		中信期货	2,357		551		
11		国海良时	1,758		-816		
12		海通期货	1,717		-675		
13		新湖期货	1,552		-287		
14		华闻期货	1,345		73		
15		国泰君安	1,324		28		
16		东证期货	1,296		341		
17		浙商期货	1,225		98		
18		锦泰期货	1,194		-779		
19		格林大华	1,173		-1,524		
20		申银万国	1,111		89		
总计				67,137		-15,789		

名次		会员简称	持买单量	增减		
1		国投安信	16,274		311		
2		冠通期货	3,806		535		
3		北京首创	3,186		-48		
4		兴证期货	2,922		601		
5		弘业期货	2,815		69		
6		东证期货	1,565		-6		
7		锦泰期货	1,130		320		
8		中大期货	1,027		-645		
9		东吴期货	963		-178		
10		中辉期货	821		1		
11		国泰君安	740		9		
12		创元期货	685		446		
13		国富期货	497		6		
14		中信期货	465		8		
15		华安期货	432		-11		
16		永安期货	393		43		
17		银河期货	382		-24		
18		中粮期货	331		-10		
19		光大期货	325		-6		
20		鲁证期货	284		-5		
总计				39,043		1,416		

名次		会员简称	持卖单量	增减		
1		中信期货	6,728		729		
2		银河期货	5,869		131		
3		民生期货	5,114		15		
4		一德期货	2,526		0		
5		弘业期货	2,330		78		
6		海通期货	2,031		-2		
7		永安期货	1,968		-22		
8		国泰君安	1,627		27		
9		广州金控	1,457		350		
10		中粮期货	1,196		60		
11		格林大华	1,067		-1		
12		中大期货	1,035		0		
13		国投安信	995		2		
14		中信建投	840		15		
15		光大期货	760		2		
16		徽商期货	570		-36		
17		长安期货	519		497		
18		华泰期货	496		111		
19		招商期货	463		11		
20		五矿经易	403		-5		
总计				37,994		1,962		



会员类别	总成交量	增减		
期货公司会员	67,137		-15,789		

会员类别	总持买单量	增减		
期货公司会员	39,043		1,416		

会员类别	总持卖单量	增减		
期货公司会员	37,994		1,962		

