								大连商品交易所 成交量_买持仓_卖持仓排名	

合约代码：jd2102		Date：2020-11-09	

			期货公司会员	

名次		会员简称	成交量		增减		
1		徽商期货	1,333		898		
2		光大期货	1,275		-317		
3		东证期货	1,217		-1,559		
4		东吴期货	1,086		1,026		
5		宏源期货	941		-228		
6		华安期货	550		42		
7		格林大华	489		-89		
8		国泰君安	462		-275		
9		中信期货	412		85		
10		申银万国	409		308		
11		华融融达	388		311		
12		安粮期货	382		35		
13		天风期货	371		-88		
14		银河期货	352		156		
15		国金期货	351		213		
16		鲁证期货	305		256		
17		东方财富	286		38		
18		海通期货	269		160		
19		中辉期货	264		130		
20		先锋期货	264		-75		
总计				11,406		1,027		

名次		会员简称	持买单量	增减		
1		福能期货	1,817		25		
2		宏源期货	1,592		-591		
3		徽商期货	1,361		-144		
4		中辉期货	1,347		34		
5		国泰君安	1,284		5		
6		汇鑫期货	1,280		-1		
7		东吴期货	1,168		988		
8		银河期货	1,146		-68		
9		美尔雅期货	931		-15		
10		东方财富	824		-65		
11		永安期货	789		-81		
12		中国国际	776		-88		
13		中信建投	759		-15		
14		海通期货	732		-6		
15		中钢期货	728		1		
16		华泰期货	714		29		
17		中银期货	647		4		
18		中信期货	590		-42		
19		国富期货	543		-4		
20		广发期货	512		-4		
总计				19,540		-38		

名次		会员简称	持卖单量	增减		
1		宏源期货	4,586		52		
2		先锋期货	3,208		48		
3		光大期货	2,657		59		
4		永安期货	1,662		19		
5		国泰君安	1,514		-57		
6		徽商期货	1,499		-151		
7		华安期货	1,164		82		
8		海航期货	1,057		2		
9		方正中期	800		10		
10		安粮期货	774		-66		
11		中信建投	762		5		
12		东海期货	755		74		
13		盛达期货	639		8		
14		上海大陆	637		38		
15		北京首创	621		2		
16		广发期货	620		71		
17		申银万国	576		-336		
18		国海良时	556		43		
19		中州期货	459		128		
20		招金期货	445		-26		
总计				24,991		5		



会员类别	总成交量	增减		
期货公司会员	11,406		1,027		

会员类别	总持买单量	增减		
期货公司会员	19,540		-38		

会员类别	总持卖单量	增减		
期货公司会员	24,991		5		

