								大连商品交易所 成交量_买持仓_卖持仓排名	

合约代码：v2101		Date：2020-11-09	

			期货公司会员	

名次		会员简称	成交量		增减		
1		东证期货	182,923		80,302		
2		兴证期货	88,887		49,162		
3		国泰君安	38,205		18,716		
4		永安期货	31,645		21,877		
5		海通期货	31,097		21,594		
6		中信期货	25,793		16,370		
7		国富期货	20,443		12,359		
8		华金期货	20,378		2,235		
9		华泰期货	20,097		14,830		
10		中信建投	15,605		4,874		
11		美尔雅期货	13,359		11,069		
12		中辉期货	12,819		8,253		
13		方正中期	12,227		8,063		
14		徽商期货	11,851		6,130		
15		银河期货	10,573		6,722		
16		广发期货	9,880		6,811		
17		国元期货	9,117		6,515		
18		宏源期货	9,003		6,288		
19		南华期货	8,707		7,258		
20		瑞达期货	8,403		1,851		
总计				581,012		311,279		

名次		会员简称	持买单量	增减		
1		永安期货	67,703		6,873		
2		中信期货	21,337		1,552		
3		华泰期货	17,907		5,610		
4		国泰君安	12,443		867		
5		东证期货	9,768		3,102		
6		一德期货	9,699		232		
7		国投安信	9,427		-824		
8		天风期货	9,173		583		
9		兴证期货	6,635		-583		
10		瑞达期货	6,550		589		
11		中信建投	6,537		-25		
12		国海良时	6,432		-1,639		
13		申银万国	6,208		1,767		
14		鲁证期货	6,166		1,803		
15		方正中期	5,907		883		
16		浙商期货	5,805		-881		
17		海通期货	5,686		1,840		
18		美尔雅期货	5,546		4,103		
19		银河期货	5,363		-79		
20		宏源期货	5,362		802		
总计				229,654		26,575		

名次		会员简称	持卖单量	增减		
1		永安期货	39,461		4,316		
2		国信期货	22,290		327		
3		国贸期货	13,650		-532		
4		中财期货	13,552		1,437		
5		广发期货	12,261		2,247		
6		兴业期货	11,571		-19		
7		大地期货	11,542		167		
8		浙商期货	11,274		2,391		
9		一德期货	9,754		75		
10		中信期货	9,492		2,845		
11		建信期货	9,243		1,160		
12		中信建投	8,916		2,668		
13		国泰君安	8,716		264		
14		申银万国	8,616		1,494		
15		中国国际	8,174		51		
16		华泰期货	7,888		-1,171		
17		东证期货	7,490		923		
18		方正中期	7,011		716		
19		银河期货	6,461		-34		
20		信达期货	6,072		435		
总计				233,434		19,760		



会员类别	总成交量	增减		
期货公司会员	581,012		311,279		

会员类别	总持买单量	增减		
期货公司会员	229,654		26,575		

会员类别	总持卖单量	增减		
期货公司会员	233,434		19,760		

