								大连商品交易所 成交量_买持仓_卖持仓排名	

合约代码：m2105		Date：2020-11-09	

			期货公司会员	

名次		会员简称	成交量		增减		
1		东证期货	358,407		102,735		
2		国泰君安	190,236		121,032		
3		永安期货	63,795		6,783		
4		中信期货	58,158		554		
5		光大期货	48,919		17,380		
6		浙商期货	48,170		16,526		
7		华西期货	46,081		39,331		
8		新湖期货	42,695		-19,070		
9		兴证期货	41,498		4,246		
10		海通期货	40,921		-6,507		
11		华泰期货	37,012		14,764		
12		一德期货	34,058		15,844		
13		国富期货	31,450		-5,776		
14		中粮期货	29,996		2,959		
15		宏源期货	21,327		4,886		
16		国投安信	21,224		-1,919		
17		银河期货	20,651		-8,224		
18		安粮期货	18,479		3,387		
19		方正中期	17,320		3,239		
20		美尔雅期货	16,325		-4,172		
总计				1,186,722	307,998		

名次		会员简称	持买单量	增减		
1		永安期货	105,446		-16,126		
2		中信期货	54,783		10,241		
3		浙商期货	48,565		4,285		
4		国泰君安	45,905		2,047		
5		东证期货	44,039		3,279		
6		银河期货	38,619		3,840		
7		五矿经易	37,782		4,159		
8		宏源期货	37,662		-1,438		
9		中粮期货	35,992		9,823		
10		海通期货	32,780		-6,678		
11		一德期货	31,759		-2,770		
12		东吴期货	29,327		-981		
13		华泰期货	27,741		587		
14		摩根大通	27,460		14		
15		广发期货	25,693		463		
16		国投安信	25,176		826		
17		申银万国	23,409		1,595		
18		国富期货	22,810		794		
19		光大期货	19,594		-11,227		
20		中信建投	18,638		14		
总计				733,180		2,747		

名次		会员简称	持卖单量	增减		
1		中粮期货	295,468		-3,581		
2		国投安信	207,284		-2,170		
3		银河期货	102,784		-385		
4		广发期货	66,299		2,519		
5		国泰君安	61,713		3,115		
6		海通期货	48,514		3,563		
7		中信期货	44,871		447		
8		永安期货	42,968		633		
9		一德期货	32,824		-3,774		
10		南华期货	29,438		111		
11		新湖期货	29,002		-118		
12		鲁证期货	27,371		-465		
13		北京首创	26,896		-4,969		
14		渤海期货	26,621		-271		
15		摩根大通	23,717		874		
16		平安期货	20,636		2,437		
17		五矿经易	14,550		322		
18		建信期货	13,982		28		
19		冠通期货	13,588		329		
20		宏源期货	13,294		883		
总计				1,141,820	-472		



会员类别	总成交量	增减		
期货公司会员	1,186,722	307,998		

会员类别	总持买单量	增减		
期货公司会员	733,180		2,747		

会员类别	总持卖单量	增减		
期货公司会员	1,141,820	-472		

