								大连商品交易所 成交量_买持仓_卖持仓排名	

合约代码：y2109		Date：2020-11-09	

			期货公司会员	

名次		会员简称	成交量		增减		
1		国泰君安	6,895		6,434		
2		申银万国	5,806		5,765		
3		宏源期货	5,577		4,216		
4		浙商期货	3,884		3,673		
5		中天期货	3,215		-135		
6		安粮期货	2,748		2,644		
7		宝城期货	2,719		2,682		
8		中粮期货	1,464		272		
9		银河期货	1,103		818		
10		海通期货	1,079		-10		
11		锦泰期货	1,034		311		
12		一德期货	956		-352		
13		中财期货	922		915		
14		中投期货	901		-216		
15		东证期货	766		170		
16		中信期货	685		426		
17		五矿经易	641		365		
18		招金期货	600		91		
19		徽商期货	556		409		
20		兴证期货	409		88		
总计				41,960		28,566		

名次		会员简称	持买单量	增减		
1		中财期货	4,891		850		
2		五矿经易	4,645		443		
3		东证期货	3,109		495		
4		中州期货	1,896		-16		
5		摩根大通	1,460		261		
6		金元期货	1,103		193		
7		银河期货	954		-194		
8		永安期货	667		62		
9		国泰君安	661		19		
10		光大期货	659		12		
11		招金期货	576		357		
12		中辉期货	563		75		
13		中投期货	513		127		
14		广州期货	507		25		
15		兴证期货	501		-10		
16		中信期货	458		318		
17		中粮期货	377		-54		
18		广发期货	377		-5		
19		瑞达期货	373		9		
20		平安期货	366		6		
总计				24,656		2,973		

名次		会员简称	持卖单量	增减		
1		摩根大通	7,247		0		
2		中粮期货	4,504		1,272		
3		国投安信	3,832		0		
4		一德期货	3,246		844		
5		信达期货	2,236		0		
6		光大期货	2,026		0		
7		华泰期货	1,173		3		
8		东证期货	1,116		11		
9		北京首创	952		2		
10		国泰君安	880		160		
11		宏源期货	866		141		
12		永安期货	705		14		
13		中天期货	412		79		
14		五矿经易	337		0		
15		东方财富	222		40		
16		前海期货	200		0		
17		建信期货	140		42		
18		中钢期货	100		0		
19		申银万国	81		-1		
20		徽商期货	63		7		
总计				30,338		2,614		



会员类别	总成交量	增减		
期货公司会员	41,960		28,566		

会员类别	总持买单量	增减		
期货公司会员	24,656		2,973		

会员类别	总持卖单量	增减		
期货公司会员	30,338		2,614		

