								大连商品交易所 成交量_买持仓_卖持仓排名	

合约代码：b2101		Date：2020-11-09	

			期货公司会员	

名次		会员简称	成交量		增减		
1		华泰期货	6,875		860		
2		华闻期货	2,716		340		
3		申银万国	2,571		615		
4		五矿经易	2,511		-61		
5		海通期货	2,284		-491		
6		锦泰期货	2,134		-302		
7		国海良时	2,132		68		
8		渤海期货	1,866		-145		
9		国泰君安	1,758		516		
10		弘业期货	1,444		-499		
11		金瑞期货	1,369		-357		
12		国投安信	1,341		191		
13		光大期货	1,333		-117		
14		广发期货	1,256		358		
15		安粮期货	1,185		-188		
16		国富期货	1,060		-116		
17		国信期货	973		-236		
18		徽商期货	939		66		
19		南华期货	834		-222		
20		东证期货	760		5		
总计				37,341		285		

名次		会员简称	持买单量	增减		
1		国投安信	2,039		-61		
2		海通期货	1,372		-354		
3		光大期货	1,139		-253		
4		弘业期货	913		-8		
5		摩根大通	708		0		
6		国海良时	642		-142		
7		方正中期	597		5		
8		申银万国	567		424		
9		华泰期货	516		89		
10		南华期货	507		-8		
11		渤海期货	466		101		
12		中信期货	446		-1		
13		国信期货	444		-7		
14		徽商期货	372		-359		
15		银河期货	292		22		
16		五矿经易	283		0		
17		华安期货	279		9		
18		国泰君安	274		-121		
19		金瑞期货	258		225		
20		中粮期货	222		-490		
总计				12,336		-929		

名次		会员简称	持卖单量	增减		
1		上海中期	2,066		-104		
2		国投安信	2,054		-372		
3		海通期货	1,333		2		
4		光大期货	991		-238		
5		弘业期货	898		-6		
6		南华期货	718		-16		
7		方正中期	574		2		
8		渤海期货	545		105		
9		国海良时	541		8		
10		五矿经易	481		51		
11		平安期货	415		16		
12		国信期货	410		-16		
13		华泰期货	319		-24		
14		中信建投	317		-414		
15		华闻期货	217		54		
16		美尔雅期货	204		16		
17		东证期货	187		-95		
18		银河期货	180		-343		
19		东吴期货	165		5		
20		华安期货	155		-64		
总计				12,770		-1,433		



会员类别	总成交量	增减		
期货公司会员	37,341		285		

会员类别	总持买单量	增减		
期货公司会员	12,336		-929		

会员类别	总持卖单量	增减		
期货公司会员	12,770		-1,433		

