								大连商品交易所 成交量_买持仓_卖持仓排名	

合约代码：y2105		Date：2020-11-09	

			期货公司会员	

名次		会员简称	成交量		增减		
1		东证期货	94,256		16,827		
2		光大期货	55,322		6,439		
3		国泰君安	22,459		4,552		
4		国投安信	19,117		14,477		
5		中信期货	18,093		10,013		
6		五矿经易	17,121		5,060		
7		华泰期货	16,435		7,072		
8		申银万国	15,970		6,300		
9		国元期货	14,845		3,585		
10		永安期货	14,212		4,784		
11		海通期货	14,103		6,539		
12		宏源期货	13,220		3,599		
13		中粮期货	13,118		5,901		
14		银河期货	12,841		5,864		
15		国富期货	11,617		6,251		
16		一德期货	11,249		4,856		
17		华安期货	9,497		2,886		
18		美尔雅期货	8,910		6,564		
19		方正中期	7,564		3,130		
20		天风期货	7,092		4,055		
总计				397,041		128,754		

名次		会员简称	持买单量	增减		
1		中粮期货	47,408		-2,986		
2		五矿经易	32,162		6,378		
3		浙商期货	23,788		1,574		
4		中信期货	19,244		6,623		
5		永安期货	19,171		742		
6		天风期货	14,447		2,771		
7		国投安信	12,357		-2,473		
8		一德期货	12,314		-748		
9		广发期货	11,305		-162		
10		大越期货	10,182		-298		
11		东兴期货	9,599		-58		
12		东证期货	9,438		862		
13		国泰君安	8,326		-708		
14		光大期货	7,401		1,796		
15		华泰期货	7,134		-375		
16		国盛期货	6,432		-192		
17		兴证期货	5,776		-258		
18		宝城期货	5,370		-256		
19		中财期货	5,173		-745		
20		银河期货	4,281		39		
总计				271,308		11,526		

名次		会员简称	持卖单量	增减		
1		中粮期货	59,297		614		
2		国投安信	44,168		1,634		
3		一德期货	36,744		4,407		
4		银河期货	29,831		-1,138		
5		中信期货	18,432		886		
6		摩根大通	18,419		561		
7		国富期货	16,074		5,481		
8		国泰君安	13,299		1,173		
9		平安期货	12,333		-485		
10		新湖期货	9,170		-287		
11		海通期货	9,065		2,089		
12		广发期货	9,040		1,916		
13		永安期货	8,130		216		
14		五矿经易	7,287		859		
15		北京首创	5,593		-74		
16		南华期货	5,558		133		
17		东证期货	4,665		72		
18		华安期货	4,662		849		
19		宏源期货	4,369		483		
20		上海中期	4,363		-365		
总计				320,499		19,024		



会员类别	总成交量	增减		
期货公司会员	397,041		128,754		

会员类别	总持买单量	增减		
期货公司会员	271,308		11,526		

会员类别	总持卖单量	增减		
期货公司会员	320,499		19,024		

