								大连商品交易所 成交量_买持仓_卖持仓排名	

合约代码：jm2101		Date：2020-11-09	

			期货公司会员	

名次		会员简称	成交量		增减		
1		东证期货	27,913		994		
2		中信期货	11,962		3,543		
3		国富期货	10,769		733		
4		申银万国	10,494		7,543		
5		光大期货	8,358		1,185		
6		华泰期货	7,497		1,892		
7		国泰君安	6,795		-2,008		
8		海通期货	5,337		1,554		
9		迈科期货	4,532		654		
10		美尔雅期货	4,390		146		
11		银河期货	4,239		266		
12		徽商期货	4,129		1,757		
13		永安期货	3,753		1,055		
14		中辉期货	3,604		-987		
15		鲁证期货	3,035		-377		
16		方正中期	2,934		632		
17		长江期货	2,628		2,140		
18		国投安信	2,561		1,105		
19		兴证期货	2,434		770		
20		中粮期货	2,347		318		
总计				129,711		22,915		

名次		会员简称	持买单量	增减		
1		中信期货	14,015		-135		
2		东证期货	11,783		6,890		
3		申银万国	6,630		3,440		
4		华泰期货	5,084		-741		
5		国泰君安	4,041		605		
6		国投安信	3,188		-265		
7		国富期货	2,725		27		
8		永安期货	2,650		-1		
9		鲁证期货	2,342		401		
10		国联期货	2,309		542		
11		冠通期货	2,268		71		
12		银河期货	1,894		484		
13		海通期货	1,777		297		
14		兴证期货	1,692		-245		
15		迈科期货	1,691		-29		
16		长安期货	1,610		66		
17		中粮期货	1,521		-1,109		
18		广发期货	1,366		46		
19		中信建投	1,301		-37		
20		建信期货	1,295		-59		
总计				71,182		10,248		

名次		会员简称	持卖单量	增减		
1		东证期货	14,659		6,987		
2		申银万国	7,475		2,560		
3		中信期货	6,253		291		
4		一德期货	5,163		461		
5		平安期货	5,028		258		
6		永安期货	4,860		516		
7		中信建投	4,550		369		
8		中辉期货	4,046		1,027		
9		国富期货	3,808		-210		
10		华泰期货	3,277		142		
11		浙商期货	2,743		-67		
12		银河期货	2,693		187		
13		英大期货	2,510		765		
14		国泰君安	2,110		38		
15		鲁证期货	1,990		326		
16		国贸期货	1,700		-130		
17		冠通期货	1,555		183		
18		海通期货	1,477		304		
19		迈科期货	1,398		101		
20		南华期货	1,220		361		
总计				78,515		14,469		



会员类别	总成交量	增减		
期货公司会员	129,711		22,915		

会员类别	总持买单量	增减		
期货公司会员	71,182		10,248		

会员类别	总持卖单量	增减		
期货公司会员	78,515		14,469		

