								大连商品交易所 成交量_买持仓_卖持仓排名	

合约代码：i2105		Date：2020-11-09	

			期货公司会员	

名次		会员简称	成交量		增减		
1		光大期货	25,561		7,585		
2		一德期货	15,609		14,815		
3		东证期货	14,947		4,624		
4		中信期货	11,164		5,858		
5		申银万国	8,570		7,411		
6		永安期货	8,482		2,354		
7		东海期货	8,108		7,665		
8		南华期货	7,815		4,867		
9		银河期货	7,716		6,282		
10		东吴期货	7,715		5,763		
11		渤海期货	7,527		3,487		
12		国泰君安	7,376		3,615		
13		五矿经易	7,127		2,464		
14		上海中期	6,076		5,662		
15		方正中期	5,989		4,226		
16		格林大华	5,475		5,410		
17		华闻期货	4,394		1,462		
18		弘业期货	4,184		3,701		
19		浙商期货	4,074		3,465		
20		鲁证期货	3,946		2,830		
总计				171,855		103,546		

名次		会员简称	持买单量	增减		
1		申银万国	30,858		7,207		
2		银河期货	16,121		4,118		
3		鲁证期货	12,015		1,518		
4		方正中期	10,319		2,187		
5		国泰君安	8,704		1,118		
6		海证期货	7,762		120		
7		国贸期货	7,691		-116		
8		浙商期货	6,504		-542		
9		永安期货	5,318		-464		
10		中信建投	4,478		-84		
11		华泰期货	4,373		986		
12		英大期货	4,290		-183		
13		长江期货	3,991		-677		
14		冠通期货	3,937		14		
15		东海期货	3,228		-4,797		
16		中粮期货	3,188		74		
17		上海中期	3,054		-473		
18		中信期货	3,028		386		
19		金瑞期货	3,015		4		
20		中辉期货	2,818		205		
总计				144,692		10,601		

名次		会员简称	持卖单量	增减		
1		永安期货	18,094		-396		
2		浙商期货	13,958		-120		
3		一德期货	13,163		91		
4		五矿经易	10,437		4,986		
5		兴证期货	9,540		70		
6		天风期货	7,285		-8		
7		广发期货	6,839		117		
8		大越期货	6,089		941		
9		中信建投	5,656		141		
10		中信期货	4,890		-296		
11		国投安信	4,080		-225		
12		华泰期货	4,065		662		
13		银河期货	3,986		-326		
14		东兴期货	3,706		-87		
15		大地期货	3,390		-1,551		
16		鲁证期货	3,342		-42		
17		东证期货	3,244		40		
18		宝城期货	3,216		-4		
19		光大期货	3,160		92		
20		瑞达期货	3,127		-18		
总计				131,267		4,067		



会员类别	总成交量	增减		
期货公司会员	171,855		103,546		

会员类别	总持买单量	增减		
期货公司会员	144,692		10,601		

会员类别	总持卖单量	增减		
期货公司会员	131,267		4,067		

