								大连商品交易所 成交量_买持仓_卖持仓排名	

合约代码：jd2101		Date：2020-11-09	

			期货公司会员	

名次		会员简称	成交量		增减		
1		东证期货	51,480		-12,952		
2		徽商期货	20,698		-10,384		
3		海通期货	17,330		-2,989		
4		国富期货	17,084		-3,728		
5		华安期货	15,088		-466		
6		宏源期货	14,861		-5,888		
7		方正中期	14,410		-3,899		
8		东吴期货	14,055		-3,745		
9		中信期货	13,789		-5,175		
10		国泰君安	12,488		-5,729		
11		银河期货	10,330		-8,491		
12		中信建投	10,048		-4,205		
13		申银万国	9,644		-6,182		
14		美尔雅期货	8,477		485		
15		南华期货	7,973		798		
16		中辉期货	7,779		-4,046		
17		华泰期货	7,778		-5,877		
18		先锋期货	6,634		-473		
19		安粮期货	6,600		-3,136		
20		兴证期货	6,096		-1,580		
总计				272,642		-87,662		

名次		会员简称	持买单量	增减		
1		国泰君安	7,346		-72		
2		方正中期	5,460		1,011		
3		福能期货	5,194		-73		
4		中信期货	4,377		1,088		
5		宏源期货	4,267		-98		
6		徽商期货	4,056		-341		
7		华安期货	3,629		-665		
8		银河期货	3,604		385		
9		永安期货	3,439		-6		
10		华融融达	3,296		-102		
11		中信建投	3,199		-99		
12		汇鑫期货	2,995		-224		
13		鲁证期货	2,967		116		
14		中州期货	2,513		903		
15		海通期货	2,511		1,439		
16		新湖期货	2,411		101		
17		弘业期货	2,238		-381		
18		华泰期货	2,186		88		
19		中辉期货	1,993		41		
20		财信期货	1,979		356		
总计				69,660		3,467		

名次		会员简称	持卖单量	增减		
1		徽商期货	5,921		1,487		
2		华泰期货	5,782		380		
3		国泰君安	4,413		104		
4		中信期货	4,351		-1,343		
5		方正中期	4,065		-271		
6		永安期货	3,672		-431		
7		宏源期货	3,575		-995		
8		银河期货	3,507		23		
9		中信建投	3,476		-91		
10		兴证期货	3,396		-314		
11		国海良时	2,908		1,295		
12		中粮期货	2,906		503		
13		东证期货	2,715		-648		
14		华安期货	2,491		-161		
15		中辉期货	2,311		684		
16		海通期货	2,298		-1,003		
17		华闻期货	2,198		1,341		
18		东航期货	2,065		35		
19		南华期货	1,979		97		
20		瑞达期货	1,952		-1,278		
总计				65,981		-586		



会员类别	总成交量	增减		
期货公司会员	272,642		-87,662		

会员类别	总持买单量	增减		
期货公司会员	69,660		3,467		

会员类别	总持卖单量	增减		
期货公司会员	65,981		-586		

