								大连商品交易所 成交量_买持仓_卖持仓排名	

合约代码：a2105		Date：2020-11-09	

			期货公司会员	

名次		会员简称	成交量		增减		
1		华泰期货	11,480		2,882		
2		中信期货	2,208		713		
3		华安期货	2,060		1,299		
4		国富期货	1,885		29		
5		光大期货	1,578		428		
6		申银万国	1,508		226		
7		安粮期货	1,400		-48		
8		国泰君安	1,315		-18		
9		中信建投	1,090		141		
10		国投安信	1,010		559		
11		弘业期货	982		838		
12		徽商期货	950		-135		
13		海通期货	866		48		
14		格林大华	854		733		
15		华融融达	837		154		
16		东证期货	812		-178		
17		永安期货	788		324		
18		金瑞期货	780		258		
19		长江期货	754		436		
20		宏源期货	626		243		
总计				33,783		8,932		

名次		会员简称	持买单量	增减		
1		华金期货	1,231		-8		
2		中信期货	1,174		-98		
3		东海期货	714		-29		
4		永安期货	694		23		
5		深圳金汇	550		0		
6		招金期货	539		-127		
7		国投安信	530		-103		
8		中粮期货	495		-2		
9		方正中期	475		-56		
10		东吴期货	390		1		
11		先融期货	371		101		
12		中信建投	365		-349		
13		北京首创	357		15		
14		华泰期货	330		-50		
15		国泰君安	315		-26		
16		金瑞期货	305		-25		
17		中财期货	295		255		
18		鲁证期货	287		-4		
19		宏源期货	261		56		
20		申银万国	238		44		
总计				9,916		-382		

名次		会员简称	持卖单量	增减		
1		东证期货	1,377		6		
2		北京首创	1,306		383		
3		弘业期货	987		836		
4		永安期货	954		173		
5		宏源期货	552		254		
6		一德期货	493		0		
7		天风期货	412		131		
8		五矿经易	350		22		
9		徽商期货	343		7		
10		南华期货	340		16		
11		大有期货	340		1		
12		美尔雅期货	334		2		
13		东吴期货	312		-3		
14		广发期货	299		-19		
15		中信建投	282		121		
16		方正中期	266		15		
17		东方财富	238		39		
18		鲁证期货	234		3		
19		国泰君安	232		-35		
20		中信期货	232		16		
总计				9,883		1,968		



会员类别	总成交量	增减		
期货公司会员	33,783		8,932		

会员类别	总持买单量	增减		
期货公司会员	9,916		-382		

会员类别	总持卖单量	增减		
期货公司会员	9,883		1,968		

