								大连商品交易所 成交量_买持仓_卖持仓排名	

合约代码：cs2101		Date：2020-11-09	

			期货公司会员	

名次		会员简称	成交量		增减		
1		华泰期货	53,514		5,738		
2		东证期货	40,330		6,952		
3		国富期货	24,271		6,359		
4		国泰君安	22,867		4,700		
5		中信期货	16,594		7,619		
6		海通期货	10,766		-4,887		
7		银河期货	9,284		4,112		
8		兴证期货	7,358		1,510		
9		东方财富	5,675		2,855		
10		光大期货	5,631		237		
11		广发期货	5,211		641		
12		国投安信	4,894		2,223		
13		徽商期货	4,577		372		
14		华闻期货	4,102		2,848		
15		中粮期货	3,989		2,551		
16		新湖期货	3,633		1,623		
17		金瑞期货	3,546		944		
18		方正中期	3,314		681		
19		中辉期货	3,221		1,841		
20		中信建投	3,217		-360		
总计				235,994		48,559		

名次		会员简称	持买单量	增减		
1		中粮期货	8,476		396		
2		中信期货	8,020		753		
3		鲁证期货	7,876		-91		
4		广发期货	6,006		999		
5		永安期货	5,856		251		
6		银河期货	4,834		2,201		
7		新湖期货	4,795		321		
8		弘业期货	4,722		-8		
9		一德期货	4,219		-19		
10		东证期货	3,934		1,417		
11		国投安信	3,733		1,929		
12		国泰君安	3,335		12		
13		东吴期货	2,760		-108		
14		华融融达	2,458		4		
15		五矿经易	2,382		234		
16		华泰期货	2,363		186		
17		兴证期货	1,964		356		
18		中辉期货	1,809		-1,766		
19		徽商期货	1,789		4		
20		海证期货	1,691		-12		
总计				83,022		7,059		

名次		会员简称	持卖单量	增减		
1		国泰君安	8,128		1,359		
2		国金期货	7,954		-1		
3		金瑞期货	7,605		-51		
4		中信期货	7,498		-2,525		
5		南华期货	5,221		797		
6		中粮期货	5,133		-2,509		
7		华泰期货	4,796		1,628		
8		宏源期货	4,108		926		
9		永安期货	3,484		75		
10		平安期货	3,075		30		
11		方正中期	2,973		602		
12		兴证期货	2,938		214		
13		鲁证期货	2,887		-265		
14		国投安信	2,317		-601		
15		海通期货	2,204		-89		
16		宝城期货	2,092		1,991		
17		银河期货	2,011		159		
18		申银万国	1,744		81		
19		光大期货	1,697		-309		
20		招商期货	1,607		-38		
总计				79,472		1,474		



会员类别	总成交量	增减		
期货公司会员	235,994		48,559		

会员类别	总持买单量	增减		
期货公司会员	83,022		7,059		

会员类别	总持卖单量	增减		
期货公司会员	79,472		1,474		

