								大连商品交易所 成交量_买持仓_卖持仓排名	

合约代码：c2107		Date：2020-11-09	

			期货公司会员	

名次		会员简称	成交量		增减		
1		华泰期货	45,133		7,170		
2		国泰君安	19,205		2,558		
3		东证期货	15,709		5,598		
4		光大期货	13,254		4,382		
5		中辉期货	13,104		3,880		
6		国富期货	12,732		-2,820		
7		方正中期	8,682		1,791		
8		五矿经易	8,260		1,732		
9		海通期货	6,715		-7,947		
10		中大期货	6,695		490		
11		冠通期货	6,131		3,548		
12		弘业期货	4,728		1,458		
13		国海良时	4,705		-515		
14		浙商期货	4,648		804		
15		鲁证期货	4,546		-352		
16		永安期货	4,085		464		
17		格林大华	3,644		-1,729		
18		金瑞期货	3,624		171		
19		宏源期货	3,301		1,517		
20		中信期货	2,867		-454		
总计				191,768		21,746		

名次		会员简称	持买单量	增减		
1		鲁证期货	28,424		-197		
2		一德期货	12,473		1		
3		中信建投	11,068		-63		
4		中州期货	9,200		-17		
5		国泰君安	7,974		32		
6		永安期货	3,470		443		
7		中信期货	3,427		51		
8		中辉期货	3,379		-46		
9		海通期货	2,532		-228		
10		华泰期货	1,709		78		
11		混沌天成	1,700		100		
12		东证期货	1,667		294		
13		中大期货	1,528		0		
14		光大期货	1,421		1,341		
15		五矿经易	1,267		100		
16		申银万国	1,155		38		
17		海证期货	1,095		-52		
18		东吴期货	1,082		-49		
19		浙商期货	1,039		26		
20		国富期货	1,036		-44		
总计				96,646		1,808		

名次		会员简称	持卖单量	增减		
1		光大期货	12,792		113		
2		中信期货	12,261		40		
3		东证期货	10,092		17		
4		金瑞期货	8,553		151		
5		国投安信	6,671		6		
6		鲁证期货	5,717		-9		
7		徽商期货	4,587		-106		
8		东吴期货	3,711		662		
9		海证期货	3,628		2		
10		国泰君安	3,261		19		
11		东海期货	2,547		298		
12		海通期货	2,500		-491		
13		永安期货	2,384		-2		
14		华安期货	2,017		245		
15		中大期货	1,616		19		
16		长江期货	1,529		-372		
17		北京首创	1,440		14		
18		浙商期货	1,377		-30		
19		华泰期货	1,172		403		
20		国富期货	1,147		-62		
总计				89,002		917		



会员类别	总成交量	增减		
期货公司会员	191,768		21,746		

会员类别	总持买单量	增减		
期货公司会员	96,646		1,808		

会员类别	总持卖单量	增减		
期货公司会员	89,002		917		

