								大连商品交易所 成交量_买持仓_卖持仓排名	

合约代码：pp2105		Date：2020-11-09	

			期货公司会员	

名次		会员简称	成交量		增减		
1		华安期货	1,958		404		
2		宏源期货	1,615		-298		
3		东证期货	1,573		345		
4		上海大陆	1,336		255		
5		中信期货	1,301		424		
6		国投安信	1,236		353		
7		华闻期货	1,017		300		
8		徽商期货	954		-481		
9		中大期货	931		861		
10		国泰君安	928		-143		
11		银河期货	921		696		
12		浙江新世纪	848		407		
13		永安期货	809		-1,513		
14		方正中期	787		274		
15		海通期货	704		354		
16		南华期货	649		151		
17		招金期货	614		-187		
18		华泰期货	601		464		
19		国富期货	563		182		
20		金瑞期货	492		8		
总计				19,837		2,856		

名次		会员简称	持买单量	增减		
1		永安期货	5,174		-12		
2		中信期货	2,781		221		
3		瑞达期货	2,549		14		
4		鲁证期货	2,413		55		
5		国泰君安	1,847		363		
6		东证期货	1,732		145		
7		国投安信	1,409		-150		
8		华泰期货	1,054		21		
9		宏源期货	771		-605		
10		一德期货	736		71		
11		中银期货	732		188		
12		东海期货	691		-90		
13		兴业期货	648		0		
14		华安期货	643		-518		
15		银河期货	615		177		
16		南华期货	573		52		
17		浙商期货	543		-207		
18		建信期货	522		66		
19		海通期货	483		64		
20		光大期货	445		1		
总计				26,361		-144		

名次		会员简称	持卖单量	增减		
1		华泰期货	4,935		-486		
2		国投安信	2,573		226		
3		永安期货	2,062		41		
4		浙商期货	1,953		-14		
5		东海期货	1,397		-5		
6		方正中期	1,311		346		
7		鲁证期货	1,119		-23		
8		中大期货	1,077		9		
9		五矿经易	1,054		-13		
10		国海良时	1,040		180		
11		国信期货	980		-35		
12		南华期货	741		3		
13		广发期货	726		-6		
14		信达期货	701		-10		
15		中信期货	678		106		
16		兴证期货	609		-39		
17		国贸期货	564		322		
18		国泰君安	563		-77		
19		浙江新世纪	555		408		
20		华安期货	517		14		
总计				25,155		947		



会员类别	总成交量	增减		
期货公司会员	19,837		2,856		

会员类别	总持买单量	增减		
期货公司会员	26,361		-144		

会员类别	总持卖单量	增减		
期货公司会员	25,155		947		

