								大连商品交易所 成交量_买持仓_卖持仓排名	

合约代码：i2109		Date：2020-11-09	

			期货公司会员	

名次		会员简称	成交量		增减		
1		光大期货	2,069		1,068		
2		方正中期	2,001		1,630		
3		中信期货	1,961		1,406		
4		国泰君安	1,686		832		
5		东吴期货	1,396		846		
6		创元期货	1,317		1,309		
7		上海中期	1,285		1,216		
8		永安期货	619		527		
9		银河期货	602		554		
10		鲁证期货	511		378		
11		五矿经易	503		269		
12		南华期货	467		262		
13		中辉期货	463		329		
14		东证期货	415		333		
15		华泰期货	395		170		
16		华闻期货	391		140		
17		一德期货	356		332		
18		美尔雅期货	352		282		
19		国联期货	347		217		
20		宏源期货	341		321		
总计				17,477		12,421		

名次		会员简称	持买单量	增减		
1		浙商期货	3,496		1		
2		广发期货	1,627		17		
3		华泰期货	1,324		-116		
4		金石期货	1,184		1		
5		海证期货	1,024		-6		
6		银河期货	702		-53		
7		东海期货	524		26		
8		中国国际	521		-6		
9		浙江新世纪	513		-25		
10		上海中期	484		409		
11		东航期货	455		-23		
12		乾坤期货	450		0		
13		永安期货	447		-131		
14		创元期货	445		427		
15		英大期货	362		-43		
16		海通期货	355		8		
17		海航期货	350		-4		
18		徽商期货	339		-1		
19		方正中期	333		-455		
20		申银万国	245		-42		
总计				15,180		-16		

名次		会员简称	持卖单量	增减		
1		国泰君安	2,305		12		
2		永安期货	1,883		278		
3		上海中期	1,358		-588		
4		银河期货	1,342		25		
5		国投安信	1,123		6		
6		海证期货	1,120		64		
7		海通期货	1,079		-59		
8		国富期货	1,071		-23		
9		东证期货	657		-27		
10		国联期货	615		-165		
11		光大期货	545		-6		
12		大地期货	462		55		
13		中财期货	444		22		
14		国贸期货	433		-83		
15		徽商期货	418		4		
16		前海期货	354		-46		
17		华西期货	330		1		
18		宏源期货	322		-2		
19		山金期货	296		-52		
20		中辉期货	276		116		
总计				16,433		-468		



会员类别	总成交量	增减		
期货公司会员	17,477		12,421		

会员类别	总持买单量	增减		
期货公司会员	15,180		-16		

会员类别	总持卖单量	增减		
期货公司会员	16,433		-468		

