								大连商品交易所 成交量_买持仓_卖持仓排名	

合约代码：pp2101		Date：2020-11-13	

			期货公司会员	

名次		会员简称	成交量		增减		
1		东证期货	255,897		76,071		
2		中信期货	104,621		35,252		
3		国泰君安	86,017		31,692		
4		海通期货	47,193		17,406		
5		国富期货	45,142		18,180		
6		国投安信	41,964		16,377		
7		方正中期	40,048		16,577		
8		华泰期货	36,301		9,166		
9		徽商期货	35,321		14,275		
10		银河期货	31,724		18,354		
11		兴证期货	31,335		16,540		
12		华安期货	30,478		13,201		
13		东方财富	22,154		7,115		
14		中信建投	22,000		8,776		
15		华闻期货	19,292		8,724		
16		东航期货	19,183		9,111		
17		永安期货	18,835		3,752		
18		东吴期货	18,349		8,884		
19		弘业期货	18,233		12,335		
20		南华期货	17,887		5,185		
总计				941,974		346,973		

名次		会员简称	持买单量	增减		
1		中信期货	57,271		3,767		
2		永安期货	33,438		-286		
3		华泰期货	14,443		1,551		
4		国泰君安	12,959		-852		
5		东证期货	10,210		-91		
6		兴证期货	9,287		2,465		
7		东海期货	9,077		624		
8		海通期货	9,068		-1,136		
9		国投安信	7,159		487		
10		宏源期货	6,440		1,135		
11		申银万国	6,407		723		
12		中粮期货	5,692		-70		
13		中信建投	5,000		1,298		
14		银河期货	4,999		688		
15		方正中期	4,928		-564		
16		瑞达期货	4,660		216		
17		徽商期货	4,614		-207		
18		华安期货	4,464		467		
19		南华期货	4,179		1,293		
20		浙商期货	4,140		-596		
总计				218,435		10,912		

名次		会员简称	持卖单量	增减		
1		永安期货	20,035		2,381		
2		浙商期货	18,182		1,867		
3		国泰君安	17,081		4,139		
4		南华期货	12,656		1,948		
5		华泰期货	12,185		510		
6		中信期货	11,437		1,592		
7		国投安信	11,221		-853		
8		瑞达期货	10,737		512		
9		广发期货	10,661		917		
10		国信期货	9,910		417		
11		银河期货	9,307		2,922		
12		鲁证期货	8,999		-869		
13		长江期货	8,857		1,953		
14		国海良时	7,923		822		
15		方正中期	7,855		1,828		
16		中信建投	7,727		1,946		
17		东证期货	7,093		-598		
18		光大期货	6,544		1,641		
19		徽商期货	5,688		102		
20		华安期货	5,342		-939		
总计				209,440		22,238		



会员类别	总成交量	增减		
期货公司会员	941,974		346,973		

会员类别	总持买单量	增减		
期货公司会员	218,435		10,912		

会员类别	总持卖单量	增减		
期货公司会员	209,440		22,238		

