								大连商品交易所 成交量_买持仓_卖持仓排名	

合约代码：eb2103		Date：2020-11-13	

			期货公司会员	

名次		会员简称	成交量		增减		
1		东证期货	11,842		-922		
2		国泰君安	11,397		1,721		
3		中信期货	9,893		1,492		
4		申银万国	6,315		2,903		
5		方正中期	4,677		931		
6		海通期货	4,290		532		
7		鲁证期货	4,183		584		
8		锦泰期货	4,143		1,931		
9		迈科期货	4,043		168		
10		五矿经易	3,593		-1,475		
11		华闻期货	3,467		979		
12		瑞达期货	3,130		340		
13		银河期货	2,422		-670		
14		光大期货	808		-2,448		
15		一德期货	402		260		
16		宏源期货	251		124		
17		永安期货	246		198		
18		华泰期货	244		-343		
19		南华期货	211		173		
20		平安期货	165		44		
总计				75,722		6,522		

名次		会员简称	持买单量	增减		
1		华泰期货	4,400		212		
2		锦泰期货	1,477		-1		
3		国泰君安	1,350		4		
4		中信期货	1,280		-9		
5		五矿经易	1,202		12		
6		鲁证期货	826		0		
7		东证期货	681		1		
8		瑞达期货	497		-2		
9		一德期货	433		376		
10		海通期货	313		16		
11		银河期货	290		27		
12		国金期货	199		-5		
13		申银万国	175		0		
14		徽商期货	166		17		
15		中衍期货	107		0		
16		方正中期	87		-6		
17		先锋期货	58		0		
18		中信建投	50		0		
19		创元期货	50		0		
20		国元期货	41		0		
总计				13,682		642		

名次		会员简称	持卖单量	增减		
1		国泰君安	1,548		59		
2		锦泰期货	1,527		50		
3		中信期货	1,416		4		
4		五矿经易	1,413		11		
5		东证期货	758		-3		
6		永安期货	718		140		
7		鲁证期货	701		1		
8		南华期货	525		199		
9		瑞达期货	496		-4		
10		银河期货	444		11		
11		建信期货	438		48		
12		中财期货	407		0		
13		海通期货	346		42		
14		浙商期货	276		-21		
15		迈科期货	245		-14		
16		海证期货	205		14		
17		信达期货	200		0		
18		申银万国	188		13		
19		平安期货	174		145		
20		招金期货	167		5		
总计				12,192		700		



会员类别	总成交量	增减		
期货公司会员	75,722		6,522		

会员类别	总持买单量	增减		
期货公司会员	13,682		642		

会员类别	总持卖单量	增减		
期货公司会员	12,192		700		

