								大连商品交易所 成交量_买持仓_卖持仓排名	

合约代码：b2101		Date：2020-11-13	

			期货公司会员	

名次		会员简称	成交量		增减		
1		华泰期货	10,337		3,829		
2		海通期货	5,689		-964		
3		申银万国	2,964		838		
4		南华期货	2,651		1,554		
5		华闻期货	2,551		235		
6		国富期货	2,403		494		
7		国投安信	2,020		594		
8		五矿经易	1,858		98		
9		徽商期货	1,853		-155		
10		锦泰期货	1,805		-33		
11		渤海期货	1,631		563		
12		国海良时	1,585		68		
13		弘业期货	1,567		-5		
14		国泰君安	1,143		-138		
15		方正中期	1,141		295		
16		国信期货	1,116		-465		
17		安粮期货	1,051		111		
18		中信期货	1,041		213		
19		光大期货	959		-44		
20		金瑞期货	610		-263		
总计				45,975		6,825		

名次		会员简称	持买单量	增减		
1		国投安信	2,049		28		
2		海通期货	1,217		-91		
3		光大期货	1,194		190		
4		国海良时	972		-52		
5		南华期货	904		393		
6		弘业期货	900		4		
7		摩根大通	708		0		
8		渤海期货	641		37		
9		方正中期	546		16		
10		国信期货	520		-22		
11		徽商期货	466		-169		
12		申银万国	428		14		
13		华泰期货	371		37		
14		中信期货	351		-65		
15		广发期货	327		-51		
16		银河期货	326		74		
17		五矿经易	291		15		
18		金瑞期货	286		150		
19		华安期货	258		-26		
20		锦泰期货	242		104		
总计				12,997		586		

名次		会员简称	持卖单量	增减		
1		国投安信	2,096		26		
2		上海中期	1,605		-1		
3		海通期货	1,143		8		
4		光大期货	1,105		265		
5		南华期货	1,011		290		
6		摩根大通	1,000		0		
7		弘业期货	901		1		
8		国海良时	832		9		
9		渤海期货	564		22		
10		方正中期	538		1		
11		国信期货	517		-6		
12		华泰期货	404		18		
13		国贸期货	315		21		
14		新湖期货	312		3		
15		五矿经易	312		-1		
16		中信建投	281		-380		
17		美尔雅期货	206		-144		
18		华闻期货	199		-10		
19		国富期货	194		56		
20		华安期货	187		22		
总计				13,722		200		



会员类别	总成交量	增减		
期货公司会员	45,975		6,825		

会员类别	总持买单量	增减		
期货公司会员	12,997		586		

会员类别	总持卖单量	增减		
期货公司会员	13,722		200		

