								大连商品交易所 成交量_买持仓_卖持仓排名	

合约代码：p2105		Date：2020-11-13	

			期货公司会员	

名次		会员简称	成交量		增减		
1		光大期货	23,469		-90		
2		东证期货	13,333		3,183		
3		国泰君安	11,928		-1,240		
4		中信期货	11,674		2,319		
5		兴证期货	10,099		8,473		
6		五矿经易	9,217		2,492		
7		宏源期货	6,741		-3,272		
8		海通期货	6,122		794		
9		中粮期货	5,458		59		
10		国元期货	5,204		-3,760		
11		华创期货	4,392		1,532		
12		华泰期货	4,124		-4,061		
13		国富期货	3,530		-2,370		
14		上海中期	2,834		-4,405		
15		徽商期货	2,814		-176		
16		浙商期货	2,798		1,525		
17		方正中期	2,566		-231		
18		东吴期货	2,532		-258		
19		南华期货	2,525		-585		
20		国投安信	2,381		-1,562		
总计				133,741		-1,633		

名次		会员简称	持买单量	增减		
1		五矿经易	19,549		199		
2		永安期货	15,246		-155		
3		天风期货	9,925		172		
4		大地期货	8,938		-74		
5		国投安信	8,156		895		
6		国泰君安	7,952		-1,255		
7		中信期货	7,386		2,601		
8		大越期货	7,358		-18		
9		浙商期货	7,307		-708		
10		华泰期货	6,102		-224		
11		北京首创	5,601		28		
12		国盛期货	5,044		2,211		
13		东证期货	4,245		566		
14		光大期货	3,685		-134		
15		中粮期货	3,529		-855		
16		国富期货	3,362		-554		
17		东海期货	3,230		-46		
18		一德期货	2,707		222		
19		广发期货	2,680		-88		
20		中国国际	2,493		-51		
总计				134,495		2,732		

名次		会员简称	持卖单量	增减		
1		一德期货	21,528		-762		
2		银河期货	15,793		-185		
3		中粮期货	14,652		2,119		
4		中融汇信	8,302		-937		
5		国投安信	8,181		134		
6		中信期货	8,134		241		
7		上海中期	7,595		-91		
8		永安期货	7,488		-22		
9		东证期货	5,747		43		
10		华融融达	5,425		380		
11		广发期货	5,405		416		
12		摩根大通	5,185		-1,008		
13		国贸期货	5,038		962		
14		海通期货	4,560		334		
15		弘业期货	4,040		96		
16		五矿经易	3,083		614		
17		海证期货	2,767		-85		
18		英大期货	2,759		50		
19		华泰期货	2,158		96		
20		宏源期货	1,955		275		
总计				139,795		2,670		



会员类别	总成交量	增减		
期货公司会员	133,741		-1,633		

会员类别	总持买单量	增减		
期货公司会员	134,495		2,732		

会员类别	总持卖单量	增减		
期货公司会员	139,795		2,670		

