								大连商品交易所 成交量_买持仓_卖持仓排名	

合约代码：b2102		Date：2020-11-13	

			期货公司会员	

名次		会员简称	成交量		增减		
1		华泰期货	21,952		1,728		
2		海通期货	5,565		-1,173		
3		国富期货	3,326		958		
4		国投安信	2,778		506		
5		南华期货	2,348		858		
6		国海良时	1,724		-179		
7		方正中期	1,561		-16		
8		五矿经易	1,552		-824		
9		弘业期货	1,536		-613		
10		华闻期货	1,425		485		
11		锦泰期货	1,383		-142		
12		光大期货	1,124		-236		
13		安粮期货	1,029		202		
14		徽商期货	968		275		
15		中信期货	917		139		
16		国信期货	866		-26		
17		申银万国	824		274		
18		东证期货	779		-214		
19		渤海期货	771		201		
20		华安期货	713		103		
总计				53,141		2,306		

名次		会员简称	持买单量	增减		
1		申银万国	3,465		52		
2		国投安信	2,051		13		
3		海通期货	1,166		163		
4		五矿经易	1,154		4		
5		光大期货	928		182		
6		方正中期	892		3		
7		弘业期货	842		0		
8		南华期货	822		297		
9		国海良时	483		-9		
10		华泰期货	331		-62		
11		渤海期货	322		10		
12		倍特期货	307		-4		
13		华西期货	279		-1		
14		永安期货	274		28		
15		国信期货	252		0		
16		国泰君安	194		-12		
17		东方财富	187		-18		
18		长江期货	167		18		
19		东证期货	155		15		
20		兴证期货	141		67		
总计				14,412		746		

名次		会员简称	持卖单量	增减		
1		申银万国	3,334		48		
2		国投安信	2,050		1		
3		五矿经易	1,123		0		
4		方正中期	876		-8		
5		弘业期货	867		-12		
6		光大期货	862		194		
7		南华期货	832		287		
8		海通期货	758		18		
9		东证期货	583		6		
10		国海良时	571		-11		
11		渤海期货	320		9		
12		新湖期货	314		-4		
13		先融期货	297		0		
14		华泰期货	283		-6		
15		新晟期货	274		22		
16		国信期货	250		-6		
17		广发期货	236		-86		
18		中信期货	225		122		
19		东海期货	216		-1		
20		永安期货	191		-14		
总计				14,462		559		



会员类别	总成交量	增减		
期货公司会员	53,141		2,306		

会员类别	总持买单量	增减		
期货公司会员	14,412		746		

会员类别	总持卖单量	增减		
期货公司会员	14,462		559		

