								大连商品交易所 成交量_买持仓_卖持仓排名	

合约代码：y2109		Date：2020-11-13	

			期货公司会员	

名次		会员简称	成交量		增减		
1		银河期货	1,798		739		
2		海通期货	1,446		-206		
3		中天期货	1,052		-1,257		
4		宏源期货	831		-81		
5		锦泰期货	745		93		
6		招金期货	528		84		
7		东证期货	496		-276		
8		国泰君安	472		265		
9		国富期货	367		-207		
10		华闻期货	325		79		
11		金元期货	304		304		
12		五矿经易	274		10		
13		中财期货	252		152		
14		方正中期	251		50		
15		徽商期货	222		-143		
16		长江期货	221		61		
17		光大期货	185		-420		
18		鲁证期货	170		147		
19		北京首创	170		164		
20		中投期货	151		-369		
总计				10,260		-811		

名次		会员简称	持买单量	增减		
1		中财期货	4,043		-248		
2		五矿经易	3,945		-250		
3		海通期货	3,104		442		
4		东证期货	2,282		96		
5		国泰君安	1,570		-2		
6		中州期货	1,543		0		
7		摩根大通	1,500		0		
8		金元期货	1,401		300		
9		一德期货	1,109		0		
10		永安期货	762		-21		
11		中信期货	623		7		
12		国富期货	532		357		
13		广州期货	514		2		
14		广发期货	511		49		
15		中辉期货	493		25		
16		光大期货	414		2		
17		兴证期货	404		7		
18		中粮期货	377		-9		
19		平安期货	361		0		
20		上海中期	351		-8		
总计				25,839		749		

名次		会员简称	持卖单量	增减		
1		摩根大通	7,448		41		
2		中粮期货	4,759		0		
3		国投安信	3,434		1		
4		一德期货	2,619		0		
5		信达期货	2,235		0		
6		光大期货	1,804		1		
7		银河期货	1,290		1,245		
8		华泰期货	1,167		-2		
9		北京首创	1,116		165		
10		东证期货	1,108		0		
11		宏源期货	705		-171		
12		永安期货	682		-26		
13		国泰君安	640		-240		
14		中天期货	473		-3		
15		五矿经易	396		-2		
16		前海期货	320		-80		
17		国富期货	163		0		
18		东方财富	163		-59		
19		中钢期货	125		0		
20		建信期货	112		-28		
总计				30,759		842		



会员类别	总成交量	增减		
期货公司会员	10,260		-811		

会员类别	总持买单量	增减		
期货公司会员	25,839		749		

会员类别	总持卖单量	增减		
期货公司会员	30,759		842		

