								大连商品交易所 成交量_买持仓_卖持仓排名	

合约代码：l2105		Date：2020-11-13	

			期货公司会员	

名次		会员简称	成交量		增减		
1		东证期货	14,540		5,086		
2		银河期货	5,672		4,404		
3		中信期货	3,408		1,107		
4		国泰君安	2,464		1,173		
5		华泰期货	2,200		527		
6		中粮期货	2,055		1,790		
7		中财期货	2,024		1,962		
8		国信期货	1,540		979		
9		光大期货	1,420		412		
10		中国国际	1,403		1,040		
11		美尔雅期货	1,265		269		
12		冠通期货	1,252		428		
13		信达期货	1,177		-251		
14		南华期货	1,123		609		
15		方正中期	1,113		748		
16		弘业期货	1,105		649		
17		永安期货	1,084		159		
18		宝城期货	1,045		992		
19		国投安信	1,035		-52		
20		华闻期货	999		325		
总计				47,924		22,356		

名次		会员简称	持买单量	增减		
1		信达期货	6,479		1,002		
2		东证期货	3,759		1,841		
3		华泰期货	3,411		548		
4		永安期货	2,481		165		
5		南华期货	2,305		434		
6		中粮期货	2,238		301		
7		中信期货	2,016		684		
8		华金期货	1,855		-33		
9		国投安信	1,574		311		
10		一德期货	1,502		307		
11		大地期货	1,487		-378		
12		浙商期货	1,421		220		
13		浙江新世纪	1,364		628		
14		中辉期货	1,247		114		
15		国泰君安	1,123		358		
16		方正中期	1,043		4		
17		华安期货	1,016		138		
18		瑞达期货	860		-200		
19		东海期货	826		249		
20		银河期货	766		-301		
总计				38,773		6,392		

名次		会员简称	持卖单量	增减		
1		银河期货	10,154		4,133		
2		中信期货	4,939		-64		
3		国信期货	4,905		420		
4		国海良时	4,001		579		
5		建信期货	3,144		295		
6		华泰期货	2,802		-88		
7		永安期货	2,528		-295		
8		一德期货	2,145		-8		
9		中财期货	2,008		2,001		
10		光大期货	1,422		-75		
11		方正中期	1,415		353		
12		宝城期货	1,244		1,000		
13		东海期货	1,228		6		
14		平安期货	1,193		82		
15		东吴期货	1,069		77		
16		五矿经易	920		9		
17		信达期货	737		3		
18		中粮期货	676		-880		
19		先锋期货	543		163		
20		宏源期货	503		29		
总计				47,576		7,740		



会员类别	总成交量	增减		
期货公司会员	47,924		22,356		

会员类别	总持买单量	增减		
期货公司会员	38,773		6,392		

会员类别	总持卖单量	增减		
期货公司会员	47,576		7,740		

