								大连商品交易所 成交量_买持仓_卖持仓排名	

合约代码：jd2101		Date：2020-11-13	

			期货公司会员	

名次		会员简称	成交量		增减		
1		东证期货	55,129		5,361		
2		徽商期货	25,229		208		
3		银河期货	21,797		5,832		
4		国泰君安	19,200		-5,975		
5		中信期货	15,370		-2,374		
6		方正中期	14,457		-2,943		
7		宏源期货	13,829		-7,513		
8		国富期货	13,797		-732		
9		华安期货	13,184		-3,550		
10		中辉期货	12,569		4,126		
11		海通期货	11,236		614		
12		申银万国	10,959		-736		
13		东吴期货	10,649		-721		
14		中信建投	10,015		38		
15		华泰期货	9,430		-525		
16		先锋期货	7,812		312		
17		安粮期货	7,120		-235		
18		鲁证期货	6,594		2,075		
19		华融融达	6,485		-474		
20		光大期货	6,343		-732		
总计				291,204		-7,944		

名次		会员简称	持买单量	增减		
1		徽商期货	8,242		-366		
2		方正中期	6,696		-882		
3		华安期货	6,467		535		
4		永安期货	6,106		545		
5		中信期货	5,774		-276		
6		瑞达期货	5,433		240		
7		宏源期货	4,986		83		
8		国泰君安	4,602		-1,618		
9		东证期货	4,516		1,666		
10		中信建投	4,203		860		
11		华泰期货	4,128		1,436		
12		弘业期货	4,049		-256		
13		银河期货	3,457		-64		
14		汇鑫期货	3,442		30		
15		安粮期货	3,301		554		
16		广发期货	3,172		622		
17		长江期货	2,950		889		
18		先锋期货	2,874		-42		
19		新湖期货	2,840		111		
20		中辉期货	2,752		585		
总计				89,990		4,652		

名次		会员简称	持卖单量	增减		
1		中信期货	7,135		2,090		
2		国泰君安	6,780		850		
3		东证期货	6,279		-163		
4		兴证期货	6,086		404		
5		中信建投	6,069		943		
6		华泰期货	5,898		694		
7		宏源期货	5,893		1,008		
8		方正中期	5,656		517		
9		银河期货	4,701		303		
10		海通期货	4,620		316		
11		徽商期货	4,584		59		
12		永安期货	3,970		-119		
13		中辉期货	3,821		180		
14		瑞达期货	3,247		900		
15		海证期货	3,037		605		
16		华闻期货	3,020		-292		
17		华安期货	2,899		291		
18		南华期货	2,802		420		
19		申银万国	2,770		548		
20		东吴期货	2,523		1,153		
总计				91,790		10,707		



会员类别	总成交量	增减		
期货公司会员	291,204		-7,944		

会员类别	总持买单量	增减		
期货公司会员	89,990		4,652		

会员类别	总持卖单量	增减		
期货公司会员	91,790		10,707		

