								大连商品交易所 成交量_买持仓_卖持仓排名	

合约代码：eg2101		Date：2020-11-13	

			期货公司会员	

名次		会员简称	成交量		增减		
1		东证期货	114,084		35,078		
2		中信期货	46,957		20,952		
3		国泰君安	31,509		5,339		
4		国富期货	27,083		6,990		
5		华泰期货	21,474		2,602		
6		徽商期货	19,852		6,812		
7		光大期货	18,177		11,654		
8		海通期货	17,468		6,200		
9		方正中期	13,943		5,038		
10		永安期货	13,308		6,278		
11		银河期货	12,551		2,880		
12		兴证期货	12,415		8,684		
13		华安期货	11,129		2,420		
14		中辉期货	10,907		6,087		
15		申银万国	10,472		4,225		
16		南华期货	10,112		3,978		
17		东吴期货	9,477		1,010		
18		东方财富	8,845		1,575		
19		新湖期货	8,466		2,878		
20		宏源期货	8,452		3,604		
总计				426,681		144,284		

名次		会员简称	持买单量	增减		
1		弘业期货	11,917		3,276		
2		兴业期货	8,826		2,239		
3		信达期货	8,481		-157		
4		华泰期货	7,855		682		
5		永安期货	7,585		-379		
6		国泰君安	7,431		3,368		
7		东证期货	6,985		1,175		
8		通惠期货	5,832		-66		
9		中信期货	5,647		-685		
10		建信期货	5,542		754		
11		宏源期货	4,950		171		
12		新湖期货	4,860		291		
13		创元期货	4,842		523		
14		中财期货	4,834		1,560		
15		华闻期货	4,659		80		
16		南华期货	4,413		1,164		
17		方正中期	4,325		-39		
18		福能期货	4,237		43		
19		国投安信	3,992		919		
20		鲁证期货	3,762		-19		
总计				120,975		14,900		

名次		会员简称	持卖单量	增减		
1		中信期货	21,279		10,390		
2		永安期货	13,209		-2,875		
3		华泰期货	9,638		1,554		
4		国泰君安	5,762		871		
5		宏源期货	5,439		803		
6		兴证期货	5,383		572		
7		天风期货	5,185		-381		
8		国元期货	4,964		-334		
9		中信建投	4,565		1,007		
10		东证期货	4,553		1,071		
11		国贸期货	4,538		-783		
12		申银万国	4,318		377		
13		中辉期货	4,164		1,303		
14		银河期货	3,763		181		
15		宝城期货	3,676		491		
16		国投安信	3,642		-206		
17		海通期货	3,612		491		
18		南华期货	3,513		-572		
19		东海期货	3,470		159		
20		方正中期	3,401		1,180		
总计				118,074		15,299		



会员类别	总成交量	增减		
期货公司会员	426,681		144,284		

会员类别	总持买单量	增减		
期货公司会员	120,975		14,900		

会员类别	总持卖单量	增减		
期货公司会员	118,074		15,299		

