								大连商品交易所 成交量_买持仓_卖持仓排名	

合约代码：pg2012		Date：2020-11-13	

			期货公司会员	

名次		会员简称	成交量		增减		
1		华泰期货	30,329		-1,600		
2		中信期货	13,597		2,129		
3		国富期货	12,354		542		
4		国泰君安	7,427		-457		
5		海通期货	6,357		-215		
6		光大期货	5,856		237		
7		东海期货	5,519		-299		
8		兴证期货	4,890		-120		
9		银河期货	4,807		490		
10		徽商期货	4,783		558		
11		申银万国	4,757		468		
12		瑞达期货	4,662		-2,697		
13		华安期货	4,523		139		
14		东证期货	4,471		-1,565		
15		国投安信	4,432		702		
16		永安期货	3,687		1,051		
17		方正中期	3,453		-390		
18		东吴期货	2,930		-134		
19		华闻期货	2,804		-91		
20		美尔雅期货	2,669		1,068		
总计				134,307		-184		

名次		会员简称	持买单量	增减		
1		永安期货	4,802		1,349		
2		方正中期	1,648		179		
3		银河期货	1,637		236		
4		瑞达期货	1,453		632		
5		天风期货	1,289		14		
6		招金期货	1,211		114		
7		南华期货	1,093		418		
8		华安期货	1,030		143		
9		徽商期货	992		0		
10		广发期货	956		-152		
11		东证期货	956		59		
12		浙商期货	913		365		
13		国泰君安	909		352		
14		中信期货	896		-78		
15		兴业期货	894		-30		
16		北京首创	699		72		
17		一德期货	679		-16		
18		中信建投	627		164		
19		国投安信	625		-4		
20		海证期货	616		-235		
总计				23,925		3,582		

名次		会员简称	持卖单量	增减		
1		中信期货	6,745		-2,113		
2		东证期货	3,509		-398		
3		永安期货	2,313		-60		
4		国投安信	2,024		-602		
5		国泰君安	1,548		307		
6		南华期货	1,437		273		
7		中信建投	1,371		283		
8		华泰期货	1,315		688		
9		兴证期货	1,036		193		
10		美尔雅期货	832		755		
11		中财期货	770		613		
12		瑞达期货	768		538		
13		海证期货	757		213		
14		兴业期货	733		15		
15		海通期货	656		264		
16		方正中期	653		64		
17		宝城期货	596		127		
18		国信期货	576		-6		
19		华闻期货	545		372		
20		东海期货	544		173		
总计				28,728		1,699		



会员类别	总成交量	增减		
期货公司会员	134,307		-184		

会员类别	总持买单量	增减		
期货公司会员	23,925		3,582		

会员类别	总持卖单量	增减		
期货公司会员	28,728		1,699		

