								大连商品交易所 成交量_买持仓_卖持仓排名	

合约代码：b2101		Date：2020-11-06	

			期货公司会员	

名次		会员简称	成交量		增减		
1		华泰期货	6,015		2,384		
2		海通期货	2,775		-4,036		
3		五矿经易	2,572		-391		
4		锦泰期货	2,436		540		
5		华闻期货	2,376		640		
6		国海良时	2,064		384		
7		渤海期货	2,011		-505		
8		申银万国	1,956		-944		
9		弘业期货	1,943		-120		
10		金瑞期货	1,726		1,103		
11		光大期货	1,450		332		
12		安粮期货	1,373		-101		
13		国泰君安	1,242		478		
14		中信建投	1,219		33		
15		国信期货	1,209		-743		
16		国富期货	1,176		-113		
17		国投安信	1,150		-837		
18		南华期货	1,056		-2,044		
19		方正中期	1,023		119		
20		先锋期货	912		512		
总计				37,684		-3,309		

名次		会员简称	持买单量	增减		
1		国投安信	2,100		13		
2		海通期货	1,726		60		
3		光大期货	1,392		263		
4		弘业期货	921		-8		
5		国海良时	784		211		
6		徽商期货	731		35		
7		中粮期货	712		701		
8		摩根大通	708		0		
9		方正中期	592		38		
10		南华期货	515		0		
11		国信期货	451		31		
12		中信期货	447		61		
13		华泰期货	427		66		
14		国泰君安	395		154		
15		广发期货	370		-171		
16		渤海期货	365		1		
17		浙商期货	340		19		
18		永安期货	305		71		
19		宏源期货	298		-79		
20		五矿经易	283		-1		
总计				13,862		1,465		

名次		会员简称	持卖单量	增减		
1		国投安信	2,426		321		
2		上海中期	2,170		15		
3		海通期货	1,331		-43		
4		光大期货	1,229		197		
5		弘业期货	904		-29		
6		南华期货	734		34		
7		中信建投	731		498		
8		方正中期	572		-15		
9		国海良时	533		173		
10		银河期货	523		150		
11		渤海期货	440		-42		
12		五矿经易	430		9		
13		国信期货	426		4		
14		平安期货	399		7		
15		国富期货	396		296		
16		华泰期货	343		51		
17		宏源期货	307		53		
18		东证期货	282		12		
19		华安期货	219		7		
20		美尔雅期货	188		86		
总计				14,583		1,784		



会员类别	总成交量	增减		
期货公司会员	37,684		-3,309		

会员类别	总持买单量	增减		
期货公司会员	13,862		1,465		

会员类别	总持卖单量	增减		
期货公司会员	14,583		1,784		

