								大连商品交易所 成交量_买持仓_卖持仓排名	

合约代码：c2107		Date：2020-11-06	

			期货公司会员	

名次		会员简称	成交量		增减		
1		华泰期货	37,963		-2,704		
2		国泰君安	16,647		-8,128		
3		国富期货	15,552		1,323		
4		海通期货	14,662		-911		
5		东证期货	10,111		2,203		
6		中辉期货	9,224		5,447		
7		光大期货	8,872		152		
8		方正中期	6,891		1,118		
9		五矿经易	6,528		964		
10		中大期货	6,205		-119		
11		格林大华	5,373		-452		
12		国海良时	5,220		-184		
13		鲁证期货	4,898		-210		
14		浙商期货	3,844		-498		
15		永安期货	3,621		785		
16		金瑞期货	3,453		767		
17		中信期货	3,321		51		
18		弘业期货	3,270		-2,126		
19		申银万国	2,986		-1,294		
20		冠通期货	2,583		-1,919		
总计				171,224		-5,735		

名次		会员简称	持买单量	增减		
1		鲁证期货	28,621		-225		
2		一德期货	12,472		-19		
3		中信建投	11,131		988		
4		中州期货	9,217		-3		
5		国泰君安	7,942		2		
6		中辉期货	3,425		3		
7		中信期货	3,376		128		
8		永安期货	3,027		1		
9		海通期货	2,760		-25		
10		华泰期货	1,631		127		
11		混沌天成	1,600		0		
12		中大期货	1,528		0		
13		东证期货	1,373		-36		
14		五矿经易	1,167		300		
15		海证期货	1,147		0		
16		东吴期货	1,131		1		
17		申银万国	1,117		-6		
18		国富期货	1,080		18		
19		浙商期货	1,013		1		
20		先锋期货	807		-4		
总计				95,565		1,251		

名次		会员简称	持卖单量	增减		
1		光大期货	12,679		-41		
2		中信期货	12,221		11		
3		东证期货	10,075		-1,983		
4		金瑞期货	8,402		-284		
5		国投安信	6,665		4		
6		鲁证期货	5,726		-257		
7		徽商期货	4,693		194		
8		海证期货	3,626		0		
9		国泰君安	3,242		29		
10		东吴期货	3,049		1,134		
11		海通期货	2,991		7		
12		永安期货	2,386		6		
13		东海期货	2,249		1,497		
14		长江期货	1,901		-8		
15		华安期货	1,772		56		
16		中大期货	1,597		1		
17		北京首创	1,426		27		
18		浙商期货	1,407		147		
19		国富期货	1,209		32		
20		冠通期货	1,177		587		
总计				88,493		1,159		



会员类别	总成交量	增减		
期货公司会员	171,224		-5,735		

会员类别	总持买单量	增减		
期货公司会员	95,565		1,251		

会员类别	总持卖单量	增减		
期货公司会员	88,493		1,159		

