								大连商品交易所 成交量_买持仓_卖持仓排名	

合约代码：i2109		Date：2020-11-06	

			期货公司会员	

名次		会员简称	成交量		增减		
1		光大期货	1,001		-303		
2		国泰君安	854		-1,272		
3		中信期货	555		-366		
4		东吴期货	550		-867		
5		方正中期	371		-259		
6		兴证期货	262		18		
7		华闻期货	251		45		
8		五矿经易	234		-202		
9		华泰期货	225		173		
10		南华期货	205		-19		
11		国信期货	204		-24		
12		浙江新世纪	179		21		
13		徽商期货	166		-67		
14		华安期货	147		-102		
15		中辉期货	134		-151		
16		鲁证期货	133		-168		
17		国联期货	130		6		
18		金瑞期货	124		-52		
19		天风期货	120		-21		
20		海通期货	106		-136		
总计				5,951		-3,746		

名次		会员简称	持买单量	增减		
1		浙商期货	3,495		-25		
2		广发期货	1,610		-18		
3		华泰期货	1,440		96		
4		金石期货	1,183		63		
5		海证期货	1,030		-19		
6		方正中期	788		-29		
7		银河期货	755		11		
8		永安期货	578		-7		
9		浙江新世纪	538		75		
10		中国国际	527		-3		
11		东海期货	498		-7		
12		东航期货	478		0		
13		乾坤期货	450		0		
14		英大期货	405		-3		
15		光大期货	358		12		
16		海航期货	354		-3		
17		海通期货	347		-6		
18		徽商期货	340		-29		
19		中信建投	304		16		
20		申银万国	287		-52		
总计				15,765		72		

名次		会员简称	持卖单量	增减		
1		国泰君安	2,293		98		
2		上海中期	1,946		9		
3		永安期货	1,605		39		
4		银河期货	1,317		11		
5		海通期货	1,138		-4		
6		国投安信	1,117		50		
7		国富期货	1,094		0		
8		海证期货	1,056		0		
9		国联期货	780		2		
10		东证期货	684		-24		
11		光大期货	551		13		
12		国贸期货	516		0		
13		北京首创	438		1		
14		中财期货	422		-9		
15		中信期货	421		2		
16		徽商期货	414		3		
17		大地期货	407		-10		
18		前海期货	400		0		
19		浙商期货	399		1		
20		国海良时	392		1		
总计				17,390		183		



会员类别	总成交量	增减		
期货公司会员	5,951		-3,746		

会员类别	总持买单量	增减		
期货公司会员	15,765		72		

会员类别	总持卖单量	增减		
期货公司会员	17,390		183		

