								大连商品交易所 成交量_买持仓_卖持仓排名	

合约代码：eb2101		Date：2020-11-06	

			期货公司会员	

名次		会员简称	成交量		增减		
1		东证期货	120,566		-10,844		
2		国富期货	59,207		-41,310		
3		国泰君安	30,548		855		
4		华闻期货	27,374		5,156		
5		海通期货	26,813		-14,478		
6		徽商期货	26,043		-7,868		
7		中信期货	25,542		-2,455		
8		华泰期货	22,901		-7,631		
9		东方财富	20,014		133		
10		永安期货	19,561		-4,273		
11		方正中期	18,334		-9,263		
12		华安期货	14,722		-4,614		
13		申银万国	14,297		-2,178		
14		宏源期货	14,130		3,422		
15		中信建投	12,539		-749		
16		银河期货	12,520		-3,848		
17		东吴期货	12,230		-4,084		
18		中辉期货	11,660		276		
19		国投安信	11,354		-775		
20		浙商期货	10,631		241		
总计				510,986		-104,287	

名次		会员简称	持买单量	增减		
1		永安期货	12,981		1,136		
2		浙商期货	6,848		168		
3		国泰君安	5,845		-3,192		
4		中信期货	4,631		-825		
5		中财期货	3,979		-419		
6		东证期货	3,771		1,205		
7		华泰期货	3,746		-12		
8		信达期货	3,736		-1,627		
9		方正中期	3,669		-358		
10		鲁证期货	3,629		45		
11		国投安信	3,512		-939		
12		瑞达期货	3,301		3		
13		银河期货	3,097		145		
14		中信建投	3,080		-415		
15		宏源期货	3,050		-776		
16		东航期货	2,907		95		
17		申银万国	2,843		-628		
18		南华期货	2,766		-457		
19		兴证期货	2,542		-59		
20		一德期货	2,500		-214		
总计				82,433		-7,124		

名次		会员简称	持卖单量	增减		
1		永安期货	11,650		-271		
2		银河期货	10,661		-965		
3		华泰期货	9,596		-893		
4		浙商期货	8,293		1,005		
5		国投安信	7,177		-873		
6		建信期货	6,665		-119		
7		天风期货	6,452		-680		
8		东海期货	5,257		-1,325		
9		东证期货	4,113		-753		
10		国泰君安	3,227		-800		
11		中财期货	3,227		-333		
12		东吴期货	3,106		-329		
13		徽商期货	2,991		-262		
14		宝城期货	2,733		-40		
15		方正中期	2,652		-8		
16		海通期货	2,532		560		
17		一德期货	2,379		-179		
18		宏源期货	2,307		62		
19		南华期货	2,242		-453		
20		国海良时	2,188		-544		
总计				99,448		-7,200		



会员类别	总成交量	增减		
期货公司会员	510,986		-104,287	

会员类别	总持买单量	增减		
期货公司会员	82,433		-7,124		

会员类别	总持卖单量	增减		
期货公司会员	99,448		-7,200		

