								大连商品交易所 成交量_买持仓_卖持仓排名	

合约代码：pp2102		Date：2020-11-06	

			期货公司会员	

名次		会员简称	成交量		增减		
1		东证期货	59,045		3,152		
2		国富期货	15,423		11,184		
3		光大期货	10,620		5,010		
4		五矿经易	9,287		-1,558		
5		锦泰期货	7,635		-1,357		
6		东海期货	7,270		-2,223		
7		银河期货	6,285		1,584		
8		申银万国	6,242		-10,080		
9		海通期货	6,098		2,236		
10		中信期货	6,019		751		
11		冠通期货	5,476		4,262		
12		恒泰期货	5,080		828		
13		鲁证期货	5,034		1,557		
14		瑞达期货	3,733		2,061		
15		迈科期货	3,644		-220		
16		国元期货	3,110		-597		
17		安粮期货	3,009		361		
18		国海良时	2,767		-549		
19		国泰君安	2,646		-3,152		
20		东吴期货	1,871		-1,298		
总计				170,294		11,952		

名次		会员简称	持买单量	增减		
1		国泰君安	3,143		21		
2		中信期货	1,724		160		
3		鲁证期货	851		-33		
4		五矿经易	751		0		
5		海通期货	532		500		
6		南华期货	523		0		
7		瑞达期货	506		-11		
8		申银万国	432		-1		
9		中大期货	365		0		
10		东吴期货	353		-103		
11		光大期货	238		212		
12		中信建投	162		-12		
13		海证期货	100		-8		
14		平安期货	92		18		
15		国海良时	91		1		
16		国富期货	81		24		
17		方正中期	76		-2		
18		安粮期货	70		22		
19		华泰期货	68		-24		
20		国元期货	68		20		
总计				10,226		784		

名次		会员简称	持卖单量	增减		
1		国泰君安	3,012		-1		
2		中信期货	1,503		77		
3		鲁证期货	921		23		
4		五矿经易	752		1		
5		海通期货	581		526		
6		南华期货	501		0		
7		瑞达期货	492		-8		
8		申银万国	430		-3		
9		东吴期货	369		12		
10		中大期货	360		0		
11		中粮期货	261		0		
12		光大期货	238		196		
13		华泰期货	147		95		
14		兴业期货	129		0		
15		东航期货	125		0		
16		兴证期货	116		112		
17		浙商期货	95		18		
18		国海良时	86		0		
19		华闻期货	79		-78		
20		新湖期货	60		2		
总计				10,257		972		



会员类别	总成交量	增减		
期货公司会员	170,294		11,952		

会员类别	总持买单量	增减		
期货公司会员	10,226		784		

会员类别	总持卖单量	增减		
期货公司会员	10,257		972		

