								大连商品交易所 成交量_买持仓_卖持仓排名	

合约代码：i2103		Date：2020-11-06	

			期货公司会员	

名次		会员简称	成交量		增减		
1		申银万国	2,567		-3,278		
2		华闻期货	1,956		598		
3		华安期货	1,708		-620		
4		中财期货	1,529		-633		
5		国联期货	1,393		-1,091		
6		海通期货	1,196		-2,122		
7		方正中期	1,041		-1,058		
8		宏源期货	1,036		-635		
9		中信期货	957		186		
10		华泰期货	818		-941		
11		鲁证期货	792		-5,031		
12		道通期货	704		60		
13		招商期货	674		162		
14		五矿经易	664		-362		
15		南华期货	636		-683		
16		东证期货	591		-111		
17		国泰君安	479		-228		
18		国海良时	423		-685		
19		光大期货	347		-631		
20		中信建投	292		-970		
总计				19,803		-18,073		

名次		会员简称	持买单量	增减		
1		招商期货	1,294		13		
2		中信期货	1,253		6		
3		国投安信	1,209		9		
4		华泰期货	1,041		14		
5		方正中期	737		-10		
6		海通期货	656		-80		
7		一德期货	583		0		
8		南华期货	575		229		
9		鲁证期货	476		-16		
10		中信建投	452		-8		
11		宏源期货	431		16		
12		浙商期货	352		8		
13		宝城期货	301		31		
14		永安期货	214		20		
15		五矿经易	190		0		
16		申银万国	173		42		
17		中融汇信	150		0		
18		建信期货	132		20		
19		兴证期货	108		100		
20		中粮期货	100		0		
总计				10,427		394		

名次		会员简称	持卖单量	增减		
1		招商期货	1,376		1		
2		国投安信	1,337		18		
3		华泰期货	1,118		0		
4		中信期货	909		11		
5		方正中期	687		-1		
6		海通期货	674		-10		
7		国海良时	599		97		
8		南华期货	517		239		
9		中信建投	484		2		
10		鲁证期货	482		-16		
11		宏源期货	464		-58		
12		创元期货	309		-15		
13		浙商期货	258		6		
14		国富期货	253		-4		
15		永安期货	230		16		
16		宝城期货	227		36		
17		兴证期货	197		100		
18		五矿经易	190		0		
19		国泰君安	153		-25		
20		先锋期货	124		39		
总计				10,588		436		



会员类别	总成交量	增减		
期货公司会员	19,803		-18,073		

会员类别	总持买单量	增减		
期货公司会员	10,427		394		

会员类别	总持卖单量	增减		
期货公司会员	10,588		436		

