								大连商品交易所 成交量_买持仓_卖持仓排名	

合约代码：l2105		Date：2020-11-06	

			期货公司会员	

名次		会员简称	成交量		增减		
1		东证期货	2,758		-1,729		
2		海证期货	1,969		1,151		
3		中信期货	1,524		-293		
4		华泰期货	1,248		648		
5		方正中期	1,008		167		
6		国泰君安	939		-792		
7		永安期货	888		-872		
8		中国国际	874		383		
9		宏源期货	790		307		
10		美尔雅期货	746		152		
11		中辉期货	693		160		
12		创元期货	630		88		
13		华闻期货	563		50		
14		华金期货	556		350		
15		国富期货	443		340		
16		国投安信	389		-270		
17		国海良时	373		28		
18		华安期货	334		23		
19		中信建投	326		129		
20		银河期货	315		-125		
总计				17,366		-105		

名次		会员简称	持买单量	增减		
1		国投安信	2,309		-162		
2		永安期货	2,262		268		
3		华泰期货	2,001		549		
4		华金期货	1,825		145		
5		东证期货	1,480		-440		
6		中粮期货	1,461		-2		
7		中信期货	1,409		-64		
8		大地期货	1,275		-11		
9		南华期货	1,214		-4		
10		一德期货	950		159		
11		信达期货	938		17		
12		银河期货	890		-42		
13		国泰君安	845		-305		
14		华安期货	845		-24		
15		中辉期货	831		32		
16		浙商期货	824		-3		
17		方正中期	819		-5		
18		鲁证期货	744		-58		
19		建信期货	714		0		
20		瑞达期货	621		196		
总计				24,257		246		

名次		会员简称	持卖单量	增减		
1		银河期货	5,416		-29		
2		中信期货	4,380		-172		
3		国信期货	3,869		-2		
4		华泰期货	2,565		423		
5		东海期货	1,526		4		
6		光大期货	1,420		-29		
7		永安期货	1,354		-376		
8		方正中期	1,319		201		
9		中粮期货	1,255		0		
10		一德期货	1,143		0		
11		平安期货	1,047		26		
12		宏源期货	857		385		
13		信达期货	729		40		
14		建信期货	704		0		
15		东吴期货	625		-100		
16		申银万国	555		-32		
17		国投安信	541		109		
18		中信建投	524		-82		
19		国海良时	416		-26		
20		海通期货	398		3		
总计				30,643		343		



会员类别	总成交量	增减		
期货公司会员	17,366		-105		

会员类别	总持买单量	增减		
期货公司会员	24,257		246		

会员类别	总持卖单量	增减		
期货公司会员	30,643		343		

