								大连商品交易所 成交量_买持仓_卖持仓排名	

合约代码：v2109		Date：2021-06-23	

			期货公司会员	

名次		会员简称	成交量		增减		
1		东证期货	183,171		2,071		
2		国富期货	121,901		8,954		
3		国投安信	113,943		23,067		
4		新湖期货	69,972		3,485		
5		中信期货	66,847		6,632		
6		永安期货	43,949		2,532		
7		国泰君安	36,395		-50,395		
8		海通期货	35,222		3,635		
9		申银万国	34,050		977		
10		五矿期货	33,810		7,060		
11		光大期货	21,329		1,515		
12		中信建投	20,437		1,852		
13		浙商期货	17,379		1,169		
14		华金期货	14,221		-1,020		
15		广发期货	14,058		2,858		
16		银河期货	13,269		-918		
17		方正中期	11,769		2,600		
18		华泰期货	11,616		-2,761		
19		兴证期货	11,408		637		
20		瑞达期货	10,954		6,072		
总计				885,700		20,022		

名次		会员简称	持买单量	增减		
1		永安期货	88,020		7,657		
2		中信期货	46,456		7,228		
3		国泰君安	21,784		-28		
4		银河期货	11,653		-343		
5		瑞达期货	10,215		1,471		
6		平安期货	9,924		457		
7		中粮期货	9,053		-472		
8		南华期货	9,043		-1,132		
9		申银万国	9,004		-5,981		
10		中投期货	7,772		1,563		
11		五矿期货	7,668		-252		
12		海证期货	7,528		-602		
13		华泰期货	7,363		-1,985		
14		东证期货	6,837		1,855		
15		光大期货	6,551		1,094		
16		浙商期货	6,072		-1,015		
17		招商期货	5,852		-4		
18		盛达期货	5,266		7		
19		国富期货	4,791		1,576		
20		国投安信	4,743		-147		
总计				285,595		10,947		

名次		会员简称	持卖单量	增减		
1		东证期货	25,289		7,600		
2		中信期货	24,797		2,993		
3		国泰君安	20,546		-465		
4		建信期货	17,841		144		
5		一德期货	16,963		2,359		
6		东海期货	15,090		647		
7		华融融达	12,527		2,283		
8		永安期货	11,591		1,176		
9		中国国际	11,572		341		
10		中财期货	10,572		-257		
11		华泰期货	10,149		-1,417		
12		浙商期货	9,871		-352		
13		银河期货	9,275		1,832		
14		信达期货	9,037		81		
15		方正中期	8,890		1,318		
16		宝城期货	8,134		301		
17		新湖期货	7,638		159		
18		兴业期货	7,142		-186		
19		格林大华	6,945		-1,060		
20		国投安信	5,234		-100		
总计				249,103		17,397		



会员类别	总成交量	增减		
期货公司会员	885,700		20,022		

会员类别	总持买单量	增减		
期货公司会员	285,595		10,947		

会员类别	总持卖单量	增减		
期货公司会员	249,103		17,397		

