								大连商品交易所 成交量_买持仓_卖持仓排名	

合约代码：jd2108		Date：2021-06-23	

			期货公司会员	

名次		会员简称	成交量		增减		
1		东证期货	2,739		-59		
2		光大期货	1,616		116		
3		中财期货	1,580		1,458		
4		华闻期货	1,180		250		
5		中信建投	1,016		827		
6		华安期货	847		205		
7		美尔雅期货	761		209		
8		宏源期货	654		330		
9		徽商期货	646		64		
10		国富期货	520		-30		
11		中信期货	499		-363		
12		申银万国	492		11		
13		中辉期货	480		88		
14		海通期货	476		-177		
15		金瑞期货	432		200		
16		招金期货	411		62		
17		先锋期货	399		196		
18		东吴期货	372		44		
19		方正中期	344		-231		
20		银河期货	337		67		
总计				15,801		3,267		

名次		会员简称	持买单量	增减		
1		中财期货	2,610		-796		
2		中信期货	2,069		-22		
3		海证期货	1,715		50		
4		徽商期货	1,417		143		
5		方正中期	1,404		17		
6		光大期货	1,265		128		
7		中辉期货	1,180		-93		
8		中衍期货	1,177		27		
9		中信建投	1,077		-375		
10		华安期货	1,067		134		
11		北京首创	965		57		
12		一德期货	765		33		
13		华闻期货	764		82		
14		永安期货	731		44		
15		上海大陆	703		2		
16		九州期货	661		0		
17		鲁证期货	639		-3		
18		物产中大	632		5		
19		汇鑫期货	606		-76		
20		东吴期货	602		51		
总计				22,049		-592		

名次		会员简称	持卖单量	增减		
1		长江期货	2,028		-4		
2		银河期货	1,939		-17		
3		格林大华	1,579		27		
4		中信建投	1,458		-321		
5		海通期货	1,217		-102		
6		宏源期货	1,198		28		
7		中财期货	1,162		114		
8		中辉期货	1,157		159		
9		上海大陆	1,089		-4		
10		南华期货	1,027		-69		
11		东吴期货	975		47		
12		中银期货	941		-31		
13		华安期货	940		119		
14		徽商期货	897		-27		
15		广发期货	781		-47		
16		方正中期	777		-137		
17		宁证期货	777		3		
18		物产中大	727		11		
19		浙商期货	694		-53		
20		国泰君安	677		6		
总计				22,040		-298		



会员类别	总成交量	增减		
期货公司会员	15,801		3,267		

会员类别	总持买单量	增减		
期货公司会员	22,049		-592		

会员类别	总持卖单量	增减		
期货公司会员	22,040		-298		

