								大连商品交易所 成交量_买持仓_卖持仓排名	

合约代码：l2110		Date：2021-06-23	

			期货公司会员	

名次		会员简称	成交量		增减		
1		安粮期货	3,396		1,501		
2		弘业期货	1,842		386		
3		华泰期货	1,760		757		
4		国投安信	1,372		1,311		
5		国泰君安	1,260		461		
6		东证期货	1,249		513		
7		国海良时	1,081		-950		
8		海证期货	895		57		
9		金瑞期货	832		-33		
10		国信期货	774		733		
11		海通期货	714		603		
12		五矿期货	644		128		
13		方正中期	637		18		
14		兴证期货	624		136		
15		广发期货	608		-12		
16		长江期货	608		66		
17		国元期货	548		75		
18		招商期货	526		134		
19		中天期货	484		327		
20		银河期货	398		-12		
总计				20,252		6,199		

名次		会员简称	持买单量	增减		
1		国泰君安	5,056		195		
2		招商期货	3,821		6		
3		五矿期货	3,519		1		
4		国元期货	3,490		272		
5		申银万国	3,465		-14		
6		东证期货	3,378		45		
7		锦泰期货	3,034		35		
8		海证期货	2,821		-295		
9		浙商期货	2,744		72		
10		长江期货	2,608		-2		
11		国海良时	2,326		152		
12		方正中期	2,201		-12		
13		国投安信	1,203		0		
14		海通期货	864		284		
15		国富期货	718		21		
16		中信期货	701		-200		
17		兴证期货	634		198		
18		华安期货	374		1		
19		华联期货	311		281		
20		安粮期货	270		-702		
总计				43,538		338		

名次		会员简称	持卖单量	增减		
1		国泰君安	5,448		37		
2		招商期货	4,189		-2		
3		五矿期货	3,517		1		
4		申银万国	3,465		16		
5		国元期货	3,459		272		
6		东证期货	3,245		2		
7		锦泰期货	3,049		58		
8		海证期货	2,824		-28		
9		浙商期货	2,736		72		
10		长江期货	2,602		-2		
11		国海良时	2,326		111		
12		方正中期	2,211		-7		
13		国投安信	1,224		0		
14		海通期货	862		288		
15		国富期货	775		30		
16		中信期货	648		0		
17		平安期货	367		0		
18		华安期货	361		1		
19		国信期货	360		-764		
20		华泰期货	259		-305		
总计				43,927		-220		



会员类别	总成交量	增减		
期货公司会员	20,252		6,199		

会员类别	总持买单量	增减		
期货公司会员	43,538		338		

会员类别	总持卖单量	增减		
期货公司会员	43,927		-220		

