								大连商品交易所 成交量_买持仓_卖持仓排名	

合约代码：i2202		Date：2021-06-23	

			期货公司会员	

名次		会员简称	成交量		增减		
1		东证期货	3,663		718		
2		国泰君安	3,362		-349		
3		格林大华	2,996		2,725		
4		申银万国	2,236		-1,274		
5		中财期货	1,282		57		
6		中信期货	1,128		613		
7		锦泰期货	1,076		362		
8		海通期货	840		294		
9		国海良时	781		-178		
10		海证期货	645		615		
11		方正中期	642		-45		
12		浙商期货	558		-118		
13		兴证期货	527		115		
14		光大期货	512		14		
15		宏源期货	496		61		
16		招商期货	432		-80		
17		江苏东华	408		408		
18		华安期货	395		162		
19		东吴期货	356		95		
20		五矿期货	351		43		
总计				22,686		4,238		

名次		会员简称	持买单量	增减		
1		申银万国	6,616		-112		
2		国泰君安	6,283		1,073		
3		方正中期	5,517		23		
4		银河期货	4,296		-61		
5		弘业期货	4,120		0		
6		中信期货	3,577		34		
7		国信期货	2,712		-6		
8		光大期货	2,687		12		
9		华安期货	2,344		138		
10		物产中大	2,192		0		
11		国海良时	2,077		-31		
12		冠通期货	2,022		0		
13		华融融达	1,891		-1		
14		海证期货	1,820		381		
15		海通期货	1,733		20		
16		招商期货	1,726		-8		
17		中财期货	1,721		-5		
18		东航期货	1,710		-4		
19		创元期货	1,672		-19		
20		东吴期货	1,645		2		
总计				58,361		1,436		

名次		会员简称	持卖单量	增减		
1		申银万国	6,946		104		
2		国泰君安	6,089		975		
3		方正中期	5,509		25		
4		银河期货	4,196		-83		
5		弘业期货	4,140		1		
6		中信期货	3,474		42		
7		光大期货	2,727		-76		
8		国信期货	2,655		0		
9		华安期货	2,348		139		
10		物产中大	2,215		6		
11		浙商期货	2,101		-1		
12		国海良时	2,068		-42		
13		冠通期货	2,019		0		
14		华融融达	1,891		0		
15		海通期货	1,743		32		
16		招商期货	1,731		-8		
17		中财期货	1,678		113		
18		东航期货	1,667		-3		
19		东吴期货	1,622		-60		
20		创元期货	1,621		0		
总计				58,440		1,164		



会员类别	总成交量	增减		
期货公司会员	22,686		4,238		

会员类别	总持买单量	增减		
期货公司会员	58,361		1,436		

会员类别	总持卖单量	增减		
期货公司会员	58,440		1,164		

