								大连商品交易所 成交量_买持仓_卖持仓排名	

合约代码：y2111		Date：2021-06-23	

			期货公司会员	

名次		会员简称	成交量		增减		
1		东证期货	15,009		7,302		
2		华安期货	7,405		1,702		
3		国泰君安	6,331		1,393		
4		五矿期货	4,938		1,186		
5		方正中期	4,279		-318		
6		锦泰期货	4,223		-2,430		
7		华泰期货	3,612		2,524		
8		鲁证期货	2,909		-596		
9		中信期货	2,790		1,344		
10		申银万国	2,756		425		
11		银河期货	1,522		1,349		
12		国海良时	1,471		1,269		
13		中天期货	1,225		-278		
14		浙商期货	1,049		-753		
15		光大期货	993		71		
16		招商期货	993		-129		
17		东吴期货	711		451		
18		创元期货	646		-688		
19		宝城期货	612		594		
20		国投安信	543		340		
总计				64,017		14,758		

名次		会员简称	持买单量	增减		
1		中信期货	4,102		-57		
2		光大期货	3,013		-2		
3		国泰君安	2,965		134		
4		鲁证期货	2,298		-146		
5		申银万国	1,804		-5		
6		五矿期货	1,688		0		
7		方正中期	1,615		-2		
8		招商期货	1,517		-4		
9		东证期货	1,484		30		
10		弘业期货	1,396		0		
11		华泰期货	1,393		27		
12		浙商期货	1,168		7		
13		海通期货	835		0		
14		银河期货	706		-721		
15		中辉期货	619		1		
16		先锋期货	571		0		
17		新湖期货	512		0		
18		国投安信	502		-34		
19		平安期货	499		4		
20		永安期货	457		0		
总计				29,144		-768		

名次		会员简称	持卖单量	增减		
1		中信期货	4,111		-43		
2		光大期货	3,015		15		
3		国泰君安	2,800		37		
4		鲁证期货	2,290		-151		
5		申银万国	1,810		-5		
6		五矿期货	1,635		0		
7		方正中期	1,621		-7		
8		浙商期货	1,558		2		
9		招商期货	1,505		15		
10		弘业期货	1,393		1		
11		华泰期货	1,338		5		
12		东证期货	1,072		35		
13		国信期货	1,006		0		
14		海通期货	813		10		
15		中辉期货	650		44		
16		银河期货	634		-717		
17		先锋期货	570		0		
18		新湖期货	548		-1		
19		国投安信	537		-5		
20		平安期货	476		0		
总计				29,382		-765		



会员类别	总成交量	增减		
期货公司会员	64,017		14,758		

会员类别	总持买单量	增减		
期货公司会员	29,144		-768		

会员类别	总持卖单量	增减		
期货公司会员	29,382		-765		

