								大连商品交易所 成交量_买持仓_卖持仓排名	

合约代码：pg2012		Date：2020-09-09	

			期货公司会员	

名次		会员简称	成交量		增减		
1		华泰期货	25,016		8,114		
2		东海期货	5,796		5,633		
3		东证期货	4,936		2,272		
4		方正中期	4,218		1,965		
5		中信期货	3,254		2,294		
6		申银万国	2,914		1,772		
7		海通期货	2,618		2,101		
8		瑞达期货	2,574		903		
9		中信建投	2,439		1,090		
10		冠通期货	2,179		1,563		
11		银河期货	2,118		444		
12		锦泰期货	1,877		878		
13		光大期货	1,835		823		
14		浙商期货	1,828		1,308		
15		财信期货	1,768		469		
16		国海良时	1,647		-132		
17		渤海期货	1,422		1,379		
18		海证期货	1,339		54		
19		一德期货	1,308		1,002		
20		招商期货	1,302		619		
总计				72,388		34,551		

名次		会员简称	持买单量	增减		
1		永安期货	2,745		419		
2		浙商期货	2,574		-190		
3		银河期货	2,116		-141		
4		海通期货	1,667		1,187		
5		美尔雅期货	1,153		736		
6		东证期货	1,113		-15		
7		五矿经易	964		-8		
8		中信建投	901		42		
9		招商期货	884		12		
10		华安期货	732		-44		
11		申银万国	679		83		
12		华泰期货	661		175		
13		国海良时	625		-10		
14		光大期货	615		176		
15		冠通期货	611		-74		
16		先锋期货	607		1		
17		方正中期	604		-232		
18		东海期货	579		-165		
19		瑞达期货	546		96		
20		一德期货	546		43		
总计				20,922		2,091		

名次		会员简称	持卖单量	增减		
1		中信期货	10,536		329		
2		国投安信	2,404		-40		
3		南华期货	1,157		437		
4		五矿经易	1,113		150		
5		永安期货	1,052		113		
6		东证期货	1,001		1		
7		银河期货	997		15		
8		海通期货	928		-123		
9		方正中期	873		228		
10		浙商期货	861		262		
11		招商期货	840		6		
12		中信建投	769		-339		
13		冠通期货	503		107		
14		上海大陆	502		-1		
15		新湖期货	438		4		
16		瑞达期货	434		92		
17		国泰君安	314		4		
18		中粮期货	303		0		
19		锦泰期货	278		111		
20		申银万国	261		221		
总计				25,564		1,577		



会员类别	总成交量	增减		
期货公司会员	72,388		34,551		

会员类别	总持买单量	增减		
期货公司会员	20,922		2,091		

会员类别	总持卖单量	增减		
期货公司会员	25,564		1,577		

