								大连商品交易所 成交量_买持仓_卖持仓排名	

合约代码：y2105		Date：2020-09-09	

			期货公司会员	

名次		会员简称	成交量		增减		
1		东证期货	37,146		7,000		
2		光大期货	11,529		1,536		
3		广发期货	8,244		2,804		
4		国富期货	6,667		-1,885		
5		一德期货	6,351		2,683		
6		中信期货	6,292		-232		
7		海通期货	5,732		2,458		
8		国泰君安	5,714		3,903		
9		申银万国	5,622		534		
10		永安期货	4,701		342		
11		国元期货	4,349		140		
12		华泰期货	4,319		-2,010		
13		中粮期货	4,257		-2,809		
14		宏源期货	4,061		387		
15		华安期货	3,610		-1,981		
16		浙商期货	3,295		1,152		
17		东兴期货	3,218		2,328		
18		天风期货	2,740		1,019		
19		招商期货	2,607		1,640		
20		锦泰期货	2,112		1,375		
总计				132,566		20,384		

名次		会员简称	持买单量	增减		
1		永安期货	12,180		2,894		
2		五矿经易	9,636		-295		
3		中财期货	9,510		114		
4		东兴期货	9,454		-1,113		
5		浙商期货	9,253		2,228		
6		天风期货	8,084		1,704		
7		东证期货	7,814		1,363		
8		国投安信	7,627		-76		
9		一德期货	7,524		5,273		
10		中粮期货	7,426		-1,852		
11		兴证期货	6,844		776		
12		华泰期货	6,028		-261		
13		大越期货	5,440		-13		
14		中信期货	5,199		942		
15		宝城期货	5,054		1,462		
16		上海中期	4,247		142		
17		光大期货	3,765		1		
18		广发期货	3,108		-3,932		
19		国泰君安	2,701		23		
20		南华期货	2,485		-93		
总计				133,379		9,287		

名次		会员简称	持卖单量	增减		
1		中粮期货	37,744		907		
2		国投安信	17,393		-56		
3		广发期货	13,988		3,002		
4		一德期货	13,349		-280		
5		摩根大通	11,632		1,000		
6		平安期货	10,132		15		
7		银河期货	7,692		74		
8		海通期货	6,589		13		
9		中信期货	6,239		1,104		
10		宏源期货	5,416		45		
11		永安期货	5,026		-55		
12		新湖期货	4,742		-37		
13		五矿经易	4,725		-40		
14		信达期货	4,019		-1		
15		国泰君安	3,859		97		
16		东证期货	2,747		9		
17		鲁证期货	2,623		-38		
18		国富期货	2,496		13		
19		方正中期	2,352		-24		
20		北京金鹏	1,751		0		
总计				164,514		5,748		



会员类别	总成交量	增减		
期货公司会员	132,566		20,384		

会员类别	总持买单量	增减		
期货公司会员	133,379		9,287		

会员类别	总持卖单量	增减		
期货公司会员	164,514		5,748		

