								大连商品交易所 成交量_买持仓_卖持仓排名	

合约代码：jd2011		Date：2020-09-09	

			期货公司会员	

名次		会员简称	成交量		增减		
1		东证期货	34,806		-7,023		
2		申银万国	10,443		-1,012		
3		国泰君安	8,176		280		
4		徽商期货	8,022		-1,881		
5		华安期货	7,598		-1,580		
6		国富期货	6,839		-3,280		
7		方正中期	6,812		1,704		
8		华泰期货	6,482		-2,209		
9		中信期货	5,821		-1,487		
10		宏源期货	5,548		1,313		
11		南华期货	5,183		2,247		
12		安粮期货	5,070		2,790		
13		光大期货	4,569		24		
14		天风期货	4,132		466		
15		海通期货	3,992		-347		
16		中辉期货	3,821		1,100		
17		银河期货	3,764		-364		
18		格林大华	3,657		-1,434		
19		中信建投	3,609		-1,088		
20		美尔雅期货	3,277		854		
总计				141,621		-10,927		

名次		会员简称	持买单量	增减		
1		永安期货	4,870		721		
2		徽商期货	4,634		915		
3		方正中期	4,415		269		
4		银河期货	3,825		95		
5		中信期货	3,631		616		
6		华安期货	3,565		882		
7		中信建投	3,240		346		
8		国泰君安	3,028		469		
9		东方财富	2,855		294		
10		海通期货	2,770		-351		
11		国投安信	2,743		-16		
12		南华期货	2,654		213		
13		弘业期货	2,528		841		
14		瑞达期货	2,304		1,172		
15		宏源期货	2,148		-174		
16		国海良时	2,124		286		
17		华泰期货	1,965		-577		
18		广发期货	1,932		204		
19		一德期货	1,869		-20		
20		东证期货	1,744		450		
总计				58,844		6,635		

名次		会员简称	持卖单量	增减		
1		五矿经易	5,753		-254		
2		方正中期	4,421		1,065		
3		国泰君安	4,015		259		
4		徽商期货	3,938		1,211		
5		永安期货	3,810		-284		
6		东证期货	3,780		12		
7		华安期货	2,939		486		
8		中信期货	2,865		183		
9		宏源期货	2,852		838		
10		华泰期货	2,777		101		
11		南华期货	2,775		-678		
12		中信建投	2,709		511		
13		美尔雅期货	2,671		-464		
14		先锋期货	2,644		407		
15		申银万国	2,250		-162		
16		招金期货	2,206		982		
17		海通期货	1,990		423		
18		瑞达期货	1,988		1,399		
19		英大期货	1,967		1,778		
20		北京首创	1,948		-55		
总计				60,298		7,758		



会员类别	总成交量	增减		
期货公司会员	141,621		-10,927		

会员类别	总持买单量	增减		
期货公司会员	58,844		6,635		

会员类别	总持卖单量	增减		
期货公司会员	60,298		7,758		

