								大连商品交易所 成交量_买持仓_卖持仓排名	

合约代码：rr2012		Date：2020-09-09	

			期货公司会员	

名次		会员简称	成交量		增减		
1		东证期货	5,596		2,014		
2		海通期货	3,396		826		
3		五矿经易	1,665		876		
4		浙商期货	1,413		816		
5		东海期货	1,384		1,302		
6		国投安信	1,371		820		
7		格林大华	1,286		143		
8		华闻期货	1,221		-43		
9		华安期货	1,182		933		
10		国泰君安	1,171		289		
11		中信建投	1,115		218		
12		光大期货	1,097		674		
13		方正中期	1,096		414		
14		申银万国	1,036		-116		
15		中原期货	1,022		250		
16		国海良时	1,014		226		
17		永安期货	1,011		454		
18		徽商期货	1,005		786		
19		安粮期货	782		412		
20		天风期货	547		34		
总计				29,410		11,328		

名次		会员简称	持买单量	增减		
1		宏源期货	1,770		181		
2		浙商期货	1,032		-14		
3		永安期货	949		118		
4		海通期货	916		58		
5		国泰君安	838		147		
6		五矿经易	831		-14		
7		安粮期货	829		-12		
8		光大期货	526		2		
9		东证期货	482		147		
10		国海良时	412		1		
11		格林大华	326		-19		
12		中原期货	307		-7		
13		国投安信	270		33		
14		中信建投	268		-61		
15		方正中期	264		91		
16		华闻期货	245		240		
17		天风期货	234		102		
18		申银万国	224		-6		
19		东方财富	179		19		
20		徽商期货	178		31		
总计				11,080		1,037		

名次		会员简称	持卖单量	增减		
1		北京首创	1,721		10		
2		海通期货	1,022		-566		
3		浙商期货	1,022		-1		
4		申银万国	888		-18		
5		五矿经易	799		-1		
6		国泰君安	744		250		
7		永安期货	685		13		
8		渤海期货	581		10		
9		光大期货	502		-3		
10		东证期货	492		165		
11		国海良时	414		15		
12		鲁证期货	400		86		
13		中信期货	354		171		
14		中投期货	333		51		
15		华安期货	325		250		
16		中原期货	302		1		
17		格林大华	294		-11		
18		东海期货	257		170		
19		方正中期	224		95		
20		中信建投	220		24		
总计				11,579		711		



会员类别	总成交量	增减		
期货公司会员	29,410		11,328		

会员类别	总持买单量	增减		
期货公司会员	11,080		1,037		

会员类别	总持卖单量	增减		
期货公司会员	11,579		711		

