								大连商品交易所 成交量_买持仓_卖持仓排名	

合约代码：c2107		Date：2020-09-09	

			期货公司会员	

名次		会员简称	成交量		增减		
1		光大期货	9,897		1,873		
2		国富期货	9,381		1,977		
3		国泰君安	9,135		-1,019		
4		中辉期货	7,498		-23		
5		华泰期货	6,102		527		
6		永安期货	5,554		4,721		
7		银河期货	4,851		554		
8		方正中期	3,016		-3,278		
9		中大期货	2,810		728		
10		五矿经易	2,681		-1,935		
11		西部期货	2,464		558		
12		中粮期货	2,311		170		
13		国海良时	2,310		-480		
14		浙商期货	2,307		132		
15		中信期货	2,260		762		
16		格林大华	2,218		334		
17		鲁证期货	2,211		-3,325		
18		海通期货	1,996		-311		
19		天风期货	1,537		-14		
20		东证期货	1,484		-281		
总计				82,023		1,670		

名次		会员简称	持买单量	增减		
1		鲁证期货	19,533		18		
2		一德期货	12,478		0		
3		中州期货	6,502		0		
4		中信建投	6,194		0		
5		永安期货	4,876		3,292		
6		宝城期货	3,913		677		
7		海通期货	3,517		-281		
8		中辉期货	3,264		83		
9		东证期货	3,072		302		
10		中信期货	2,816		5		
11		浙商期货	1,426		-6		
12		招金期货	983		50		
13		国海良时	763		-28		
14		海证期货	753		1		
15		五矿经易	638		2		
16		华金期货	630		-3		
17		新湖期货	534		0		
18		申银万国	426		-1		
19		银河期货	378		123		
20		光大期货	326		-96		
总计				73,022		4,138		

名次		会员简称	持卖单量	增减		
1		光大期货	11,334		37		
2		中信期货	8,487		31		
3		金瑞期货	8,030		4		
4		东证期货	7,076		222		
5		鲁证期货	5,688		5		
6		北京首创	4,270		1,011		
7		徽商期货	4,135		2		
8		宝城期货	3,930		682		
9		海通期货	3,590		-291		
10		兴证期货	2,154		-1		
11		华安期货	1,739		541		
12		浙商期货	1,678		145		
13		国投安信	1,573		304		
14		永安期货	1,315		344		
15		中大期货	860		500		
16		五矿经易	739		-63		
17		国海良时	716		-22		
18		冠通期货	709		101		
19		中投期货	691		359		
20		东航期货	593		0		
总计				69,307		3,911		



会员类别	总成交量	增减		
期货公司会员	82,023		1,670		

会员类别	总持买单量	增减		
期货公司会员	73,022		4,138		

会员类别	总持卖单量	增减		
期货公司会员	69,307		3,911		

