								大连商品交易所 成交量_买持仓_卖持仓排名	

合约代码：i2010		Date：2020-09-09	

			期货公司会员	

名次		会员简称	成交量		增减		
1		东证期货	1,757		-1,025		
2		国泰君安	1,213		233		
3		华泰期货	1,188		285		
4		光大期货	1,183		546		
5		南华期货	1,156		900		
6		华闻期货	786		270		
7		东吴期货	487		163		
8		徽商期货	415		239		
9		方正中期	392		-633		
10		银河期货	298		42		
11		五矿经易	270		148		
12		永安期货	267		-430		
13		华安期货	253		188		
14		国海良时	248		122		
15		上海东亚	237		197		
16		大通期货	235		-80		
17		中信建投	224		-405		
18		浙江新世纪	210		-248		
19		道通期货	200		-64		
20		浙商期货	178		96		
总计				11,197		544		

名次		会员简称	持买单量	增减		
1		华泰期货	2,300		280		
2		海证期货	1,851		0		
3		银河期货	1,597		-36		
4		永安期货	1,397		-3		
5		方正中期	1,371		-151		
6		道通期货	1,220		-120		
7		广发期货	1,065		1		
8		一德期货	1,044		-92		
9		国泰君安	524		-245		
10		招商期货	523		-4		
11		鲁证期货	378		-3		
12		申银万国	334		2		
13		五矿经易	318		-100		
14		国投安信	236		-1		
15		浙江新世纪	213		-32		
16		国富期货	209		-32		
17		海通期货	190		-40		
18		中信期货	169		11		
19		中衍期货	139		0		
20		徽商期货	130		-17		
总计				15,208		-582		

名次		会员简称	持卖单量	增减		
1		永安期货	3,377		-2		
2		大地期货	2,223		0		
3		华泰期货	1,876		-6		
4		浙商期货	1,140		-36		
5		方正中期	800		-121		
6		一德期货	712		0		
7		招商期货	644		-18		
8		西南期货	526		50		
9		兴业期货	420		-1		
10		光大期货	417		12		
11		海通期货	343		-14		
12		金瑞期货	327		125		
13		申银万国	244		14		
14		国信期货	194		-1		
15		华安期货	173		1		
16		银河期货	154		-42		
17		鲁证期货	145		-21		
18		国富期货	140		-12		
19		东证期货	139		4		
20		中信期货	137		-8		
总计				14,131		-76		



会员类别	总成交量	增减		
期货公司会员	11,197		544		

会员类别	总持买单量	增减		
期货公司会员	15,208		-582		

会员类别	总持卖单量	增减		
期货公司会员	14,131		-76		

