								大连商品交易所 成交量_买持仓_卖持仓排名	

合约代码：pp2102		Date：2020-09-09	

			期货公司会员	

名次		会员简称	成交量		增减		
1		东证期货	45,198		18,697		
2		恒泰期货	22,150		16,438		
3		东海期货	18,292		2,262		
4		中信期货	11,392		3,658		
5		南华期货	11,297		8,653		
6		中粮期货	9,721		6,827		
7		国元期货	9,712		5,263		
8		国富期货	9,189		4,892		
9		申银万国	9,033		1,773		
10		银河期货	8,940		6,549		
11		格林大华	8,514		5,728		
12		五矿经易	6,792		1,724		
13		国泰君安	6,771		-57		
14		国海良时	6,374		3,078		
15		迈科期货	6,251		3,211		
16		瑞达期货	6,165		2,281		
17		海通期货	5,665		5,605		
18		锦泰期货	5,610		1,330		
19		鲁证期货	5,446		2,660		
20		中辉期货	5,249		5,171		
总计				217,761		105,743		

名次		会员简称	持买单量	增减		
1		华泰期货	2,086		294		
2		南华期货	1,515		15		
3		恒泰期货	1,385		108		
4		中信期货	1,132		127		
5		鲁证期货	1,010		-1		
6		五矿经易	641		0		
7		东吴期货	499		0		
8		申银万国	296		0		
9		中粮期货	247		-271		
10		国金期货	214		144		
11		格林大华	206		-5		
12		北京首创	148		7		
13		国海良时	117		-22		
14		东海期货	108		-40		
15		西南期货	106		82		
16		锦泰期货	75		43		
17		浙商期货	74		61		
18		光大期货	73		48		
19		迈科期货	66		24		
20		银河期货	52		12		
总计				10,050		626		

名次		会员简称	持卖单量	增减		
1		华泰期货	2,197		317		
2		南华期货	1,512		12		
3		恒泰期货	1,405		110		
4		中信期货	1,160		107		
5		鲁证期货	1,136		31		
6		五矿经易	646		0		
7		东吴期货	499		0		
8		申银万国	285		-1		
9		中粮期货	248		-262		
10		金瑞期货	244		31		
11		格林大华	206		-5		
12		国海良时	117		-22		
13		国富期货	102		91		
14		东海期货	100		-48		
15		国信期货	83		58		
16		迈科期货	67		25		
17		西南期货	50		27		
18		国泰君安	48		28		
19		招商期货	44		10		
20		华闻期货	35		33		
总计				10,184		542		



会员类别	总成交量	增减		
期货公司会员	217,761		105,743		

会员类别	总持买单量	增减		
期货公司会员	10,050		626		

会员类别	总持卖单量	增减		
期货公司会员	10,184		542		

