								大连商品交易所 成交量_买持仓_卖持仓排名	

合约代码：p2105		Date：2020-09-09	

			期货公司会员	

名次		会员简称	成交量		增减		
1		东证期货	9,536		1,050		
2		光大期货	9,382		-122		
3		大地期货	3,807		3,750		
4		中信期货	2,611		-999		
5		国泰君安	2,265		1,261		
6		国富期货	2,242		-215		
7		宏源期货	2,062		215		
8		浙商期货	1,286		225		
9		摩根大通	1,273		-641		
10		一德期货	1,266		-31		
11		申银万国	1,216		154		
12		华泰期货	1,216		-100		
13		广发期货	1,132		681		
14		国元期货	1,125		-682		
15		永安期货	1,113		22		
16		方正中期	1,112		588		
17		金石期货	1,105		820		
18		华安期货	1,089		424		
19		安粮期货	1,016		201		
20		长江期货	1,004		351		
总计				46,858		6,952		

名次		会员简称	持买单量	增减		
1		国投安信	5,594		-104		
2		大地期货	5,265		3,785		
3		华泰期货	5,261		-71		
4		兴证期货	4,457		-15		
5		摩根大通	3,302		473		
6		浙商期货	3,249		-305		
7		永安期货	2,949		-396		
8		广发期货	2,180		99		
9		大越期货	2,002		-21		
10		中粮期货	1,960		-30		
11		华融融达	1,823		50		
12		中辉期货	1,645		-52		
13		中信期货	1,417		21		
14		一德期货	1,170		-178		
15		五矿经易	1,153		33		
16		瑞达期货	994		1		
17		南华期货	893		-84		
18		上海中期	790		237		
19		银河期货	760		-4		
20		中财期货	681		144		
总计				47,545		3,583		

名次		会员简称	持卖单量	增减		
1		国富期货	6,610		-81		
2		上海中期	5,714		-144		
3		一德期货	5,521		616		
4		永安期货	4,876		357		
5		海通期货	4,606		26		
6		兴证期货	4,070		-18		
7		摩根大通	3,821		-800		
8		华融融达	3,024		2		
9		广发期货	2,783		591		
10		中粮期货	1,795		139		
11		中辉期货	1,609		167		
12		国投安信	1,453		187		
13		东证期货	1,259		250		
14		中信期货	1,190		-78		
15		浙商期货	1,140		687		
16		英大期货	1,126		0		
17		国泰君安	1,082		56		
18		银河期货	953		37		
19		鲁证期货	832		-6		
20		华泰期货	675		-21		
总计				54,139		1,967		



会员类别	总成交量	增减		
期货公司会员	46,858		6,952		

会员类别	总持买单量	增减		
期货公司会员	47,545		3,583		

会员类别	总持卖单量	增减		
期货公司会员	54,139		1,967		

