								大连商品交易所 成交量_买持仓_卖持仓排名	

合约代码：m2101		Date：2020-09-09	

			期货公司会员	

名次		会员简称	成交量		增减		
1		东证期货	444,778		-54,500		
2		国泰君安	187,192		26,573		
3		国富期货	109,455		1,620		
4		海通期货	67,763		-11,038		
5		中信期货	67,295		3,658		
6		冠通期货	64,748		-113,617	
7		东海期货	42,082		-41,117		
8		方正中期	41,923		8,685		
9		银河期货	40,453		-6,119		
10		兴证期货	39,123		-3,453		
11		华闻期货	37,442		-2,520		
12		格林大华	34,510		-15,334		
13		华泰期货	33,682		128		
14		中粮期货	33,389		6,314		
15		国投安信	26,609		-2,305		
16		宏源期货	25,490		-325		
17		申银万国	24,807		-8,271		
18		广发期货	23,111		6,151		
19		新湖期货	20,365		-1,704		
20		永安期货	19,846		-17,521		
总计				1,384,063	-224,695	

名次		会员简称	持买单量	增减		
1		永安期货	121,250		-149		
2		中信期货	70,176		-1,556		
3		中粮期货	59,065		-5,303		
4		五矿经易	58,103		-4,899		
5		国泰君安	44,512		279		
6		海通期货	39,863		7,834		
7		国投安信	39,701		1,310		
8		东证期货	37,495		-1,653		
9		华泰期货	36,045		-810		
10		一德期货	34,940		-3,292		
11		摩根大通	31,872		2,113		
12		新湖期货	29,966		-982		
13		申银万国	29,675		-10,788		
14		银河期货	28,106		-425		
15		宏源期货	27,366		-2,211		
16		海证期货	26,926		188		
17		南华期货	23,573		-906		
18		鲁证期货	23,450		-3,929		
19		华闻期货	23,422		-1,869		
20		浙商期货	21,484		-515		
总计				806,990		-27,563		

名次		会员简称	持卖单量	增减		
1		国投安信	183,829		-9,343		
2		中粮期货	173,952		-5,464		
3		中信期货	107,363		-1,219		
4		银河期货	94,278		-3,310		
5		摩根大通	69,945		-2,754		
6		国泰君安	63,354		-3,695		
7		一德期货	61,367		-5,847		
8		南华期货	55,498		-180		
9		新湖期货	52,901		-539		
10		鲁证期货	40,954		-98		
11		平安期货	32,664		-1,862		
12		海通期货	28,423		-6,113		
13		北京首创	23,484		-5,102		
14		中天期货	22,767		-294		
15		永安期货	22,046		1,071		
16		格林大华	21,999		-7		
17		建信期货	21,052		-1		
18		东证期货	19,567		-1,217		
19		信达期货	16,750		-79		
20		五矿经易	15,508		-59		
总计				1,127,701	-46,112		



会员类别	总成交量	增减		
期货公司会员	1,384,063	-224,695	

会员类别	总持买单量	增减		
期货公司会员	806,990		-27,563		

会员类别	总持卖单量	增减		
期货公司会员	1,127,701	-46,112		

