								大连商品交易所 成交量_买持仓_卖持仓排名	

合约代码：eg2101		Date：2020-09-09	

			期货公司会员	

名次		会员简称	成交量		增减		
1		东证期货	142,239		61,388		
2		国富期货	43,545		20,640		
3		国泰君安	40,630		13,800		
4		中信期货	39,831		21,401		
5		华泰期货	31,372		10,597		
6		海通期货	30,242		13,395		
7		方正中期	24,426		9,086		
8		永安期货	21,559		11,775		
9		银河期货	17,782		10,720		
10		宏源期货	16,253		11,693		
11		浙商期货	15,116		8,302		
12		东海期货	14,298		8,945		
13		东吴期货	14,009		5,321		
14		徽商期货	13,646		3,067		
15		兴证期货	13,138		8,361		
16		华安期货	12,220		3,184		
17		华闻期货	11,678		6,188		
18		中辉期货	10,318		6,191		
19		中信建投	9,077		4,634		
20		南华期货	8,579		3,645		
总计				529,958		242,333		

名次		会员简称	持买单量	增减		
1		通惠期货	14,923		13		
2		华泰期货	10,487		-3,518		
3		信达期货	10,206		-251		
4		新湖期货	9,763		-880		
5		东证期货	8,429		-34		
6		天风期货	8,236		474		
7		宏源期货	7,921		-1,923		
8		中信期货	7,906		-736		
9		永安期货	7,355		-1,408		
10		一德期货	7,173		477		
11		浙商期货	7,112		-560		
12		弘业期货	5,805		-34		
13		海通期货	5,431		-3,758		
14		方正中期	4,777		-357		
15		东海期货	4,621		-126		
16		兴证期货	4,554		-1,754		
17		华闻期货	4,043		-402		
18		东吴期货	4,002		-476		
19		国投安信	3,967		-801		
20		国泰君安	3,889		-1,137		
总计				140,600		-17,191		

名次		会员简称	持卖单量	增减		
1		永安期货	41,148		-4,277		
2		中信期货	28,542		-3,239		
3		国贸期货	13,735		504		
4		国泰君安	11,084		969		
5		华泰期货	7,380		-4,374		
6		国投安信	6,802		-581		
7		宝城期货	6,747		-125		
8		五矿经易	6,113		212		
9		北京首创	5,740		-256		
10		国元期货	5,563		-90		
11		浙商期货	5,525		-1,120		
12		瑞达期货	4,653		-462		
13		申银万国	4,498		-872		
14		倍特期货	4,315		-2,179		
15		银河期货	3,955		-974		
16		光大期货	3,883		-44		
17		国海良时	3,450		-1,109		
18		鲁证期货	3,408		-610		
19		兴业期货	3,369		-3,673		
20		中粮期货	3,254		-485		
总计				173,164		-22,785		



会员类别	总成交量	增减		
期货公司会员	529,958		242,333		

会员类别	总持买单量	增减		
期货公司会员	140,600		-17,191		

会员类别	总持卖单量	增减		
期货公司会员	173,164		-22,785		

