								大连商品交易所 成交量_买持仓_卖持仓排名	

合约代码：cs2101		Date：2020-08-26	

			期货公司会员	

名次		会员简称	成交量		增减		
1		华泰期货	22,239		4,274		
2		国泰君安	19,675		8,397		
3		东证期货	18,305		6,651		
4		海通期货	10,241		6,335		
5		兴证期货	7,942		4,065		
6		华闻期货	5,604		1,701		
7		国富期货	5,121		1,841		
8		中信期货	5,050		1,598		
9		方正中期	4,669		1,233		
10		徽商期货	3,113		1,528		
11		银河期货	2,859		891		
12		华安期货	2,827		771		
13		永安期货	2,815		151		
14		广发期货	2,501		1,845		
15		金瑞期货	2,475		563		
16		广州金控	2,342		1,405		
17		宏源期货	2,106		215		
18		天风期货	2,057		1,106		
19		华西期货	1,776		888		
20		国贸期货	1,623		1,012		
总计				125,340		46,470		

名次		会员简称	持买单量	增减		
1		鲁证期货	6,974		77		
2		中信期货	6,202		518		
3		弘业期货	4,629		167		
4		一德期货	3,925		5		
5		永安期货	3,326		215		
6		华安期货	3,103		330		
7		中粮期货	2,920		81		
8		东证期货	2,823		-1,276		
9		中信建投	2,523		308		
10		中财期货	2,513		1		
11		国泰君安	2,402		145		
12		方正中期	2,178		329		
13		新湖期货	2,120		-28		
14		华泰期货	1,836		109		
15		徽商期货	1,783		105		
16		中辉期货	1,457		-236		
17		兴证期货	1,425		-105		
18		天风期货	1,394		41		
19		银河期货	1,298		-209		
20		国投安信	958		79		
总计				55,789		656		

名次		会员简称	持卖单量	增减		
1		中粮期货	9,463		471		
2		国金期货	5,634		11		
3		中信期货	4,567		48		
4		华泰期货	3,919		372		
5		永安期货	3,430		-16		
6		兴证期货	3,222		465		
7		国泰君安	2,430		8		
8		宏源期货	2,111		-133		
9		东证期货	2,066		305		
10		中融汇信	1,956		33		
11		海通期货	1,789		88		
12		招金期货	1,636		-31		
13		国投安信	1,348		-3		
14		银河期货	1,212		-120		
15		瑞达期货	1,120		4		
16		广发期货	1,093		623		
17		华安期货	1,082		7		
18		国富期货	1,077		-172		
19		上海大陆	995		30		
20		国信期货	984		-84		
总计				51,134		1,906		



会员类别	总成交量	增减		
期货公司会员	125,340		46,470		

会员类别	总持买单量	增减		
期货公司会员	55,789		656		

会员类别	总持卖单量	增减		
期货公司会员	51,134		1,906		

