								大连商品交易所 成交量_买持仓_卖持仓排名	

合约代码：pg2012		Date：2020-08-26	

			期货公司会员	

名次		会员简称	成交量		增减		
1		华泰期货	14,832		-6,624		
2		银河期货	2,587		816		
3		国海良时	2,246		-103		
4		冠通期货	2,210		-622		
5		东证期货	1,941		-808		
6		申银万国	1,870		-547		
7		方正中期	1,699		-158		
8		锦泰期货	1,697		-1,375		
9		中信期货	1,656		-756		
10		瑞达期货	1,477		-1,151		
11		中粮期货	1,386		-931		
12		光大期货	1,246		-342		
13		海证期货	1,243		-969		
14		中信建投	1,103		-2,390		
15		浙商期货	924		-275		
16		海通期货	844		-656		
17		五矿经易	744		-277		
18		招商期货	684		-459		
19		永安期货	584		-208		
20		先锋期货	478		76		
总计				41,451		-17,759		

名次		会员简称	持买单量	增减		
1		永安期货	3,021		-141		
2		银河期货	2,153		-56		
3		海通期货	1,396		-173		
4		东证期货	1,270		27		
5		五矿经易	1,126		0		
6		一德期货	1,108		0		
7		招商期货	1,080		-4		
8		浙商期货	1,059		72		
9		方正中期	1,054		-103		
10		中信建投	1,025		6		
11		先锋期货	792		-2		
12		华泰期货	747		-55		
13		中信期货	645		21		
14		江苏东华	603		-28		
15		国海良时	553		-11		
16		华安期货	540		-29		
17		招金期货	537		-1		
18		东海期货	525		0		
19		鲁证期货	382		10		
20		光大期货	377		-17		
总计				19,993		-484		

名次		会员简称	持卖单量	增减		
1		中信期货	8,693		387		
2		国投安信	2,374		0		
3		永安期货	1,382		-1		
4		中信建投	1,211		129		
5		五矿经易	1,121		0		
6		方正中期	1,089		88		
7		东证期货	1,087		-2		
8		海通期货	1,084		153		
9		招商期货	1,049		-4		
10		银河期货	991		11		
11		浙商期货	707		6		
12		新湖期货	705		0		
13		冠通期货	480		-128		
14		国海良时	474		-7		
15		南华期货	466		-3		
16		光大期货	332		-683		
17		国泰君安	273		8		
18		广州金控	256		80		
19		长城期货	225		0		
20		国富期货	181		92		
总计				24,180		126		



会员类别	总成交量	增减		
期货公司会员	41,451		-17,759		

会员类别	总持买单量	增减		
期货公司会员	19,993		-484		

会员类别	总持卖单量	增减		
期货公司会员	24,180		126		

