								大连商品交易所 成交量_买持仓_卖持仓排名	

合约代码：pg2011		Date：2020-08-26	

			期货公司会员	

名次		会员简称	成交量		增减		
1		华泰期货	33,344		-7,765		
2		中信期货	14,287		-14,770		
3		国泰君安	8,813		-1,201		
4		徽商期货	8,649		-4,861		
5		海通期货	7,199		-6,727		
6		华安期货	6,948		-3,911		
7		东证期货	6,908		-4,102		
8		永安期货	6,566		-176		
9		申银万国	6,280		-1,620		
10		国富期货	6,264		-4,812		
11		东吴期货	5,934		-1,778		
12		银河期货	5,890		-4,988		
13		光大期货	5,187		-583		
14		中辉期货	5,012		-2,864		
15		方正中期	4,937		-3,025		
16		广发期货	3,799		-566		
17		华西期货	3,558		-1,130		
18		冠通期货	3,429		-1,130		
19		中信建投	3,348		-3,507		
20		南华期货	3,021		-1,286		
总计				149,373		-70,802		

名次		会员简称	持买单量	增减		
1		永安期货	10,656		2,329		
2		中大期货	8,368		16		
3		东证期货	3,407		-1,077		
4		海通期货	3,276		-222		
5		银河期货	3,253		-534		
6		华泰期货	2,979		768		
7		中粮期货	2,234		102		
8		浙商期货	2,119		-3		
9		方正中期	2,039		-203		
10		光大期货	1,961		110		
11		一德期货	1,762		-84		
12		徽商期货	1,653		-503		
13		南华期货	1,472		373		
14		中信期货	1,350		-111		
15		华安期货	1,299		215		
16		国海良时	1,275		-42		
17		国泰君安	1,154		-9		
18		申银万国	1,142		-89		
19		东吴期货	1,036		-88		
20		大通期货	974		6		
总计				53,409		954		

名次		会员简称	持卖单量	增减		
1		国投安信	14,564		-193		
2		中信期货	11,699		-154		
3		永安期货	5,871		461		
4		银河期货	5,318		84		
5		广发期货	2,794		-337		
6		海通期货	2,725		637		
7		国泰君安	2,404		-32		
8		华泰期货	2,025		84		
9		华安期货	2,009		-255		
10		方正中期	1,858		120		
11		中信建投	1,371		397		
12		徽商期货	1,162		-234		
13		东证期货	1,027		-227		
14		宏源期货	984		-47		
15		信达期货	916		-600		
16		南华期货	848		108		
17		申银万国	713		-123		
18		瑞达期货	712		-26		
19		东航期货	711		-156		
20		国海良时	675		-38		
总计				60,386		-531		



会员类别	总成交量	增减		
期货公司会员	149,373		-70,802		

会员类别	总持买单量	增减		
期货公司会员	53,409		954		

会员类别	总持卖单量	增减		
期货公司会员	60,386		-531		

