								大连商品交易所 成交量_买持仓_卖持仓排名	

合约代码：i2105		Date：2020-08-26	

			期货公司会员	

名次		会员简称	成交量		增减		
1		东证期货	10,236		-1,987		
2		五矿经易	7,932		3,490		
3		光大期货	5,782		-248		
4		中信期货	3,265		-238		
5		南华期货	2,619		-1,216		
6		东吴期货	2,079		264		
7		华泰期货	1,943		-867		
8		国泰君安	1,727		-1,182		
9		徽商期货	1,671		224		
10		弘业期货	1,348		631		
11		渤海期货	1,269		-18		
12		安粮期货	935		-724		
13		方正中期	857		-994		
14		银河期货	839		-106		
15		国信期货	792		-1		
16		广发期货	778		-969		
17		中财期货	762		-924		
18		信达期货	707		579		
19		海通期货	649		-496		
20		永安期货	633		-1,225		
总计				46,823		-6,007		

名次		会员简称	持买单量	增减		
1		中国国际	7,949		-50		
2		国联期货	6,311		-34		
3		海证期货	4,541		-12		
4		华泰期货	3,164		181		
5		银河期货	2,351		-67		
6		冠通期货	2,228		399		
7		永安期货	1,845		-124		
8		中信期货	1,468		2		
9		东航期货	1,376		-2		
10		广发期货	1,320		130		
11		渤海期货	1,289		-265		
12		光大期货	1,270		535		
13		中辉期货	1,233		-103		
14		国泰君安	1,014		-24		
15		徽商期货	912		379		
16		华安期货	867		-61		
17		宝城期货	867		76		
18		平安期货	830		37		
19		招商期货	775		-10		
20		中州期货	713		-95		
总计				42,323		892		

名次		会员简称	持卖单量	增减		
1		五矿经易	4,834		-5,411		
2		中信期货	3,464		-255		
3		永安期货	3,144		35		
4		一德期货	3,072		177		
5		混沌天成	2,434		8		
6		鲁证期货	2,290		240		
7		银河期货	1,841		136		
8		北京首创	1,791		25		
9		冠通期货	1,701		5		
10		方正中期	1,631		285		
11		国富期货	1,558		472		
12		广发期货	1,416		126		
13		瑞达期货	1,332		-3		
14		中信建投	1,283		17		
15		汇鑫期货	1,179		51		
16		东航期货	1,164		56		
17		华泰期货	1,093		208		
18		东证期货	1,062		24		
19		中辉期货	992		-21		
20		光大期货	962		5		
总计				38,243		-3,820		



会员类别	总成交量	增减		
期货公司会员	46,823		-6,007		

会员类别	总持买单量	增减		
期货公司会员	42,323		892		

会员类别	总持卖单量	增减		
期货公司会员	38,243		-3,820		

