								大连商品交易所 成交量_买持仓_卖持仓排名	

合约代码：c2103		Date：2020-08-26	

			期货公司会员	

名次		会员简称	成交量		增减		
1		华闻期货	2,614		1,118		
2		中天期货	2,388		210		
3		中信期货	1,591		301		
4		广发期货	1,500		723		
5		新湖期货	1,335		7		
6		国海良时	1,303		-63		
7		永安期货	1,171		182		
8		鲁证期货	1,138		311		
9		东证期货	1,117		254		
10		弘业期货	1,108		678		
11		浙商期货	1,091		204		
12		宝城期货	1,054		-71		
13		中粮期货	970		541		
14		中大期货	926		514		
15		广州金控	880		870		
16		海通期货	861		-377		
17		五矿经易	834		112		
18		国泰君安	776		-270		
19		宏源期货	691		308		
20		格林大华	626		256		
总计				23,974		5,808		

名次		会员简称	持买单量	增减		
1		鲁证期货	5,946		1		
2		一德期货	2,500		-20		
3		中信期货	1,578		-5		
4		摩根大通	1,000		0		
5		东证期货	965		496		
6		锦泰期货	470		0		
7		申银万国	292		246		
8		迈科期货	150		0		
9		徽商期货	112		18		
10		新湖期货	86		12		
11		国贸期货	70		0		
12		浙商期货	66		20		
13		宏源期货	52		47		
14		兴证期货	51		0		
15		国投安信	41		20		
16		银河期货	40		10		
17		金瑞期货	39		0		
18		东航期货	37		-12		
19		海通期货	31		18		
20		山西三立	30		0		
总计				13,556		851		

名次		会员简称	持卖单量	增减		
1		兴证期货	2,686		1		
2		华泰期货	1,453		-124		
3		东证期货	1,061		581		
4		国海良时	954		-1		
5		锦泰期货	742		11		
6		冠通期货	480		80		
7		广州金控	410		-160		
8		华安期货	345		-14		
9		申银万国	328		278		
10		徽商期货	326		-86		
11		中天期货	312		116		
12		光大期货	307		37		
13		宏源期货	296		56		
14		海证期货	288		104		
15		中信期货	286		28		
16		鲁证期货	279		1		
17		弘业期货	277		18		
18		平安期货	270		-10		
19		东航期货	208		10		
20		迈科期货	180		0		
总计				11,488		926		



会员类别	总成交量	增减		
期货公司会员	23,974		5,808		

会员类别	总持买单量	增减		
期货公司会员	13,556		851		

会员类别	总持卖单量	增减		
期货公司会员	11,488		926		

