								大连商品交易所 成交量_买持仓_卖持仓排名	

合约代码：pp2009		Date：2020-08-26	

			期货公司会员	

名次		会员简称	成交量		增减		
1		浙商期货	4,464		1,833		
2		东证期货	4,357		-8,279		
3		国泰君安	1,413		-2,284		
4		徽商期货	1,393		-44		
5		中信期货	1,081		-590		
6		永安期货	1,078		-1,792		
7		华泰期货	816		-678		
8		国投安信	801		-1,369		
9		上海大陆	757		-685		
10		大地期货	689		26		
11		东航期货	557		65		
12		国富期货	477		-1,617		
13		银河期货	415		-607		
14		方正中期	400		-459		
15		瑞达期货	399		-550		
16		华安期货	395		-1,177		
17		弘业期货	395		-81		
18		锦泰期货	391		-889		
19		广发期货	383		107		
20		国海良时	381		-265		
总计				21,042		-19,335		

名次		会员简称	持买单量	增减		
1		永安期货	9,789		-491		
2		银河期货	6,449		-83		
3		浙商期货	5,228		-1,460		
4		国泰君安	3,160		-203		
5		国投安信	2,762		-181		
6		华泰期货	1,430		-249		
7		建信期货	1,245		-17		
8		徽商期货	1,160		-298		
9		招商期货	1,032		-1		
10		华融融达	936		-16		
11		兴业期货	742		-3		
12		东证期货	648		-461		
13		中银期货	618		-20		
14		光大期货	601		-8		
15		金瑞期货	568		-124		
16		天风期货	502		0		
17		国联期货	494		-1		
18		中财期货	475		-30		
19		申银万国	467		-21		
20		招金期货	466		-46		
总计				38,772		-3,713		

名次		会员简称	持卖单量	增减		
1		银河期货	6,423		-224		
2		浙商期货	4,032		-308		
3		华泰期货	3,935		-267		
4		南华期货	2,925		-168		
5		国信期货	2,587		-11		
6		瑞达期货	2,155		-116		
7		鲁证期货	1,441		-50		
8		中信期货	1,390		-469		
9		招金期货	1,384		-271		
10		中州期货	1,217		-171		
11		国海良时	1,012		-320		
12		永安期货	980		-395		
13		华金期货	879		-15		
14		中国国际	730		-7		
15		大越期货	704		-112		
16		新晟期货	703		0		
17		中大期货	693		-11		
18		海通期货	677		-32		
19		国泰君安	558		-64		
20		国投安信	557		-68		
总计				34,982		-3,079		



会员类别	总成交量	增减		
期货公司会员	21,042		-19,335		

会员类别	总持买单量	增减		
期货公司会员	38,772		-3,713		

会员类别	总持卖单量	增减		
期货公司会员	34,982		-3,079		

