								大连商品交易所 成交量_买持仓_卖持仓排名	

合约代码：c2105		Date：2020-08-26	

			期货公司会员	

名次		会员简称	成交量		增减		
1		东证期货	20,095		3,045		
2		华泰期货	13,668		-5,532		
3		五矿经易	12,345		11,911		
4		光大期货	9,488		3,515		
5		浙商期货	9,235		8,007		
6		中信期货	9,116		2,572		
7		金瑞期货	8,010		4,621		
8		中天期货	7,700		5,742		
9		银河期货	6,167		4,143		
10		国泰君安	5,404		3,329		
11		永安期货	4,534		3,121		
12		徽商期货	4,374		2,028		
13		摩根大通	3,939		3,939		
14		一德期货	3,428		3,348		
15		兴证期货	3,400		1,880		
16		建信期货	3,362		3,288		
17		安粮期货	3,130		1,574		
18		东海期货	2,936		-556		
19		先锋期货	2,745		1,822		
20		海证期货	2,641		1,720		
总计				135,717		63,517		

名次		会员简称	持买单量	增减		
1		北京首创	38,936		10		
2		鲁证期货	38,930		-415		
3		国泰君安	22,959		235		
4		光大期货	22,942		129		
5		一德期货	18,447		-317		
6		中信期货	16,199		-4,525		
7		中信建投	12,846		-105		
8		中州期货	11,100		502		
9		华泰期货	10,203		-781		
10		金瑞期货	9,871		2,111		
11		浙商期货	9,521		5,945		
12		永安期货	8,800		-789		
13		中辉期货	8,038		-224		
14		中粮期货	7,626		-30		
15		海证期货	7,458		325		
16		东证期货	6,932		1,531		
17		混沌天成	6,872		-501		
18		摩根大通	6,596		3,939		
19		徽商期货	5,865		88		
20		兴证期货	5,592		880		
总计				275,733		8,008		

名次		会员简称	持卖单量	增减		
1		永安期货	50,132		2,159		
2		中粮期货	33,368		-105		
3		中信期货	29,125		-143		
4		光大期货	27,490		335		
5		南华期货	24,736		64		
6		金瑞期货	23,577		47		
7		华融融达	21,107		10		
8		东证期货	14,612		250		
9		海证期货	13,979		738		
10		鲁证期货	13,293		23		
11		国投安信	12,663		8		
12		浙商期货	11,592		-590		
13		国泰君安	9,567		2,065		
14		美尔雅期货	5,119		51		
15		北京首创	4,569		649		
16		五矿经易	4,352		-11,996		
17		建信期货	4,193		14		
18		银河期货	3,960		1,012		
19		徽商期货	3,597		92		
20		东海期货	3,149		542		
总计				314,180		-4,775		



会员类别	总成交量	增减		
期货公司会员	135,717		63,517		

会员类别	总持买单量	增减		
期货公司会员	275,733		8,008		

会员类别	总持卖单量	增减		
期货公司会员	314,180		-4,775		

