								大连商品交易所 成交量_买持仓_卖持仓排名	

合约代码：y2011		Date：2020-08-26	

			期货公司会员	

名次		会员简称	成交量		增减		
1		国泰君安	12,521		-5,003		
2		光大期货	10,266		3,920		
3		东证期货	9,790		295		
4		华闻期货	6,542		-417		
5		国富期货	3,540		2,513		
6		中信期货	2,773		587		
7		方正中期	2,655		101		
8		海通期货	2,317		-533		
9		新湖期货	2,240		420		
10		申银万国	2,025		-216		
11		招商期货	1,005		-136		
12		中信建投	844		-282		
13		浙商期货	814		128		
14		中投期货	701		91		
15		五矿经易	659		-479		
16		国海良时	646		-432		
17		鲁证期货	586		-5,494		
18		格林大华	578		-564		
19		华泰期货	554		-111		
20		华西期货	528		-362		
总计				61,584		-5,974		

名次		会员简称	持买单量	增减		
1		中信期货	1,257		10		
2		光大期货	1,179		54		
3		中信建投	1,177		-2		
4		五矿经易	1,039		21		
5		海通期货	1,021		15		
6		招商期货	1,011		9		
7		东吴期货	990		20		
8		方正中期	874		38		
9		鲁证期货	606		-1		
10		格林大华	600		-10		
11		浙商期货	555		298		
12		中投期货	391		389		
13		国联期货	374		0		
14		中天期货	357		7		
15		新湖期货	284		12		
16		国海良时	223		-9		
17		国泰君安	207		18		
18		东证期货	197		23		
19		华闻期货	132		37		
20		国富期货	99		59		
总计				12,573		988		

名次		会员简称	持卖单量	增减		
1		中信期货	1,755		339		
2		光大期货	1,166		88		
3		中信建投	1,152		0		
4		五矿经易	978		0		
5		招商期货	976		-18		
6		海通期货	931		-10		
7		东吴期货	930		0		
8		方正中期	831		-3		
9		鲁证期货	624		29		
10		格林大华	600		-10		
11		国泰君安	596		203		
12		浙商期货	578		296		
13		弘业期货	541		301		
14		中天期货	350		0		
15		新湖期货	259		10		
16		国海良时	224		-11		
17		国富期货	79		43		
18		中辉期货	70		20		
19		徽商期货	63		-18		
20		银河期货	53		21		
总计				12,756		1,280		



会员类别	总成交量	增减		
期货公司会员	61,584		-5,974		

会员类别	总持买单量	增减		
期货公司会员	12,573		988		

会员类别	总持卖单量	增减		
期货公司会员	12,756		1,280		

