								大连商品交易所 成交量_买持仓_卖持仓排名	

合约代码：i2009		Date：2020-08-26	

			期货公司会员	

名次		会员简称	成交量		增减		
1		光大期货	10,576		-314		
2		国泰君安	6,188		1,610		
3		东证期货	5,907		-16,157		
4		中信期货	4,874		-2,474		
5		方正中期	3,498		933		
6		浙商期货	3,360		1,065		
7		美尔雅期货	3,017		2,348		
8		永安期货	2,702		-3,061		
9		华泰期货	2,529		-1,504		
10		东兴期货	2,474		1,527		
11		徽商期货	2,175		-943		
12		一德期货	2,062		-128		
13		国信期货	1,844		-1,936		
14		海通期货	1,710		-777		
15		国投安信	1,587		622		
16		盛达期货	1,507		640		
17		华闻期货	1,442		275		
18		鲁证期货	1,331		-848		
19		银河期货	1,152		-1,392		
20		道通期货	1,146		1,111		
总计				61,081		-19,403		

名次		会员简称	持买单量	增减		
1		方正中期	8,387		-1,234		
2		兴证期货	6,133		-52		
3		银河期货	4,893		-399		
4		鲁证期货	4,836		622		
5		浙商期货	4,442		-335		
6		国泰君安	4,029		-1,583		
7		永安期货	3,302		-812		
8		海通期货	2,556		-147		
9		一德期货	2,508		-331		
10		江苏东华	2,504		0		
11		中信期货	2,273		-446		
12		光大期货	2,247		-2,491		
13		申银万国	2,225		-144		
14		瑞达期货	1,599		-3		
15		华泰期货	1,522		-662		
16		徽商期货	1,329		-617		
17		海证期货	1,259		-40		
18		浙江新世纪	1,179		-71		
19		国投安信	1,152		-441		
20		国联期货	1,080		4		
总计				59,455		-9,182		

名次		会员简称	持卖单量	增减		
1		浙商期货	8,684		-449		
2		中信期货	7,484		-1,758		
3		永安期货	5,221		-916		
4		五矿经易	3,859		-359		
5		建信期货	2,694		-57		
6		广发期货	2,587		-345		
7		大地期货	2,506		-52		
8		国泰君安	2,492		-723		
9		格林大华	2,421		-88		
10		光大期货	2,236		-467		
11		徽商期货	1,822		-784		
12		一德期货	1,579		-1,087		
13		银河期货	1,430		-335		
14		方正中期	1,333		-156		
15		中辉期货	1,323		-52		
16		申银万国	1,062		-131		
17		国贸期货	1,041		-71		
18		南华期货	1,037		-53		
19		新纪元期货	1,037		-46		
20		中财期货	898		-200		
总计				52,746		-8,129		



会员类别	总成交量	增减		
期货公司会员	61,081		-19,403		

会员类别	总持买单量	增减		
期货公司会员	59,455		-9,182		

会员类别	总持卖单量	增减		
期货公司会员	52,746		-8,129		

