								大连商品交易所 成交量_买持仓_卖持仓排名	

合约代码：pp2101		Date：2020-08-26	

			期货公司会员	

名次		会员简称	成交量		增减		
1		东证期货	120,309		-13,154		
2		中信期货	40,958		-676		
3		海通期货	36,929		10,557		
4		国泰君安	36,920		-6,919		
5		国富期货	24,634		-1,511		
6		华泰期货	22,130		-5,496		
7		方正中期	20,620		-623		
8		永安期货	20,189		8,768		
9		华安期货	16,740		-1,846		
10		徽商期货	15,207		-2,479		
11		东方财富	11,208		2,404		
12		申银万国	11,165		-1,795		
13		浙商期货	10,129		760		
14		中辉期货	9,616		-1,608		
15		银河期货	9,479		188		
16		南华期货	8,960		-438		
17		国投安信	8,792		-200		
18		兴证期货	8,357		-1,063		
19		国信期货	8,216		-4,452		
20		光大期货	7,935		733		
总计				448,493		-18,850		

名次		会员简称	持买单量	增减		
1		永安期货	37,793		-2,806		
2		中信期货	34,914		-1,584		
3		银河期货	12,413		282		
4		华泰期货	12,270		-3,293		
5		新湖期货	11,570		394		
6		东证期货	11,450		458		
7		兴证期货	8,671		293		
8		东海期货	8,364		949		
9		国泰君安	8,140		-1,008		
10		海通期货	6,777		-1,412		
11		中信建投	6,058		534		
12		宏源期货	5,466		384		
13		申银万国	5,130		38		
14		南华期货	4,784		388		
15		国投安信	4,653		-2		
16		方正中期	4,374		708		
17		大地期货	4,307		237		
18		东航期货	4,155		-193		
19		国信期货	4,104		-189		
20		华安期货	3,775		38		
总计				199,168		-5,784		

名次		会员简称	持卖单量	增减		
1		浙商期货	19,262		-732		
2		国泰君安	16,823		-2,056		
3		永安期货	15,728		-37		
4		国投安信	14,301		-566		
5		南华期货	13,475		468		
6		中银期货	9,524		90		
7		中信期货	9,375		-20		
8		瑞达期货	9,152		463		
9		建信期货	8,996		-19		
10		华泰期货	8,838		47		
11		一德期货	8,599		383		
12		国信期货	8,220		891		
13		银河期货	7,665		-375		
14		鲁证期货	6,582		-402		
15		东证期货	6,292		-637		
16		广发期货	5,861		-647		
17		方正中期	5,586		40		
18		东海期货	4,960		-284		
19		华融融达	4,692		-141		
20		中信建投	4,495		-147		
总计				188,426		-3,681		



会员类别	总成交量	增减		
期货公司会员	448,493		-18,850		

会员类别	总持买单量	增减		
期货公司会员	199,168		-5,784		

会员类别	总持卖单量	增减		
期货公司会员	188,426		-3,681		

