								大连商品交易所 成交量_买持仓_卖持仓排名	

合约代码：eg2109		Date：2021-06-29	

			期货公司会员	

名次		会员简称	成交量		增减		
1		国投安信	126,054		23,502		
2		中信期货	49,723		6,206		
3		海通期货	35,894		3,892		
4		东证期货	30,008		-3,393		
5		国泰君安	29,339		-1,795		
6		银河期货	22,569		6,414		
7		国富期货	22,457		291		
8		华泰期货	19,182		4,801		
9		浙商期货	16,329		-3,054		
10		方正中期	15,498		2,185		
11		东吴期货	15,373		6,137		
12		华闻期货	13,014		2,271		
13		新湖期货	11,074		-530		
14		光大期货	10,476		1,678		
15		申银万国	10,397		-2,928		
16		金瑞期货	9,108		2,263		
17		徽商期货	8,233		-1,128		
18		永安期货	7,915		426		
19		兴证期货	7,649		-752		
20		广发期货	7,121		1,020		
总计				467,413		47,506		

名次		会员简称	持买单量	增减		
1		中信期货	22,278		22		
2		国泰君安	13,779		-191		
3		华泰期货	11,429		-401		
4		东证期货	9,561		1,009		
5		永安期货	9,136		-417		
6		瑞达期货	7,239		-180		
7		建信期货	7,222		-269		
8		东吴期货	5,861		-776		
9		银河期货	5,566		-398		
10		兴证期货	5,554		582		
11		上海中期	5,102		208		
12		南华期货	4,815		-71		
13		海通期货	4,648		108		
14		中投期货	4,461		159		
15		方正中期	4,050		222		
16		通惠期货	3,800		-218		
17		国贸期货	3,643		1,143		
18		中辉期货	3,576		-315		
19		国元期货	3,518		-381		
20		国富期货	3,426		-170		
总计				138,664		-334		

名次		会员简称	持卖单量	增减		
1		永安期货	21,214		-14		
2		银河期货	14,986		601		
3		国泰君安	13,881		164		
4		中信期货	13,793		4,743		
5		五矿期货	7,904		119		
6		宝城期货	7,041		-804		
7		格林大华	6,872		293		
8		东证期货	6,560		-181		
9		新湖期货	6,362		-285		
10		天风期货	6,258		-1,430		
11		中粮期货	5,368		-458		
12		东海期货	5,287		170		
13		浙商期货	5,224		-292		
14		东吴期货	5,065		531		
15		南华期货	5,043		-395		
16		申银万国	4,525		-243		
17		弘业期货	4,007		309		
18		创元期货	3,904		-215		
19		一德期货	3,789		269		
20		国富期货	3,321		-385		
总计				150,404		2,497		



会员类别	总成交量	增减		
期货公司会员	467,413		47,506		

会员类别	总持买单量	增减		
期货公司会员	138,664		-334		

会员类别	总持卖单量	增减		
期货公司会员	150,404		2,497		

