								大连商品交易所 成交量_买持仓_卖持仓排名	

合约代码：cs2111		Date：2021-06-29	

			期货公司会员	

名次		会员简称	成交量		增减		
1		东证期货	12,925		-2,990		
2		国泰君安	10,044		-5,017		
3		国富期货	7,467		-316		
4		华泰期货	7,045		-830		
5		光大期货	6,765		389		
6		中信期货	4,943		1,530		
7		南华期货	4,449		535		
8		海通期货	2,993		1,732		
9		华闻期货	2,989		-243		
10		鲁证期货	2,969		-921		
11		五矿期货	2,960		-676		
12		浙商期货	2,756		-1,293		
13		上海中期	1,562		301		
14		金瑞期货	1,463		-1,189		
15		招商期货	1,380		-28		
16		广发期货	1,196		1,100		
17		财信期货	1,156		757		
18		华安期货	728		-115		
19		弘业期货	714		-683		
20		国信期货	704		486		
总计				77,208		-7,471		

名次		会员简称	持买单量	增减		
1		国泰君安	4,926		438		
2		中信期货	4,596		1,198		
3		国富期货	3,215		626		
4		东证期货	2,471		17		
5		招商期货	1,992		-23		
6		光大期货	1,768		41		
7		南华期货	1,725		26		
8		鲁证期货	1,685		64		
9		五矿期货	1,626		202		
10		浙商期货	1,574		16		
11		华泰期货	768		-1,306		
12		金瑞期货	725		-66		
13		中国国际	459		19		
14		银河期货	454		-52		
15		国投安信	394		-97		
16		永安期货	384		5		
17		华闻期货	320		134		
18		长江期货	281		23		
19		国信期货	261		132		
20		海通期货	243		-1,181		
总计				29,867		216		

名次		会员简称	持卖单量	增减		
1		中信期货	6,419		925		
2		国泰君安	4,333		466		
3		国富期货	3,242		567		
4		招商期货	2,004		1		
5		东证期货	1,919		4		
6		南华期货	1,702		17		
7		鲁证期货	1,630		7		
8		五矿期货	1,626		202		
9		光大期货	1,596		4		
10		浙商期货	1,570		6		
11		中信建投	796		-26		
12		银河期货	441		44		
13		英大期货	397		0		
14		国投安信	374		10		
15		永安期货	352		-558		
16		兴证期货	291		15		
17		长江期货	284		-2		
18		华泰期货	263		-35		
19		海通期货	251		-580		
20		长安期货	249		-5		
总计				29,739		1,062		



会员类别	总成交量	增减		
期货公司会员	77,208		-7,471		

会员类别	总持买单量	增减		
期货公司会员	29,867		216		

会员类别	总持卖单量	增减		
期货公司会员	29,739		1,062		

