								大连商品交易所 成交量_买持仓_卖持仓排名	

合约代码：m2112		Date：2021-06-29	

			期货公司会员	

名次		会员简称	成交量		增减		
1		华闻期货	7,487		-4,128		
2		国富期货	5,902		2,086		
3		国泰君安	4,539		-5,159		
4		锦泰期货	1,251		-473		
5		海通期货	1,174		-2,128		
6		光大期货	1,060		-107		
7		南华期货	1,034		-2,166		
8		国元期货	1,028		-2,593		
9		国海良时	779		-955		
10		鲁证期货	743		-687		
11		申银万国	726		-613		
12		招商期货	660		-517		
13		国投安信	642		-1,415		
14		五矿期货	466		-244		
15		中信建投	346		-476		
16		浙商期货	334		-315		
17		东航期货	252		249		
18		弘业期货	225		138		
19		国联期货	208		-65		
20		华安期货	170		44		
总计				29,026		-19,524		

名次		会员简称	持买单量	增减		
1		申银万国	4,537		280		
2		国富期货	2,444		784		
3		华泰期货	1,962		2		
4		国泰君安	1,696		19		
5		海通期货	1,510		67		
6		国投安信	1,202		4		
7		五矿期货	1,142		233		
8		永安期货	1,121		0		
9		中信建投	1,033		2		
10		国元期货	936		28		
11		格林大华	852		-1		
12		东证期货	834		0		
13		鲁证期货	794		0		
14		招商期货	792		33		
15		浙商期货	713		2		
16		大有期货	700		-100		
17		国海良时	681		-12		
18		南华期货	651		47		
19		东海期货	601		0		
20		方正中期	260		0		
总计				24,461		1,388		

名次		会员简称	持卖单量	增减		
1		申银万国	4,571		198		
2		国富期货	2,443		784		
3		华泰期货	1,958		-4		
4		国泰君安	1,695		18		
5		海通期货	1,515		73		
6		五矿期货	1,142		233		
7		永安期货	1,125		0		
8		中信建投	1,003		2		
9		国投安信	996		6		
10		国元期货	955		-24		
11		东证期货	884		30		
12		格林大华	852		2		
13		招商期货	821		-17		
14		鲁证期货	799		5		
15		国海良时	748		-3		
16		浙商期货	727		-2		
17		南华期货	650		47		
18		东海期货	601		0		
19		徽商期货	326		38		
20		方正中期	266		1		
总计				24,077		1,387		



会员类别	总成交量	增减		
期货公司会员	29,026		-19,524		

会员类别	总持买单量	增减		
期货公司会员	24,461		1,388		

会员类别	总持卖单量	增减		
期货公司会员	24,077		1,387		

