								大连商品交易所 成交量_买持仓_卖持仓排名	

合约代码：p2111		Date：2021-06-29	

			期货公司会员	

名次		会员简称	成交量		增减		
1		中信期货	2,131		-293		
2		华闻期货	1,751		80		
3		国泰君安	1,522		-537		
4		鲁证期货	752		-7		
5		五矿期货	647		86		
6		招商期货	579		126		
7		东航期货	548		358		
8		锦泰期货	488		-306		
9		浙商期货	463		-47		
10		国投安信	291		-4		
11		海通期货	246		-1,674		
12		大地期货	220		218		
13		华泰期货	175		38		
14		新湖期货	122		-82		
15		华安期货	122		-78		
16		国联期货	112		-10		
17		东海期货	78		67		
18		东证期货	60		28		
19		申银万国	59		1		
20		光大期货	48		-505		
总计				10,414		-2,541		

名次		会员简称	持买单量	增减		
1		海通期货	9,421		-90		
2		东证期货	5,065		0		
3		中信期货	4,920		231		
4		光大期货	1,821		15		
5		银河期货	1,441		0		
6		国泰君安	1,385		-11		
7		华泰期货	1,277		19		
8		五矿期货	1,207		7		
9		招商期货	1,188		-7		
10		浙商期货	1,078		4		
11		鲁证期货	889		0		
12		宏源期货	757		0		
13		国投安信	702		-13		
14		华西期货	651		0		
15		平安期货	622		0		
16		国信期货	596		0		
17		永安期货	423		0		
18		弘业期货	412		0		
19		中辉期货	406		0		
20		锦泰期货	391		-60		
总计				34,652		95		

名次		会员简称	持卖单量	增减		
1		海通期货	9,368		-100		
2		东证期货	5,066		0		
3		中信期货	4,922		242		
4		光大期货	1,817		17		
5		银河期货	1,462		-1		
6		国泰君安	1,389		-13		
7		华泰期货	1,318		-14		
8		招商期货	1,204		2		
9		五矿期货	1,200		0		
10		鲁证期货	921		2		
11		宏源期货	769		0		
12		浙商期货	761		9		
13		国信期货	701		0		
14		国投安信	700		0		
15		华西期货	650		0		
16		平安期货	614		0		
17		锦泰期货	519		-44		
18		永安期货	417		0		
19		弘业期货	412		0		
20		中辉期货	407		0		
总计				34,617		100		



会员类别	总成交量	增减		
期货公司会员	10,414		-2,541		

会员类别	总持买单量	增减		
期货公司会员	34,652		95		

会员类别	总持卖单量	增减		
期货公司会员	34,617		100		

