								大连商品交易所 成交量_买持仓_卖持仓排名	

合约代码：i2201		Date：2021-06-29	

			期货公司会员	

名次		会员简称	成交量		增减		
1		东证期货	7,699		1,423		
2		中信期货	7,439		-20		
3		东吴期货	6,955		938		
4		国泰君安	6,918		1,731		
5		海通期货	6,482		353		
6		光大期货	4,415		-1,493		
7		南华期货	4,123		-333		
8		申银万国	3,367		-1,427		
9		国富期货	3,167		41		
10		永安期货	2,826		791		
11		华闻期货	2,785		722		
12		中粮期货	2,490		1,327		
13		五矿期货	2,446		171		
14		一德期货	2,367		1,410		
15		徽商期货	2,241		-997		
16		宏源期货	2,189		453		
17		国海良时	2,123		-126		
18		方正中期	2,107		-270		
19		华安期货	2,000		276		
20		银河期货	1,856		369		
总计				75,995		5,339		

名次		会员简称	持买单量	增减		
1		申银万国	13,569		109		
2		一德期货	8,868		1,708		
3		永安期货	5,849		444		
4		国泰君安	4,427		447		
5		海通期货	4,268		499		
6		五矿期货	4,250		2,091		
7		冠通期货	4,233		0		
8		西南期货	3,178		-72		
9		东吴期货	3,038		934		
10		东证期货	2,888		-15		
11		中信期货	2,735		137		
12		中辉期货	2,657		46		
13		国海良时	2,570		481		
14		浙商期货	2,207		73		
15		大地期货	2,185		510		
16		银河期货	2,119		83		
17		道通期货	1,979		0		
18		中粮期货	1,957		257		
19		大通期货	1,957		0		
20		瑞达期货	1,642		1		
总计				76,576		7,733		

名次		会员简称	持卖单量	增减		
1		浙商期货	9,924		-17		
2		方正中期	8,295		207		
3		申银万国	5,654		140		
4		东证期货	4,639		1,356		
5		永安期货	4,327		482		
6		国泰君安	4,036		373		
7		鲁证期货	3,881		144		
8		广发期货	3,489		149		
9		一德期货	3,287		197		
10		中粮期货	3,135		1,993		
11		中辉期货	3,095		360		
12		国投安信	2,365		-49		
13		华泰期货	1,978		156		
14		东吴期货	1,936		417		
15		瑞达期货	1,858		-76		
16		海证期货	1,768		391		
17		银河期货	1,685		293		
18		大有期货	1,644		6		
19		东兴期货	1,541		22		
20		南华期货	1,532		-18		
总计				70,069		6,526		



会员类别	总成交量	增减		
期货公司会员	75,995		5,339		

会员类别	总持买单量	增减		
期货公司会员	76,576		7,733		

会员类别	总持卖单量	增减		
期货公司会员	70,069		6,526		

