								大连商品交易所 成交量_买持仓_卖持仓排名	

合约代码：c2203		Date：2021-06-29	

			期货公司会员	

名次		会员简称	成交量		增减		
1		东证期货	22,826		2,732		
2		华闻期货	18,947		1,036		
3		国泰君安	11,347		-1,726		
4		弘业期货	6,821		707		
5		国富期货	6,604		-905		
6		南华期货	6,337		347		
7		海通期货	5,549		1,536		
8		五矿期货	3,484		-122		
9		申银万国	3,337		50		
10		永安期货	3,117		443		
11		浙商期货	2,991		273		
12		银河期货	2,880		-156		
13		鲁证期货	2,629		215		
14		中信期货	2,552		-439		
15		光大期货	2,198		398		
16		华泰期货	1,777		715		
17		物产中大	1,701		-358		
18		国海良时	1,038		-57		
19		天风期货	392		392		
20		金瑞期货	373		-151		
总计				106,900		4,930		

名次		会员简称	持买单量	增减		
1		中信期货	5,264		26		
2		银河期货	3,150		264		
3		国富期货	3,051		-12		
4		申银万国	3,025		0		
5		物产中大	2,982		177		
6		摩根大通	2,978		0		
7		浙商期货	2,763		4		
8		弘业期货	2,644		6		
9		五矿期货	2,501		488		
10		鲁证期货	2,442		9		
11		东证期货	2,138		35		
12		永安期货	2,006		400		
13		南华期货	1,805		-11		
14		海通期货	1,544		-28		
15		国泰君安	929		-41		
16		国海良时	793		-5		
17		兴证期货	278		-3		
18		华闻期货	223		46		
19		华融融达	190		0		
20		中粮期货	141		8		
总计				40,847		1,363		

名次		会员简称	持卖单量	增减		
1		中信期货	5,365		28		
2		银河期货	3,260		354		
3		国富期货	3,063		-12		
4		申银万国	3,022		-7		
5		物产中大	2,984		178		
6		浙商期货	2,710		-1		
7		弘业期货	2,642		15		
8		五矿期货	2,521		504		
9		鲁证期货	2,516		2		
10		永安期货	2,278		579		
11		东证期货	2,167		111		
12		海通期货	1,812		23		
13		南华期货	1,810		-10		
14		国泰君安	937		-26		
15		国海良时	871		-205		
16		方正中期	534		5		
17		先锋期货	466		-59		
18		徽商期货	345		-35		
19		光大期货	246		-47		
20		华泰期货	241		-9		
总计				39,790		1,388		



会员类别	总成交量	增减		
期货公司会员	106,900		4,930		

会员类别	总持买单量	增减		
期货公司会员	40,847		1,363		

会员类别	总持卖单量	增减		
期货公司会员	39,790		1,388		

