								大连商品交易所 成交量_买持仓_卖持仓排名	

合约代码：jm2109		Date：2021-06-29	

			期货公司会员	

名次		会员简称	成交量		增减		
1		东证期货	59,131		-23,019		
2		海通期货	33,087		-11,233		
3		国富期货	25,847		-8,791		
4		中信期货	25,729		-8,153		
5		东方财富	20,397		-4,021		
6		光大期货	19,301		-6,765		
7		国泰君安	16,562		-7,403		
8		华闻期货	14,021		-8,159		
9		申银万国	12,733		-190		
10		方正中期	11,374		-2,291		
11		华泰期货	10,900		-4,092		
12		银河期货	10,615		-2,913		
13		徽商期货	10,510		-1,614		
14		浙商期货	9,260		4,879		
15		中信建投	7,713		-4,402		
16		华安期货	7,709		-1,911		
17		东吴期货	7,493		-819		
18		永安期货	7,397		-2,203		
19		国投安信	7,103		-2,490		
20		中辉期货	6,778		-4,186		
总计				323,660		-99,776		

名次		会员简称	持买单量	增减		
1		中信期货	14,531		-47		
2		国泰君安	9,481		646		
3		海通期货	9,103		-3,255		
4		华泰期货	7,617		-2,292		
5		银河期货	5,495		-1,795		
6		东证期货	5,194		-277		
7		永安期货	4,320		-287		
8		国投安信	4,144		-201		
9		中辉期货	4,072		-760		
10		光大期货	4,048		-347		
11		国富期货	3,284		-3,756		
12		方正中期	3,226		-291		
13		广发期货	3,096		-730		
14		国信期货	3,025		-195		
15		华闻期货	2,962		-106		
16		申银万国	2,955		-2,174		
17		兴证期货	2,899		-447		
18		鲁证期货	2,785		-132		
19		中信建投	2,679		-205		
20		招商期货	2,623		81		
总计				97,539		-16,570		

名次		会员简称	持卖单量	增减		
1		一德期货	8,970		-731		
2		海通期货	8,138		-2,690		
3		中信期货	7,367		-344		
4		国泰君安	6,710		454		
5		永安期货	5,965		-116		
6		申银万国	4,545		-1,665		
7		鲁证期货	4,465		157		
8		银河期货	4,320		-1,490		
9		中辉期货	4,017		-26		
10		中信建投	3,800		274		
11		光大期货	3,535		-796		
12		东证期货	3,429		-102		
13		国富期货	3,256		-3,641		
14		方正中期	3,250		597		
15		华泰期货	3,114		-90		
16		华闻期货	2,999		49		
17		国信期货	2,581		-346		
18		东方财富	2,486		-230		
19		华融融达	2,318		-24		
20		东吴期货	2,263		108		
总计				87,528		-10,652		



会员类别	总成交量	增减		
期货公司会员	323,660		-99,776		

会员类别	总持买单量	增减		
期货公司会员	97,539		-16,570		

会员类别	总持卖单量	增减		
期货公司会员	87,528		-10,652		

