								大连商品交易所 成交量_买持仓_卖持仓排名	

合约代码：l2111		Date：2021-06-29	

			期货公司会员	

名次		会员简称	成交量		增减		
1		东证期货	6,868		-1,820		
2		国投安信	6,044		-5,642		
3		海通期货	2,652		2,243		
4		华闻期货	2,352		912		
5		国泰君安	1,757		-1,488		
6		浙商期货	1,427		-749		
7		宝城期货	1,381		1,363		
8		海证期货	1,316		-175		
9		申银万国	1,288		800		
10		长江期货	1,279		-204		
11		国元期货	1,227		-618		
12		招商期货	1,043		-723		
13		国海良时	946		-175		
14		五矿期货	814		-278		
15		弘业期货	466		-69		
16		金瑞期货	440		-424		
17		银河期货	363		-4		
18		中信期货	331		-835		
19		中国国际	330		123		
20		光大期货	325		-817		
总计				32,649		-8,580		

名次		会员简称	持买单量	增减		
1		东证期货	7,915		542		
2		国富期货	4,223		80		
3		申银万国	3,714		0		
4		国海良时	3,455		-80		
5		国投安信	3,212		-18		
6		国元期货	2,956		3		
7		国泰君安	2,936		0		
8		光大期货	2,915		-2		
9		宝城期货	2,004		-679		
10		海证期货	1,623		-7		
11		中信建投	1,601		72		
12		锦泰期货	1,592		4		
13		海通期货	1,529		1,165		
14		长江期货	1,462		-104		
15		中信期货	1,315		-6		
16		招商期货	1,185		-16		
17		浙商期货	1,178		-5		
18		五矿期货	1,128		0		
19		华闻期货	1,114		306		
20		方正中期	1,088		0		
总计				48,145		1,255		

名次		会员简称	持卖单量	增减		
1		东证期货	7,868		422		
2		国富期货	4,243		80		
3		申银万国	3,712		12		
4		国海良时	3,422		-100		
5		国泰君安	3,298		-21		
6		国投安信	3,210		-18		
7		国元期货	3,004		0		
8		光大期货	2,989		5		
9		中信期货	2,721		15		
10		宝城期货	2,000		-680		
11		海证期货	1,723		-3		
12		锦泰期货	1,693		103		
13		长江期货	1,462		-105		
14		海通期货	1,448		1,143		
15		浙商期货	1,298		10		
16		方正中期	1,150		-28		
17		五矿期货	1,117		0		
18		招商期货	1,107		97		
19		华闻期货	1,082		306		
20		华泰期货	900		1		
总计				49,447		1,239		



会员类别	总成交量	增减		
期货公司会员	32,649		-8,580		

会员类别	总持买单量	增减		
期货公司会员	48,145		1,255		

会员类别	总持卖单量	增减		
期货公司会员	49,447		1,239		

