								大连商品交易所 成交量_买持仓_卖持仓排名	

合约代码：lh2109		Date：2021-06-29	

			期货公司会员	

名次		会员简称	成交量		增减		
1		海通期货	3,831		-2,248		
2		国泰君安	2,791		-3,366		
3		中信期货	2,710		-1,840		
4		东方财富	2,226		-1,886		
5		方正中期	2,121		-1,270		
6		银河期货	2,053		-1,573		
7		东证期货	1,929		-1,212		
8		华泰期货	1,677		-904		
9		华闻期货	1,518		-1,534		
10		徽商期货	1,152		-1,636		
11		中信建投	1,131		-2,184		
12		鲁证期货	1,073		-793		
13		东吴期货	1,036		-1,359		
14		平安期货	1,016		-378		
15		国信期货	1,011		-557		
16		光大期货	974		-862		
17		中辉期货	925		-701		
18		国投安信	851		-1,036		
19		广发期货	851		-994		
20		永安期货	843		-2,358		
总计				31,719		-28,691		

名次		会员简称	持买单量	增减		
1		国泰君安	2,135		-221		
2		中信期货	1,654		-292		
3		海通期货	1,431		145		
4		华泰期货	1,297		4		
5		银河期货	1,145		147		
6		东海期货	1,090		358		
7		永安期货	989		-92		
8		东证期货	911		35		
9		中粮期货	802		26		
10		广发期货	750		-68		
11		方正中期	743		-8		
12		东方财富	699		-80		
13		国投安信	585		-105		
14		平安期货	570		24		
15		宏源期货	548		60		
16		中信建投	546		-149		
17		一德期货	538		290		
18		国信期货	537		11		
19		光大期货	513		-1		
20		北京金鹏	505		-2		
总计				17,988		82		

名次		会员简称	持卖单量	增减		
1		中粮期货	3,505		38		
2		中信期货	2,223		-364		
3		国投安信	2,200		56		
4		永安期货	2,031		83		
5		国泰君安	1,676		-296		
6		海通期货	1,299		248		
7		光大期货	962		155		
8		华泰期货	948		-169		
9		东证期货	897		56		
10		广发期货	864		37		
11		东方财富	840		48		
12		中信建投	673		26		
13		浙商期货	642		-10		
14		银河期货	574		-60		
15		东吴期货	554		-83		
16		南华期货	553		52		
17		宁证期货	552		103		
18		方正中期	538		13		
19		五矿期货	507		-49		
20		华闻期货	439		-300		
总计				22,477		-416		



会员类别	总成交量	增减		
期货公司会员	31,719		-28,691		

会员类别	总持买单量	增减		
期货公司会员	17,988		82		

会员类别	总持卖单量	增减		
期货公司会员	22,477		-416		

