								大连商品交易所 成交量_买持仓_卖持仓排名	

合约代码：pp2109		Date：2021-06-29	

			期货公司会员	

名次		会员简称	成交量		增减		
1		国投安信	166,806		-28,908		
2		中信期货	130,099		-18,833		
3		东证期货	125,008		11,371		
4		国泰君安	75,060		-7,910		
5		海通期货	70,969		-4,872		
6		国富期货	43,944		-13,521		
7		永安期货	39,472		7,725		
8		华泰期货	33,116		-8,998		
9		银河期货	28,925		-4,592		
10		新湖期货	24,481		-4,762		
11		华西期货	24,071		3,773		
12		徽商期货	20,739		-2,249		
13		光大期货	19,926		-2,471		
14		方正中期	19,058		-899		
15		申银万国	17,232		-5,307		
16		华安期货	17,132		-3,028		
17		华闻期货	17,034		-3,377		
18		兴证期货	16,728		-4,423		
19		东吴期货	15,025		-5,207		
20		宏源期货	14,900		-6,084		
总计				919,725		-102,572	

名次		会员简称	持买单量	增减		
1		中信期货	48,571		1,176		
2		永安期货	39,213		-5,806		
3		华泰期货	23,309		-672		
4		国泰君安	21,282		-696		
5		东证期货	14,428		-2,780		
6		国投安信	10,701		1,210		
7		海通期货	8,918		-1,345		
8		中投期货	7,880		-124		
9		兴证期货	7,467		-204		
10		华安期货	7,332		996		
11		宏源期货	7,193		458		
12		银河期货	6,988		-914		
13		光大期货	6,935		1,402		
14		方正中期	6,424		1,015		
15		弘业期货	6,417		970		
16		国海良时	6,386		-1,451		
17		东航期货	5,856		5		
18		五矿期货	5,317		18		
19		中信建投	5,158		212		
20		鲁证期货	5,152		306		
总计				250,927		-6,224		

名次		会员简称	持卖单量	增减		
1		永安期货	35,512		4		
2		国泰君安	25,326		3,832		
3		银河期货	22,193		173		
4		华泰期货	17,820		-1,188		
5		中信期货	15,019		-4,281		
6		浙商期货	14,718		752		
7		天风期货	12,368		-1		
8		光大期货	11,868		22		
9		国海良时	11,694		-516		
10		国投安信	11,565		-856		
11		方正中期	11,307		-1,415		
12		南华期货	10,136		-442		
13		长江期货	9,185		-175		
14		中信建投	8,384		-307		
15		海通期货	8,157		2,390		
16		申银万国	8,019		67		
17		新湖期货	7,507		-351		
18		兴证期货	7,238		1,038		
19		东吴期货	6,904		227		
20		瑞达期货	6,626		383		
总计				261,546		-644		



会员类别	总成交量	增减		
期货公司会员	919,725		-102,572	

会员类别	总持买单量	增减		
期货公司会员	250,927		-6,224		

会员类别	总持卖单量	增减		
期货公司会员	261,546		-644		

