								大连商品交易所 成交量_买持仓_卖持仓排名	

合约代码：pg2109		Date：2021-06-29	

			期货公司会员	

名次		会员简称	成交量		增减		
1		华泰期货	5,932		175		
2		东证期货	5,339		1,821		
3		中信期货	2,996		-141		
4		锦泰期货	1,608		404		
5		国富期货	1,302		-142		
6		招商期货	1,278		-310		
7		国信期货	1,212		280		
8		申银万国	1,192		58		
9		浙商期货	1,030		-387		
10		中信建投	1,021		348		
11		长江期货	895		350		
12		方正中期	851		-233		
13		兴证期货	757		-42		
14		光大期货	702		-216		
15		瑞达期货	665		-79		
16		东吴期货	513		409		
17		国泰君安	509		38		
18		海通期货	462		58		
19		华闻期货	371		-172		
20		鲁证期货	363		126		
总计				28,998		2,345		

名次		会员简称	持买单量	增减		
1		中信期货	3,077		111		
2		招商期货	1,881		143		
3		东证期货	1,843		813		
4		国泰君安	1,395		3		
5		瑞达期货	1,382		201		
6		申银万国	1,262		394		
7		方正中期	1,004		161		
8		永安期货	940		-96		
9		中信建投	868		-59		
10		五矿期货	788		-21		
11		浙商期货	780		-1		
12		长江期货	681		278		
13		兴证期货	452		-5		
14		华泰期货	439		-6		
15		上海东亚	402		75		
16		锦泰期货	191		0		
17		华融融达	188		13		
18		东吴期货	179		0		
19		大地期货	171		10		
20		国信期货	114		98		
总计				18,037		2,112		

名次		会员简称	持卖单量	增减		
1		中信期货	3,668		207		
2		招商期货	1,922		205		
3		东证期货	1,685		522		
4		方正中期	1,259		104		
5		申银万国	1,087		378		
6		浙商期货	1,038		5		
7		中信建投	894		10		
8		永安期货	827		8		
9		五矿期货	800		13		
10		长江期货	720		269		
11		东吴期货	527		409		
12		兴证期货	481		-8		
13		瑞达期货	414		26		
14		锦泰期货	360		92		
15		华泰期货	342		-8		
16		南华期货	296		-4		
17		国泰君安	278		112		
18		银河期货	250		-13		
19		徽商期货	218		49		
20		广发期货	190		9		
总计				17,256		2,385		



会员类别	总成交量	增减		
期货公司会员	28,998		2,345		

会员类别	总持买单量	增减		
期货公司会员	18,037		2,112		

会员类别	总持卖单量	增减		
期货公司会员	17,256		2,385		

