								大连商品交易所 成交量_买持仓_卖持仓排名	

合约代码：l2109		Date：2021-06-29	

			期货公司会员	

名次		会员简称	成交量		增减		
1		东证期货	144,549		-31,652		
2		国投安信	118,329		-28,365		
3		国富期货	106,109		-53,019		
4		兴证期货	52,108		-24,336		
5		中信期货	47,906		-13,093		
6		国泰君安	42,621		-28,962		
7		五矿期货	18,849		15,834		
8		华泰期货	15,657		-16,729		
9		银河期货	13,477		-567		
10		海通期货	13,251		-13,765		
11		光大期货	12,893		-4,699		
12		方正中期	12,333		-4,665		
13		申银万国	11,723		-12,169		
14		华闻期货	10,517		-2,262		
15		永安期货	9,524		-15,102		
16		弘业期货	9,275		-5,706		
17		宏源期货	7,877		-5,967		
18		鲁证期货	7,261		-3,043		
19		国盛期货	7,137		-899		
20		广发期货	6,995		-7,053		
总计				668,391		-256,219	

名次		会员简称	持买单量	增减		
1		永安期货	33,768		-1,442		
2		国泰君安	25,793		331		
3		中信期货	24,375		2,989		
4		海通期货	21,887		-718		
5		华泰期货	17,886		-66		
6		东证期货	17,253		85		
7		一德期货	14,166		718		
8		银河期货	11,054		432		
9		新湖期货	8,318		-247		
10		宏源期货	7,410		-194		
11		中国国际	7,207		-198		
12		中投期货	6,818		1,587		
13		南华期货	6,624		-110		
14		广发期货	6,087		-915		
15		招商期货	6,000		374		
16		方正中期	5,729		-1,251		
17		中信建投	5,715		-143		
18		浙商期货	5,610		-599		
19		上海中期	4,916		-171		
20		华安期货	4,676		141		
总计				241,292		603		

名次		会员简称	持卖单量	增减		
1		国泰君安	46,257		4,266		
2		永安期货	30,419		-1,120		
3		华泰期货	23,730		741		
4		中信期货	18,383		-695		
5		银河期货	16,735		275		
6		东证期货	14,724		-3,290		
7		光大期货	12,905		-330		
8		南华期货	11,437		-1,026		
9		申银万国	11,365		106		
10		国投安信	10,578		-62		
11		海证期货	10,540		-42		
12		浙商期货	9,291		-32		
13		国贸期货	8,845		-1,047		
14		方正中期	7,129		1,670		
15		国海良时	6,829		-772		
16		兴业期货	6,444		-345		
17		瑞达期货	5,591		236		
18		兴证期货	4,913		-316		
19		东吴期货	4,812		-202		
20		弘业期货	4,616		2,063		
总计				265,543		78		



会员类别	总成交量	增减		
期货公司会员	668,391		-256,219	

会员类别	总持买单量	增减		
期货公司会员	241,292		603		

会员类别	总持卖单量	增减		
期货公司会员	265,543		78		

