								大连商品交易所 成交量_买持仓_卖持仓排名	

合约代码：eb2108		Date：2021-06-29	

			期货公司会员	

名次		会员简称	成交量		增减		
1		国投安信	72,432		-13,962		
2		东证期货	35,183		19,389		
3		中信期货	24,969		-4,192		
4		国泰君安	24,249		271		
5		海通期货	21,056		-8,531		
6		国富期货	15,669		-2,873		
7		银河期货	15,333		-6,135		
8		方正中期	14,452		-1,690		
9		华闻期货	13,669		2,640		
10		华泰期货	13,216		-4,982		
11		申银万国	12,165		-943		
12		徽商期货	11,625		-2,458		
13		东吴期货	9,601		-4,710		
14		兴证期货	8,118		-1,090		
15		光大期货	8,039		-1,754		
16		永安期货	7,344		-2,054		
17		东方财富	6,307		66		
18		华安期货	6,188		-1,321		
19		南华期货	6,020		-897		
20		中信建投	5,986		-292		
总计				331,621		-35,518		

名次		会员简称	持买单量	增减		
1		国泰君安	15,746		630		
2		中信期货	14,576		-751		
3		银河期货	10,515		-312		
4		华泰期货	10,289		-665		
5		海通期货	7,291		-812		
6		中信建投	5,419		479		
7		申银万国	4,471		-160		
8		兴证期货	4,057		0		
9		永安期货	4,015		-683		
10		中投期货	3,726		144		
11		东证期货	3,573		-11,275		
12		国富期货	3,355		496		
13		华闻期货	3,304		174		
14		国投安信	2,864		-194		
15		招商期货	2,797		-1		
16		国贸期货	2,789		632		
17		中粮期货	2,770		53		
18		宝城期货	2,511		-59		
19		光大期货	2,461		-139		
20		南华期货	2,453		-1		
总计				108,982		-12,444		

名次		会员简称	持卖单量	增减		
1		国泰君安	13,698		633		
2		银河期货	8,495		-401		
3		东证期货	7,853		-9,974		
4		华泰期货	7,161		91		
5		海通期货	5,774		-1,444		
6		南华期货	5,253		-239		
7		中信建投	4,833		-73		
8		国海良时	4,833		-465		
9		信达期货	4,749		16		
10		中信期货	4,595		6		
11		永安期货	4,108		-317		
12		方正中期	3,873		-9		
13		浙商期货	3,832		-668		
14		一德期货	3,738		-630		
15		东海期货	3,497		-44		
16		华闻期货	3,072		207		
17		中粮期货	3,000		113		
18		大有期货	2,817		-244		
19		东吴期货	2,758		-345		
20		广发期货	2,584		78		
总计				100,523		-13,709		



会员类别	总成交量	增减		
期货公司会员	331,621		-35,518		

会员类别	总持买单量	增减		
期货公司会员	108,982		-12,444		

会员类别	总持卖单量	增减		
期货公司会员	100,523		-13,709		

