								大连商品交易所 成交量_买持仓_卖持仓排名	

合约代码：l2110		Date：2021-06-29	

			期货公司会员	

名次		会员简称	成交量		增减		
1		弘业期货	1,333		194		
2		国海良时	1,098		-400		
3		广发期货	543		65		
4		国泰君安	530		-342		
5		金瑞期货	529		-21		
6		长江期货	462		248		
7		申银万国	429		102		
8		东证期货	412		117		
9		浙商期货	376		-220		
10		中信期货	258		148		
11		安粮期货	227		0		
12		兴证期货	173		-20		
13		方正中期	156		-105		
14		国元期货	156		-71		
15		锦泰期货	148		100		
16		华闻期货	146		56		
17		五矿期货	127		-13		
18		华泰期货	124		-162		
19		海证期货	124		-140		
20		招商期货	122		-107		
总计				7,473		-571		

名次		会员简称	持买单量	增减		
1		国泰君安	5,349		95		
2		海通期货	4,342		-3		
3		国海良时	4,056		44		
4		五矿期货	3,864		62		
5		国元期货	3,839		0		
6		招商期货	3,826		4		
7		东证期货	3,606		127		
8		申银万国	3,457		-3		
9		浙商期货	3,271		188		
10		锦泰期货	3,220		112		
11		海证期货	2,989		30		
12		长江期货	2,799		231		
13		方正中期	2,303		38		
14		国投安信	1,203		0		
15		国富期货	716		-1		
16		中信期货	706		-99		
17		兴证期货	415		3		
18		银河期货	317		-5		
19		华泰期货	262		3		
20		安粮期货	240		-37		
总计				50,780		789		

名次		会员简称	持卖单量	增减		
1		国泰君安	5,346		161		
2		海通期货	4,340		-2		
3		招商期货	4,188		-6		
4		国海良时	4,056		44		
5		五矿期货	3,866		63		
6		国元期货	3,831		0		
7		申银万国	3,516		-18		
8		东证期货	3,480		109		
9		浙商期货	3,264		188		
10		锦泰期货	3,149		36		
11		海证期货	2,854		28		
12		长江期货	2,794		231		
13		方正中期	2,317		36		
14		国投安信	1,224		0		
15		国富期货	787		-20		
16		中信期货	691		35		
17		平安期货	382		0		
18		国信期货	360		0		
19		银河期货	343		3		
20		东航期货	251		0		
总计				51,039		888		



会员类别	总成交量	增减		
期货公司会员	7,473		-571		

会员类别	总持买单量	增减		
期货公司会员	50,780		789		

会员类别	总持卖单量	增减		
期货公司会员	51,039		888		

