								大连商品交易所 成交量_买持仓_卖持仓排名	

合约代码：m2201		Date：2021-06-29	

			期货公司会员	

名次		会员简称	成交量		增减		
1		东证期货	122,468		-36,724		
2		华泰期货	43,180		-480		
3		中信期货	37,443		3,231		
4		国泰君安	36,332		5,143		
5		光大期货	29,017		-11,734		
6		新湖期货	27,956		-867		
7		国富期货	24,234		-1,180		
8		格林大华	21,393		-5,056		
9		银河期货	13,623		-5,228		
10		美尔雅期货	13,320		1,468		
11		东海期货	12,630		-7,235		
12		五矿期货	12,581		2,784		
13		海通期货	9,683		-8,086		
14		申银万国	9,440		-9,405		
15		广发期货	8,265		-311		
16		中粮期货	6,535		969		
17		华西期货	6,246		-774		
18		国投安信	6,197		-13,751		
19		南华期货	6,177		1,375		
20		宏源期货	6,090		-6,712		
总计				452,810		-92,573		

名次		会员简称	持买单量	增减		
1		广发期货	41,250		69		
2		光大期货	30,423		9,536		
3		银河期货	27,035		1,181		
4		中粮期货	26,850		-1,052		
5		新湖期货	21,428		1,139		
6		国泰君安	21,366		5,105		
7		摩根大通	21,131		-946		
8		国投安信	19,209		-455		
9		永安期货	13,266		204		
10		创元期货	12,863		-169		
11		东证期货	11,959		-160		
12		中信期货	10,963		-1,090		
13		南华期货	10,486		-159		
14		中国国际	10,447		-66		
15		华泰期货	9,595		-885		
16		北京首创	9,396		809		
17		五矿期货	9,337		-264		
18		金瑞期货	7,885		-33		
19		一德期货	7,436		381		
20		格林大华	7,338		3,113		
总计				329,663		16,258		

名次		会员简称	持卖单量	增减		
1		中粮期货	31,308		-539		
2		国投安信	29,808		366		
3		国信期货	27,728		77		
4		南华期货	21,872		2,616		
5		国泰君安	20,277		1,863		
6		一德期货	19,573		87		
7		东证期货	19,034		1,786		
8		银河期货	16,438		270		
9		永安期货	15,429		-17		
10		中信期货	13,042		-12,721		
11		光大期货	13,031		251		
12		浙商期货	12,542		-132		
13		摩根大通	11,895		108		
14		五矿期货	11,864		-731		
15		宏源期货	11,861		2,412		
16		海证期货	8,498		58		
17		华泰期货	8,354		-55		
18		国富期货	7,524		225		
19		国贸期货	6,830		-189		
20		鲁证期货	6,800		82		
总计				313,708		-4,183		



会员类别	总成交量	增减		
期货公司会员	452,810		-92,573		

会员类别	总持买单量	增减		
期货公司会员	329,663		16,258		

会员类别	总持卖单量	增减		
期货公司会员	313,708		-4,183		

