								大连商品交易所 成交量_买持仓_卖持仓排名	

合约代码：p2110		Date：2021-06-29	

			期货公司会员	

名次		会员简称	成交量		增减		
1		东证期货	4,575		-3,360		
2		国泰君安	4,192		-1,635		
3		华泰期货	3,957		1,496		
4		中信期货	2,350		-496		
5		锦泰期货	1,588		-545		
6		浙商期货	1,450		-403		
7		鲁证期货	1,428		-644		
8		申银万国	1,297		58		
9		华安期货	1,060		-3,701		
10		中信建投	652		647		
11		东航期货	630		554		
12		招商期货	607		-68		
13		创元期货	601		-1,759		
14		财信期货	470		125		
15		五矿期货	416		-809		
16		国投安信	356		-555		
17		国富期货	299		258		
18		国联期货	294		-20		
19		海通期货	274		160		
20		大地期货	274		274		
总计				26,770		-10,423		

名次		会员简称	持买单量	增减		
1		中信期货	2,918		63		
2		国泰君安	2,899		107		
3		华泰期货	2,043		-1		
4		光大期货	2,031		18		
5		五矿期货	1,826		-1		
6		鲁证期货	1,417		-3		
7		招商期货	1,400		-10		
8		新湖期货	1,195		0		
9		国投安信	967		0		
10		浙商期货	913		-2		
11		海通期货	720		-2		
12		中信建投	578		256		
13		锦泰期货	565		-44		
14		国元期货	502		2		
15		永安期货	434		4		
16		银河期货	407		-3		
17		东吴期货	370		-1		
18		创元期货	357		0		
19		大地期货	357		137		
20		华西期货	235		0		
总计				22,134		520		

名次		会员简称	持卖单量	增减		
1		国泰君安	3,210		95		
2		中信期货	2,938		31		
3		光大期货	2,044		27		
4		华泰期货	1,970		14		
5		五矿期货	1,800		-1		
6		鲁证期货	1,480		-1		
7		招商期货	1,396		3		
8		新湖期货	1,195		0		
9		浙商期货	914		-2		
10		海通期货	720		-2		
11		国信期货	700		0		
12		中信建投	562		256		
13		国元期货	500		0		
14		锦泰期货	496		-12		
15		永安期货	420		0		
16		银河期货	386		-4		
17		大地期货	362		137		
18		创元期货	358		-1		
19		东吴期货	318		1		
20		华西期货	235		0		
总计				22,004		541		



会员类别	总成交量	增减		
期货公司会员	26,770		-10,423		

会员类别	总持买单量	增减		
期货公司会员	22,134		520		

会员类别	总持卖单量	增减		
期货公司会员	22,004		541		

