								大连商品交易所 成交量_买持仓_卖持仓排名	

合约代码：i2204		Date：2021-06-29	

			期货公司会员	

名次		会员简称	成交量		增减		
1		银河期货	3,109		3,033		
2		鲁证期货	2,718		2,712		
3		瑞达期货	2,642		642		
4		兴证期货	2,177		2,096		
5		国贸期货	2,008		1,995		
6		申银万国	1,158		644		
7		徽商期货	1,011		991		
8		中粮期货	601		-3,399		
9		浙商期货	590		95		
10		华闻期货	466		-253		
11		国泰君安	449		13		
12		南华期货	362		216		
13		中信期货	313		-8		
14		国海良时	297		62		
15		海证期货	296		228		
16		华融融达	200		68		
17		先锋期货	180		104		
18		招商期货	177		-27		
19		海通期货	161		-47		
20		永安期货	142		6		
总计				19,057		9,171		

名次		会员简称	持买单量	增减		
1		银河期货	8,592		1,500		
2		国泰君安	6,234		1		
3		兴证期货	5,902		997		
4		徽商期货	5,470		-500		
5		瑞达期货	5,446		1,318		
6		建信期货	4,023		0		
7		中国国际	3,814		1		
8		申银万国	3,488		-509		
9		国联期货	3,134		0		
10		长江期货	2,991		0		
11		上海中期	2,896		-7		
12		中粮期货	2,818		-300		
13		国投安信	2,654		-15		
14		海通期货	2,599		11		
15		东吴期货	2,535		-13		
16		鲁证期货	2,532		1,355		
17		东证期货	2,414		0		
18		国贸期货	2,385		998		
19		上海东亚	2,330		0		
20		中信期货	2,246		-29		
总计				74,503		4,808		

名次		会员简称	持卖单量	增减		
1		银河期货	8,853		1,427		
2		国泰君安	6,014		-4		
3		兴证期货	5,903		998		
4		瑞达期货	5,472		1,320		
5		徽商期货	5,435		-499		
6		建信期货	4,021		0		
7		申银万国	3,871		-499		
8		中国国际	3,404		-2		
9		长江期货	2,988		0		
10		国联期货	2,875		0		
11		海通期货	2,837		0		
12		中粮期货	2,818		-299		
13		国投安信	2,683		-22		
14		鲁证期货	2,538		1,355		
15		东吴期货	2,504		-8		
16		中信期货	2,411		14		
17		东证期货	2,409		0		
18		国贸期货	2,375		1,000		
19		华泰期货	2,340		17		
20		上海东亚	2,334		0		
总计				74,085		4,798		



会员类别	总成交量	增减		
期货公司会员	19,057		9,171		

会员类别	总持买单量	增减		
期货公司会员	74,503		4,808		

会员类别	总持卖单量	增减		
期货公司会员	74,085		4,798		

