								大连商品交易所 成交量_买持仓_卖持仓排名	

合约代码：b2109		Date：2021-06-29	

			期货公司会员	

名次		会员简称	成交量		增减		
1		海通期货	4,278		-2,317		
2		国富期货	2,684		-1,740		
3		光大期货	2,125		-1,116		
4		国泰君安	1,506		-3,263		
5		华闻期货	1,500		-1,336		
6		南华期货	1,283		-709		
7		方正中期	1,182		-930		
8		五矿期货	1,121		-1,106		
9		中信期货	1,104		-198		
10		弘业期货	1,013		-1,238		
11		锦泰期货	583		-61		
12		银河期货	578		-49		
13		徽商期货	435		-234		
14		广发期货	422		-1,367		
15		东证期货	323		-86		
16		国投安信	313		-794		
17		美尔雅期货	300		172		
18		宏源期货	285		30		
19		东海期货	275		-506		
20		金瑞期货	257		-62		
总计				21,567		-16,910		

名次		会员简称	持买单量	增减		
1		国投安信	1,540		4		
2		五矿期货	1,483		137		
3		东海期货	1,403		-4		
4		光大期货	1,062		-65		
5		国泰君安	942		1		
6		广发期货	904		116		
7		方正中期	756		366		
8		南华期货	647		23		
9		美尔雅期货	608		136		
10		国海良时	493		-2		
11		海通期货	460		10		
12		弘业期货	450		17		
13		福能期货	432		56		
14		国富期货	412		2		
15		中辉期货	352		5		
16		华泰期货	343		8		
17		摩根大通	267		0		
18		海证期货	221		15		
19		创元期货	170		21		
20		鑫鼎盛期货	167		8		
总计				13,112		854		

名次		会员简称	持卖单量	增减		
1		国投安信	1,654		9		
2		银河期货	1,585		45		
3		国泰君安	1,421		11		
4		五矿期货	1,410		106		
5		东海期货	1,400		-7		
6		光大期货	1,215		-60		
7		中粮期货	1,101		1		
8		天风期货	815		15		
9		方正中期	808		360		
10		北京首创	514		0		
11		海通期货	461		32		
12		弘业期货	459		4		
13		国海良时	458		-17		
14		南华期货	439		2		
15		创元期货	294		28		
16		中信建投	286		8		
17		先锋期货	268		1		
18		华泰期货	189		-26		
19		国富期货	144		0		
20		大有期货	130		130		
总计				15,051		642		



会员类别	总成交量	增减		
期货公司会员	21,567		-16,910		

会员类别	总持买单量	增减		
期货公司会员	13,112		854		

会员类别	总持卖单量	增减		
期货公司会员	15,051		642		

