								大连商品交易所 成交量_买持仓_卖持仓排名	

合约代码：v2109		Date：2021-06-29	

			期货公司会员	

名次		会员简称	成交量		增减		
1		东证期货	141,104		-5,683		
2		国富期货	110,434		-38,038		
3		国投安信	101,341		-9,951		
4		新湖期货	56,475		-20,377		
5		中信期货	43,093		-22,191		
6		永安期货	29,222		-4,461		
7		申银万国	28,522		-17,165		
8		国泰君安	24,111		-10,478		
9		华金期货	20,976		1,634		
10		海通期货	18,982		-14,292		
11		光大期货	16,723		-2,521		
12		浙商期货	12,845		-13,442		
13		华泰期货	11,002		-10,136		
14		银河期货	8,826		-3,385		
15		五矿期货	8,291		-41,669		
16		国盛期货	8,154		-255		
17		兴证期货	7,766		-1,219		
18		华闻期货	7,201		-2,532		
19		方正中期	7,150		-2,410		
20		徽商期货	6,895		-3,009		
总计				669,113		-221,580	

名次		会员简称	持买单量	增减		
1		永安期货	63,551		2,651		
2		中信期货	52,430		1,252		
3		国泰君安	24,723		1,748		
4		东证期货	11,386		-704		
5		瑞达期货	10,743		-235		
6		银河期货	10,404		-259		
7		平安期货	9,620		132		
8		华泰期货	9,581		1,753		
9		海证期货	8,761		-187		
10		中投期货	8,444		128		
11		国海良时	8,049		1,483		
12		申银万国	7,176		-2,894		
13		招商期货	6,650		724		
14		中粮期货	6,245		-764		
15		盛达期货	6,078		-71		
16		国信期货	5,995		719		
17		光大期货	5,490		-803		
18		兴证期货	5,473		1,271		
19		鲁证期货	5,352		756		
20		南华期货	5,259		-15		
总计				271,410		6,685		

名次		会员简称	持卖单量	增减		
1		东证期货	24,861		-3,810		
2		一德期货	22,311		463		
3		永安期货	21,857		97		
4		建信期货	17,851		47		
5		国泰君安	17,363		-121		
6		申银万国	14,943		1,072		
7		五矿期货	12,507		645		
8		华金期货	12,333		1,896		
9		东海期货	12,168		-365		
10		华融融达	11,673		130		
11		中国国际	11,455		-94		
12		中信期货	10,879		-213		
13		广发期货	9,131		474		
14		浙商期货	9,124		482		
15		信达期货	9,040		157		
16		方正中期	8,273		-425		
17		大地期货	7,744		503		
18		华泰期货	7,404		981		
19		中财期货	7,363		529		
20		兴业期货	7,129		-312		
总计				255,409		2,136		



会员类别	总成交量	增减		
期货公司会员	669,113		-221,580	

会员类别	总持买单量	增减		
期货公司会员	271,410		6,685		

会员类别	总持卖单量	增减		
期货公司会员	255,409		2,136		

