								大连商品交易所 成交量_买持仓_卖持仓排名	

合约代码：y2105		Date：2020-09-01	

			期货公司会员	

名次		会员简称	成交量		增减		
1		光大期货	7,585		963		
2		东证期货	6,486		2,102		
3		中粮期货	3,853		-237		
4		中信期货	3,638		1,903		
5		华泰期货	3,353		1,907		
6		上海中期	3,134		1,794		
7		国元期货	3,066		1,190		
8		华安期货	3,037		1,156		
9		方正中期	2,659		817		
10		宏源期货	1,732		-931		
11		国富期货	1,676		760		
12		国泰君安	1,564		240		
13		一德期货	1,555		1,014		
14		华融融达	1,417		500		
15		广发期货	1,185		431		
16		北京首创	1,099		864		
17		五矿经易	986		-623		
18		国投安信	963		-106		
19		东吴期货	936		295		
20		天风期货	887		362		
总计				50,811		14,401		

名次		会员简称	持买单量	增减		
1		中财期货	9,476		-31		
2		五矿经易	9,011		-205		
3		永安期货	9,008		250		
4		中粮期货	7,903		384		
5		国投安信	6,851		27		
6		大越期货	5,270		471		
7		上海中期	4,710		-2,303		
8		中信期货	4,457		-186		
9		天风期货	4,216		189		
10		东证期货	3,965		-46		
11		光大期货	3,605		308		
12		兴证期货	3,598		-345		
13		国泰君安	2,522		-20		
14		浙商期货	2,294		-5		
15		华泰期货	2,078		-147		
16		北京首创	2,060		24		
17		国元期货	1,839		57		
18		国富期货	1,836		330		
19		广发期货	1,810		87		
20		一德期货	1,800		-38		
总计				88,309		-1,199		

名次		会员简称	持卖单量	增减		
1		中粮期货	29,439		-411		
2		一德期货	11,675		1,145		
3		摩根大通	9,322		0		
4		平安期货	7,944		516		
5		国投安信	7,366		-368		
6		海通期货	6,759		-1		
7		银河期货	5,752		-480		
8		新湖期货	4,695		50		
9		五矿经易	4,526		5		
10		广发期货	4,321		-1,000		
11		国泰君安	3,715		-24		
12		永安期货	3,643		3		
13		宏源期货	2,988		347		
14		国富期货	2,561		-184		
15		鲁证期货	2,523		21		
16		中信期货	1,991		-988		
17		兴证期货	1,573		6		
18		国元期货	1,317		-7		
19		华融融达	1,097		-332		
20		中大期货	957		0		
总计				114,164		-1,702		



会员类别	总成交量	增减		
期货公司会员	50,811		14,401		

会员类别	总持买单量	增减		
期货公司会员	88,309		-1,199		

会员类别	总持卖单量	增减		
期货公司会员	114,164		-1,702		

