								大连商品交易所 成交量_买持仓_卖持仓排名	

合约代码：pp2009		Date：2020-09-01	

			期货公司会员	

名次		会员简称	成交量		增减		
1		浙商期货	736		-1,155		
2		国泰君安	735		-3,205		
3		中州期货	600		444		
4		华泰期货	321		-1,205		
5		银河期货	294		-2,225		
6		国投安信	292		-2,516		
7		建信期货	285		17		
8		永安期货	271		-2,639		
9		国信期货	203		10		
10		徽商期货	183		-1,211		
11		光大期货	173		-395		
12		格林大华	142		135		
13		国联期货	140		-416		
14		华融融达	100		-120		
15		财信期货	87		73		
16		中信期货	85		-810		
17		兴业期货	80		-11		
18		大有期货	78		74		
19		金瑞期货	60		-42		
20		东证期货	60		-89		
总计				4,925		-15,286		

名次		会员简称	持买单量	增减		
1		永安期货	5,007		-256		
2		银河期货	4,507		-151		
3		浙商期货	1,181		-154		
4		招商期货	1,000		0		
5		建信期货	905		-80		
6		华泰期货	699		-20		
7		兴业期货	659		-80		
8		华融融达	500		-100		
9		国泰君安	300		-575		
10		格林大华	249		0		
11		中财期货	200		-52		
12		浙江新世纪	114		-30		
13		国联期货	100		-140		
14		中银期货	80		-40		
15		国投安信	70		-270		
16		海通期货	48		0		
17		东证期货	40		-60		
18		中信期货	40		-15		
19		广州期货	31		-42		
20		大越期货	17		0		
总计				15,747		-2,065		

名次		会员简称	持卖单量	增减		
1		银河期货	4,594		-143		
2		浙商期货	2,413		-472		
3		华泰期货	2,057		-49		
4		国信期货	1,497		-203		
5		招金期货	1,019		-11		
6		中国国际	700		0		
7		中大期货	494		0		
8		南华期货	480		0		
9		大地期货	328		0		
10		永安期货	317		-15		
11		安粮期货	210		0		
12		中信期货	162		-30		
13		瑞达期货	160		-6		
14		国投安信	146		-2		
15		建信期货	131		-111		
16		国贸期货	125		0		
17		东海期货	119		-4		
18		中州期货	114		-600		
19		中财期货	100		0		
20		财信期货	85		-15		
总计				15,251		-1,661		



会员类别	总成交量	增减		
期货公司会员	4,925		-15,286		

会员类别	总持买单量	增减		
期货公司会员	15,747		-2,065		

会员类别	总持卖单量	增减		
期货公司会员	15,251		-1,661		

