								大连商品交易所 成交量_买持仓_卖持仓排名	

合约代码：b2010		Date：2020-09-01	

			期货公司会员	

名次		会员简称	成交量		增减		
1		华泰期货	19,131		-743		
2		国富期货	6,278		-1,627		
3		国泰君安	5,500		764		
4		海通期货	4,870		2,004		
5		东证期货	3,706		232		
6		南华期货	2,948		1,285		
7		光大期货	2,781		90		
8		中信期货	2,454		-120		
9		永安期货	1,875		-569		
10		徽商期货	1,804		-47		
11		安粮期货	1,774		678		
12		华安期货	1,733		557		
13		东方财富	1,720		117		
14		国投安信	1,692		-1,198		
15		方正中期	1,351		-389		
16		美尔雅期货	1,050		735		
17		弘业期货	940		-72		
18		中信建投	918		134		
19		先锋期货	840		507		
20		海证期货	812		12		
总计				64,177		2,350		

名次		会员简称	持买单量	增减		
1		海通期货	2,435		-1,341		
2		深圳金汇	2,240		0		
3		国投安信	1,427		-77		
4		五矿经易	1,041		-13		
5		申银万国	1,037		126		
6		国泰君安	977		-260		
7		南华期货	973		-661		
8		华泰期货	961		57		
9		中信期货	792		34		
10		东方财富	533		-65		
11		中粮期货	482		-72		
12		银河期货	443		240		
13		徽商期货	394		-53		
14		方正中期	345		142		
15		华安期货	302		-82		
16		中信建投	275		27		
17		国元期货	259		-6		
18		英大期货	248		192		
19		宏源期货	244		-158		
20		安粮期货	238		-38		
总计				15,646		-2,008		

名次		会员简称	持卖单量	增减		
1		海通期货	2,565		-405		
2		摩根大通	2,000		0		
3		南华期货	1,477		-1,183		
4		五矿经易	1,413		-287		
5		国投安信	1,357		-321		
6		北京首创	1,110		-90		
7		东证期货	977		409		
8		中州期货	919		-75		
9		国泰君安	686		24		
10		中信期货	607		44		
11		先融期货	600		55		
12		中信建投	452		-217		
13		兴证期货	428		15		
14		一德期货	354		-149		
15		海证期货	345		-34		
16		安粮期货	330		112		
17		国富期货	312		-137		
18		永安期货	301		102		
19		申银万国	284		-54		
20		上海中期	279		27		
总计				16,796		-2,164		



会员类别	总成交量	增减		
期货公司会员	64,177		2,350		

会员类别	总持买单量	增减		
期货公司会员	15,646		-2,008		

会员类别	总持卖单量	增减		
期货公司会员	16,796		-2,164		

