								大连商品交易所 成交量_买持仓_卖持仓排名	

合约代码：y2101		Date：2020-09-01	

			期货公司会员	

名次		会员简称	成交量		增减		
1		东证期货	208,494		12,433		
2		国泰君安	107,805		-1,692		
3		国富期货	86,749		15,738		
4		兴证期货	86,425		7,795		
5		光大期货	69,349		1,322		
6		中信期货	67,168		12,086		
7		华闻期货	42,809		12,022		
8		海通期货	38,803		10,180		
9		申银万国	35,802		1,050		
10		华泰期货	28,666		4,488		
11		银河期货	27,225		445		
12		中粮期货	23,429		12,128		
13		永安期货	21,918		93		
14		徽商期货	20,999		6,218		
15		华安期货	19,292		5,301		
16		方正中期	19,209		5,659		
17		国投安信	16,347		4,894		
18		宏源期货	16,235		3,535		
19		广发期货	14,929		-3,182		
20		格林大华	13,629		-1,266		
总计				965,282		109,247		

名次		会员简称	持买单量	增减		
1		永安期货	39,003		-1,660		
2		中粮期货	28,039		3,347		
3		国泰君安	27,812		3,555		
4		光大期货	26,962		-979		
5		银河期货	26,642		2,807		
6		华泰期货	26,066		3,953		
7		五矿经易	23,988		130		
8		浙商期货	22,848		2,728		
9		东证期货	18,871		4,292		
10		一德期货	18,461		-366		
11		广发期货	17,909		-1,683		
12		大越期货	16,615		19		
13		国投安信	14,932		-1,704		
14		天风期货	14,523		-814		
15		大地期货	14,118		131		
16		中信期货	10,991		2,690		
17		北京首创	8,876		-632		
18		东兴期货	8,433		-124		
19		国富期货	8,023		-1,318		
20		海通期货	7,886		2,050		
总计				380,998		16,422		

名次		会员简称	持卖单量	增减		
1		中粮期货	100,549		-2,798		
2		国投安信	58,198		109		
3		信达期货	31,994		-1,155		
4		中信期货	30,063		2,482		
5		银河期货	28,852		-112		
6		国泰君安	27,908		14		
7		摩根大通	27,579		-439		
8		一德期货	24,271		182		
9		永安期货	21,306		3,326		
10		海通期货	13,804		-73		
11		南华期货	13,397		1,143		
12		国富期货	12,880		-633		
13		广发期货	11,141		4		
14		新湖期货	10,229		-413		
15		上海中期	9,828		1,380		
16		鲁证期货	9,607		-407		
17		浙商期货	7,668		159		
18		五矿经易	7,593		573		
19		中大期货	7,411		-1		
20		北京首创	7,089		-137		
总计				461,367		3,204		



会员类别	总成交量	增减		
期货公司会员	965,282		109,247		

会员类别	总持买单量	增减		
期货公司会员	380,998		16,422		

会员类别	总持卖单量	增减		
期货公司会员	461,367		3,204		

