								大连商品交易所 成交量_买持仓_卖持仓排名	

合约代码：pg2012		Date：2020-09-01	

			期货公司会员	

名次		会员简称	成交量		增减		
1		华泰期货	18,888		577		
2		东证期货	3,466		546		
3		方正中期	3,314		1,127		
4		中粮期货	2,513		904		
5		海证期货	2,469		1,000		
6		中信建投	2,444		759		
7		申银万国	2,402		-65		
8		瑞达期货	2,200		-81		
9		国海良时	2,062		1,580		
10		冠通期货	2,028		-808		
11		五矿经易	1,590		820		
12		锦泰期货	1,582		-435		
13		中信期货	1,197		-1,147		
14		宝城期货	1,083		980		
15		浙商期货	1,075		-73		
16		海通期货	814		-632		
17		华西期货	811		507		
18		银河期货	717		-1,627		
19		光大期货	583		-154		
20		招商期货	573		-544		
总计				51,811		3,234		

名次		会员简称	持买单量	增减		
1		永安期货	2,402		-73		
2		银河期货	2,259		22		
3		浙商期货	2,139		152		
4		海通期货	1,565		31		
5		东证期货	1,278		11		
6		五矿经易	1,121		-8		
7		中信建投	941		-155		
8		方正中期	901		-728		
9		招商期货	866		-203		
10		先锋期货	762		17		
11		中信期货	701		25		
12		华泰期货	647		-100		
13		华安期货	640		57		
14		江苏东华	606		3		
15		东海期货	601		64		
16		招金期货	543		6		
17		国海良时	530		-23		
18		一德期货	449		99		
19		光大期货	404		6		
20		冠通期货	369		111		
总计				19,724		-686		

名次		会员简称	持卖单量	增减		
1		中信期货	9,712		-6		
2		国投安信	2,370		-1		
3		永安期货	1,296		0		
4		五矿经易	1,120		-2		
5		海通期货	1,076		83		
6		东证期货	1,067		-31		
7		银河期货	1,043		13		
8		招商期货	881		-202		
9		中信建投	754		-173		
10		南华期货	733		17		
11		浙商期货	573		9		
12		方正中期	517		-108		
13		新湖期货	405		0		
14		光大期货	379		-9		
15		国泰君安	357		3		
16		国海良时	345		-13		
17		广州金控	256		0		
18		冠通期货	235		-255		
19		长城期货	230		3		
20		瑞达期货	199		33		
总计				23,548		-639		



会员类别	总成交量	增减		
期货公司会员	51,811		3,234		

会员类别	总持买单量	增减		
期货公司会员	19,724		-686		

会员类别	总持卖单量	增减		
期货公司会员	23,548		-639		

