								大连商品交易所 成交量_买持仓_卖持仓排名	

合约代码：jm2101		Date：2020-09-01	

			期货公司会员	

名次		会员简称	成交量		增减		
1		东证期货	15,622		-269		
2		国泰君安	9,514		5,078		
3		永安期货	8,092		4,348		
4		光大期货	7,710		4,037		
5		申银万国	6,820		2,803		
6		中辉期货	6,558		5,819		
7		国富期货	6,019		900		
8		中信期货	5,100		1,459		
9		迈科期货	4,054		1,563		
10		银河期货	3,775		1,251		
11		海通期货	3,356		670		
12		华泰期货	3,102		593		
13		方正中期	2,734		1,425		
14		瑞达期货	2,302		1,149		
15		中粮期货	2,141		1,094		
16		鲁证期货	2,129		1,572		
17		徽商期货	2,100		562		
18		浙商期货	1,950		1,471		
19		兴证期货	1,944		141		
20		华闻期货	1,878		722		
总计				96,900		36,388		

名次		会员简称	持买单量	增减		
1		中信期货	13,003		1,830		
2		东证期货	7,861		4,162		
3		华泰期货	4,022		-258		
4		国泰君安	3,788		911		
5		光大期货	3,678		2,422		
6		海通期货	3,374		1,066		
7		中辉期货	3,316		598		
8		兴证期货	2,771		575		
9		永安期货	2,769		548		
10		中信建投	2,705		291		
11		申银万国	2,252		1,116		
12		国富期货	2,174		407		
13		迈科期货	1,914		343		
14		摩根大通	1,645		129		
15		宏源期货	1,599		834		
16		国投安信	1,558		246		
17		银河期货	1,493		261		
18		瑞达期货	1,429		239		
19		方正中期	1,366		753		
20		国信期货	1,187		66		
总计				63,904		16,539		

名次		会员简称	持卖单量	增减		
1		永安期货	9,128		1,418		
2		申银万国	5,722		2,948		
3		中信期货	5,623		342		
4		东证期货	5,545		2,848		
5		银河期货	4,150		1,570		
6		中粮期货	3,693		957		
7		海通期货	3,500		210		
8		光大期货	3,195		2,112		
9		中辉期货	3,075		284		
10		国泰君安	2,855		197		
11		浙商期货	2,597		1,171		
12		平安期货	2,525		985		
13		一德期货	2,430		1,043		
14		国富期货	1,892		464		
15		冠通期货	1,663		150		
16		迈科期货	1,634		247		
17		鲁证期货	1,623		763		
18		建信期货	1,541		14		
19		国贸期货	1,484		442		
20		中信建投	1,446		16		
总计				65,321		18,181		



会员类别	总成交量	增减		
期货公司会员	96,900		36,388		

会员类别	总持买单量	增减		
期货公司会员	63,904		16,539		

会员类别	总持卖单量	增减		
期货公司会员	65,321		18,181		

