								大连商品交易所 成交量_买持仓_卖持仓排名	

合约代码：c2011		Date：2020-09-01	

			期货公司会员	

名次		会员简称	成交量		增减		
1		国泰君安	18,035		-12,386		
2		华泰期货	17,921		-1,737		
3		华闻期货	14,570		-2,311		
4		光大期货	9,221		-10,214		
5		东证期货	8,676		-432		
6		格林大华	5,330		4,024		
7		海通期货	4,000		-3,066		
8		中粮期货	3,632		-6,923		
9		中大期货	3,512		1,547		
10		鲁证期货	3,495		290		
11		国海良时	3,189		-7,126		
12		永安期货	3,067		168		
13		中信期货	2,828		-439		
14		新湖期货	2,732		-378		
15		银河期货	2,324		764		
16		宝城期货	2,015		947		
17		五矿经易	1,959		-675		
18		浙商期货	1,524		-1,870		
19		冠通期货	1,451		61		
20		西部期货	1,272		52		
总计				110,753		-39,704		

名次		会员简称	持买单量	增减		
1		永安期货	5,030		-587		
2		中大期货	4,948		668		
3		宝城期货	3,860		-980		
4		中财期货	3,007		4		
5		鲁证期货	2,983		-5		
6		中信期货	2,654		-963		
7		五矿经易	2,603		-579		
8		浙商期货	2,207		-308		
9		弘业期货	2,191		-16		
10		东证期货	1,765		-1,068		
11		华安期货	1,631		0		
12		海通期货	1,590		-1,680		
13		广发期货	1,067		16		
14		新湖期货	1,061		-489		
15		国泰君安	1,034		201		
16		中粮期货	908		1		
17		中原期货	800		-2		
18		格林大华	752		-2,198		
19		国海良时	543		-209		
20		冠通期货	457		413		
总计				41,091		-7,781		

名次		会员简称	持卖单量	增减		
1		中大期货	3,904		50		
2		宝城期货	3,857		-995		
3		中信期货	3,760		-755		
4		永安期货	3,291		-580		
5		鲁证期货	3,049		14		
6		五矿经易	2,742		-578		
7		民生期货	2,682		10		
8		弘业期货	2,234		31		
9		浙商期货	2,173		-310		
10		国投安信	2,164		3		
11		海通期货	2,057		-1,738		
12		东证期货	1,799		-996		
13		中粮期货	1,117		1		
14		新湖期货	1,064		-497		
15		广州金控	901		0		
16		金瑞期货	878		73		
17		格林大华	777		-2,198		
18		光大期货	767		-20		
19		国泰君安	754		-52		
20		中信建投	622		-29		
总计				40,592		-8,566		



会员类别	总成交量	增减		
期货公司会员	110,753		-39,704		

会员类别	总持买单量	增减		
期货公司会员	41,091		-7,781		

会员类别	总持卖单量	增减		
期货公司会员	40,592		-8,566		

