								大连商品交易所 成交量_买持仓_卖持仓排名	

合约代码：i2009		Date：2020-09-01	

			期货公司会员	

名次		会员简称	成交量		增减		
1		浙商期货	500		-6,422		
2		鲁证期货	446		-2,184		
3		东证期货	374		-1,656		
4		广发期货	320		-2,263		
5		天风期货	251		-3,321		
6		国信期货	251		-2,360		
7		兴业期货	236		51		
8		光大期货	194		-1,129		
9		中大期货	133		-376		
10		财信期货	110		-112		
11		宁证期货	100		-35		
12		徽商期货	98		-2,575		
13		银河期货	76		-3,793		
14		华联期货	74		-297		
15		英大期货	70		-429		
16		申银万国	69		-3,124		
17		招商期货	48		-663		
18		建信期货	41		-3,215		
19		中航期货	40		-214		
20		海证期货	40		-494		
总计				3,471		-34,611		

名次		会员简称	持买单量	增减		
1		方正中期	2,158		0		
2		银河期货	2,086		-76		
3		鲁证期货	1,680		-405		
4		天风期货	1,153		-147		
5		海通期货	1,131		0		
6		国贸期货	700		0		
7		汇鑫期货	600		0		
8		徽商期货	419		-52		
9		国泰君安	400		-5		
10		瑞达期货	400		12		
11		中大期货	383		-33		
12		英大期货	350		-70		
13		浙商期货	350		0		
14		中信期货	336		40		
15		新湖期货	280		0		
16		国投安信	217		0		
17		盛达期货	200		-20		
18		倍特期货	200		6		
19		金瑞期货	200		20		
20		一德期货	183		-1		
总计				13,426		-731		

名次		会员简称	持卖单量	增减		
1		浙商期货	6,000		-500		
2		五矿经易	2,045		0		
3		永安期货	2,041		0		
4		格林大华	1,390		-3		
5		国贸期货	723		-10		
6		广发期货	540		-310		
7		中州期货	500		0		
8		国泰君安	319		-35		
9		中大期货	280		-100		
10		光大期货	200		-94		
11		华泰期货	133		0		
12		中信期货	126		0		
13		宁证期货	101		100		
14		华安期货	36		0		
15		银河期货	30		0		
16		南华期货	30		0		
17		方正中期	30		0		
18		北京首创	29		3		
19		上海中期	23		2		
20		国联期货	20		5		
总计				14,596		-942		



会员类别	总成交量	增减		
期货公司会员	3,471		-34,611		

会员类别	总持买单量	增减		
期货公司会员	13,426		-731		

会员类别	总持卖单量	增减		
期货公司会员	14,596		-942		

