								大连商品交易所 成交量_买持仓_卖持仓排名	

合约代码：p2101		Date：2020-09-01	

			期货公司会员	

名次		会员简称	成交量		增减		
1		东证期货	223,076		-12,419		
2		光大期货	124,831		-7,976		
3		国泰君安	66,580		-6,292		
4		国富期货	66,171		12,530		
5		中信期货	61,571		-5,147		
6		海通期货	47,730		3,602		
7		方正中期	47,167		-2,635		
8		申银万国	43,162		-13,920		
9		银河期货	33,500		-3,813		
10		徽商期货	26,869		-3,910		
11		永安期货	25,251		-10,777		
12		华闻期货	23,964		-7,053		
13		华安期货	20,667		-4,094		
14		兴证期货	18,347		-4,780		
15		华西期货	17,435		-2,217		
16		华泰期货	16,542		-2,690		
17		宏源期货	16,420		-140		
18		安粮期货	14,664		-4,681		
19		东方财富	14,431		-2,371		
20		国投安信	14,391		-2,034		
总计				922,769		-80,817		

名次		会员简称	持买单量	增减		
1		永安期货	45,063		5,312		
2		五矿经易	28,575		2,328		
3		银河期货	17,600		4,818		
4		国盛期货	15,184		-40		
5		中信期货	14,959		205		
6		东证期货	14,576		1,181		
7		海通期货	13,366		1,368		
8		国泰君安	12,821		-64		
9		光大期货	12,090		413		
10		天风期货	10,845		-296		
11		浙商期货	10,420		848		
12		方正中期	10,034		-778		
13		国投安信	9,950		-564		
14		华泰期货	8,988		307		
15		兴证期货	8,251		257		
16		一德期货	8,152		-906		
17		大越期货	8,116		46		
18		徽商期货	7,239		476		
19		东航期货	6,817		114		
20		广发期货	6,763		-922		
总计				269,809		14,103		

名次		会员简称	持卖单量	增减		
1		中粮期货	34,427		2,382		
2		银河期货	33,004		52		
3		国投安信	29,401		483		
4		国富期货	21,557		1,336		
5		一德期货	19,915		828		
6		海通期货	18,214		-3,420		
7		广发期货	15,944		545		
8		东证期货	15,743		1,825		
9		摩根大通	13,277		1,100		
10		中信期货	12,955		3,580		
11		国贸期货	11,335		1,377		
12		国泰君安	10,170		186		
13		上海中期	9,683		3,110		
14		永安期货	9,454		-61		
15		北京首创	7,307		-353		
16		浙商期货	6,926		1,086		
17		华泰期货	6,286		75		
18		弘业期货	5,861		1,175		
19		鲁证期货	5,768		-600		
20		中融汇信	5,760		-25		
总计				292,987		14,681		



会员类别	总成交量	增减		
期货公司会员	922,769		-80,817		

会员类别	总持买单量	增减		
期货公司会员	269,809		14,103		

会员类别	总持卖单量	增减		
期货公司会员	292,987		14,681		

