								大连商品交易所 成交量_买持仓_卖持仓排名	

合约代码：m2105		Date：2020-09-01	

			期货公司会员	

名次		会员简称	成交量		增减		
1		东证期货	82,315		-14,781		
2		海通期货	21,972		1,524		
3		中信建投	18,970		15,399		
4		永安期货	18,470		1,970		
5		兴证期货	18,464		-5,019		
6		光大期货	18,119		2,106		
7		华泰期货	14,593		93		
8		中粮期货	12,589		-18,079		
9		中信期货	11,800		1,087		
10		方正中期	11,743		7,357		
11		国泰君安	11,057		1,835		
12		银河期货	10,559		-3,210		
13		国富期货	10,373		-2,865		
14		一德期货	7,514		4,571		
15		东海期货	6,519		-1,854		
16		美尔雅期货	6,218		1,360		
17		中州期货	6,166		4,465		
18		国投安信	6,121		-1,511		
19		摩根大通	6,099		-1,137		
20		金瑞期货	6,084		-99		
总计				305,745		-6,788		

名次		会员简称	持买单量	增减		
1		中粮期货	57,400		1,323		
2		摩根大通	31,356		2,323		
3		永安期货	27,785		-2,367		
4		申银万国	25,119		52		
5		中信建投	24,332		17,534		
6		宏源期货	24,196		779		
7		方正中期	22,184		-5,353		
8		银河期货	22,119		-96		
9		国富期货	21,489		-81		
10		国投安信	20,968		-1,019		
11		国泰君安	19,876		3,665		
12		一德期货	19,820		818		
13		兴证期货	19,450		-2,560		
14		海通期货	17,717		1,980		
15		南华期货	15,837		641		
16		东证期货	15,596		1,172		
17		华泰期货	14,669		437		
18		广州金控	13,781		-382		
19		东吴期货	12,976		370		
20		浙商期货	10,652		1,261		
总计				437,322		20,497		

名次		会员简称	持卖单量	增减		
1		中粮期货	249,439		5,438		
2		国投安信	99,532		1,200		
3		银河期货	46,760		-389		
4		广发期货	36,849		271		
5		摩根大通	34,226		80		
6		海通期货	30,627		108		
7		北京首创	22,722		12		
8		一德期货	20,978		5,254		
9		鲁证期货	18,914		-286		
10		中信期货	18,736		302		
11		新湖期货	18,567		5		
12		五矿经易	15,328		0		
13		国泰君安	15,025		-264		
14		国盛期货	14,967		62		
15		平安期货	14,472		2,290		
16		南华期货	13,174		115		
17		永安期货	11,879		-811		
18		建信期货	10,041		106		
19		安粮期货	7,891		624		
20		国元期货	6,572		325		
总计				706,699		14,442		



会员类别	总成交量	增减		
期货公司会员	305,745		-6,788		

会员类别	总持买单量	增减		
期货公司会员	437,322		20,497		

会员类别	总持卖单量	增减		
期货公司会员	706,699		14,442		

