								大连商品交易所 成交量_买持仓_卖持仓排名	

合约代码：pp2101		Date：2020-08-28	

			期货公司会员	

名次		会员简称	成交量		增减		
1		东证期货	119,769		358		
2		中信期货	41,956		-1,186		
3		国泰君安	32,758		-7,300		
4		海通期货	29,493		-1,202		
5		国富期货	22,232		-4,731		
6		方正中期	17,640		-4,664		
7		华泰期货	14,387		-11,485		
8		永安期货	13,357		-9,896		
9		徽商期货	13,294		-9,879		
10		华安期货	13,044		-6,467		
11		银河期货	12,652		1,372		
12		申银万国	10,808		915		
13		浙商期货	9,524		1,463		
14		东方财富	8,718		-2,288		
15		国信期货	8,358		-1,648		
16		南华期货	8,258		-368		
17		广发期货	8,216		2,394		
18		中辉期货	7,319		-2,699		
19		国投安信	7,314		-1,370		
20		中信建投	7,204		-1,933		
总计				406,301		-60,614		

名次		会员简称	持买单量	增减		
1		中信期货	37,976		-1,074		
2		永安期货	35,126		-1,042		
3		银河期货	13,408		639		
4		华泰期货	12,076		-1,583		
5		东证期货	11,946		-2,655		
6		新湖期货	11,710		-476		
7		东海期货	9,608		-378		
8		海通期货	8,424		-2,213		
9		国泰君安	8,249		-425		
10		兴证期货	8,071		-137		
11		中信建投	6,542		738		
12		宏源期货	5,643		-103		
13		申银万国	5,473		-798		
14		南华期货	4,952		-3		
15		国投安信	4,761		-217		
16		国信期货	4,521		-616		
17		弘业期货	4,416		-26		
18		东航期货	4,200		-21		
19		华安期货	4,054		275		
20		方正中期	3,640		-646		
总计				204,796		-10,761		

名次		会员简称	持卖单量	增减		
1		浙商期货	19,138		-892		
2		国泰君安	18,200		-607		
3		永安期货	15,183		-1,761		
4		南华期货	14,389		-545		
5		国投安信	14,049		-599		
6		中信期货	10,069		-146		
7		瑞达期货	9,925		164		
8		中银期货	9,625		184		
9		建信期货	9,285		133		
10		一德期货	9,229		48		
11		国信期货	9,157		-80		
12		华泰期货	8,993		-158		
13		银河期货	7,802		-259		
14		鲁证期货	6,796		-760		
15		东证期货	6,154		82		
16		广发期货	6,128		-610		
17		方正中期	6,084		-744		
18		长江期货	5,319		-3		
19		中信建投	4,864		-240		
20		国海良时	4,791		327		
总计				195,180		-6,466		



会员类别	总成交量	增减		
期货公司会员	406,301		-60,614		

会员类别	总持买单量	增减		
期货公司会员	204,796		-10,761		

会员类别	总持卖单量	增减		
期货公司会员	195,180		-6,466		

