								大连商品交易所 成交量_买持仓_卖持仓排名	

合约代码：c2101		Date：2020-08-28	

			期货公司会员	

名次		会员简称	成交量		增减		
1		国泰君安	136,873		-17,585		
2		东证期货	123,439		-73,705		
3		国富期货	62,784		-44,383		
4		华泰期货	57,064		-30,434		
5		东海期货	35,906		1,269		
6		浙商期货	32,205		-16,716		
7		永安期货	24,368		-7,480		
8		中信期货	21,791		-9,167		
9		金瑞期货	21,713		-3,901		
10		广发期货	20,729		-3,978		
11		冠通期货	20,254		-24,183		
12		天风期货	20,132		-34,236		
13		东方财富	19,649		-9,292		
14		银河期货	19,146		-19,681		
15		兴证期货	17,385		-16,626		
16		徽商期货	17,111		-5,891		
17		光大期货	16,413		-3,017		
18		中粮期货	14,805		-2,458		
19		中信建投	13,824		-9,793		
20		华安期货	13,043		-5,619		
总计				708,634		-336,876	

名次		会员简称	持买单量	增减		
1		永安期货	117,409		2,796		
2		鲁证期货	89,166		-149		
3		中财期货	76,031		-710		
4		五矿经易	67,368		870		
5		中信期货	62,425		-1,948		
6		国投安信	44,740		-1,088		
7		中粮期货	41,166		799		
8		一德期货	41,082		128		
9		光大期货	37,845		-1,275		
10		华融融达	32,497		3,109		
11		国富期货	30,202		-729		
12		国泰君安	25,706		-203		
13		申银万国	24,369		1,311		
14		东证期货	24,044		-2,728		
15		海证期货	23,470		-423		
16		国盛期货	23,070		-1,434		
17		东海期货	17,213		-8,587		
18		海通期货	16,911		2,004		
19		华泰期货	16,758		-375		
20		浙商期货	16,153		2,646		
总计				827,625		-5,986		

名次		会员简称	持卖单量	增减		
1		中粮期货	192,371		-1,458		
2		永安期货	99,146		2,618		
3		中信期货	74,040		-951		
4		南华期货	67,951		-836		
5		中辉期货	63,377		-14		
6		光大期货	59,526		5,342		
7		东证期货	46,428		-793		
8		北京首创	40,890		-21		
9		国富期货	35,278		5,529		
10		浙商期货	34,762		-3,947		
11		中国国际	28,455		931		
12		国投安信	28,273		-660		
13		鲁证期货	25,722		-382		
14		中金期货	25,005		2		
15		国泰君安	23,966		4,896		
16		摩根大通	18,566		-600		
17		银河期货	18,232		-1,842		
18		华泰期货	18,086		133		
19		新湖期货	16,887		686		
20		信达期货	14,814		214		
总计				931,775		8,847		



会员类别	总成交量	增减		
期货公司会员	708,634		-336,876	

会员类别	总持买单量	增减		
期货公司会员	827,625		-5,986		

会员类别	总持卖单量	增减		
期货公司会员	931,775		8,847		

