								大连商品交易所 成交量_买持仓_卖持仓排名	

合约代码：v2101		Date：2020-08-28	

			期货公司会员	

名次		会员简称	成交量		增减		
1		东证期货	77,222		-26,052		
2		兴证期货	17,928		-10,041		
3		国富期货	12,904		-5,622		
4		国泰君安	11,323		-6,204		
5		海通期货	9,930		1,688		
6		中信期货	9,323		-3,189		
7		华泰期货	8,396		2,328		
8		华金期货	7,835		-3,583		
9		永安期货	5,765		-8,792		
10		浙商期货	4,817		1,292		
11		申银万国	3,726		-2,226		
12		华融融达	3,697		-6,370		
13		广发期货	3,434		-684		
14		徽商期货	3,405		-1,809		
15		国投安信	3,022		-118		
16		方正中期	2,979		-3,268		
17		长江期货	2,833		513		
18		鲁证期货	2,718		-949		
19		银河期货	2,682		-1,914		
20		中财期货	2,620		-2,355		
总计				196,559		-77,355		

名次		会员简称	持买单量	增减		
1		中信期货	28,031		-1,214		
2		永安期货	24,826		979		
3		国泰君安	7,899		-928		
4		银河期货	6,808		-125		
5		国投安信	6,057		758		
6		南华期货	5,468		128		
7		兴证期货	5,088		-881		
8		华泰期货	4,999		-4,179		
9		东证期货	4,841		-31		
10		浙商期货	3,854		2,476		
11		鲁证期货	3,730		-591		
12		一德期货	3,582		-682		
13		天风期货	3,522		158		
14		方正中期	3,518		78		
15		申银万国	3,220		1,066		
16		瑞达期货	3,201		-139		
17		海通期货	3,020		-1,581		
18		中信建投	2,919		179		
19		宏源期货	2,865		-148		
20		倍特期货	2,828		797		
总计				130,276		-3,880		

名次		会员简称	持卖单量	增减		
1		国信期货	21,191		500		
2		永安期货	17,928		-1,166		
3		国贸期货	17,090		-18		
4		中财期货	11,016		891		
5		信达期货	8,913		-101		
6		浙商期货	8,014		-17		
7		大地期货	6,341		-1,157		
8		申银万国	5,839		-952		
9		中国国际	5,665		-8		
10		国投安信	5,650		-258		
11		中信建投	5,610		1,723		
12		银河期货	5,427		-11		
13		方正中期	5,129		-101		
14		中信期货	5,010		345		
15		华泰期货	4,982		-133		
16		一德期货	4,805		-216		
17		国泰君安	4,226		373		
18		东证期货	3,474		-227		
19		中粮期货	3,405		-51		
20		长江期货	2,947		890		
总计				152,662		306		



会员类别	总成交量	增减		
期货公司会员	196,559		-77,355		

会员类别	总持买单量	增减		
期货公司会员	130,276		-3,880		

会员类别	总持卖单量	增减		
期货公司会员	152,662		306		

