								大连商品交易所 成交量_买持仓_卖持仓排名	

合约代码：y2105		Date：2020-08-28	

			期货公司会员	

名次		会员简称	成交量		增减		
1		光大期货	7,045		2,469		
2		东证期货	5,660		-1,853		
3		国泰君安	3,460		700		
4		广发期货	3,143		1,470		
5		中信期货	2,730		1,729		
6		上海中期	2,443		1,946		
7		永安期货	2,262		-844		
8		华泰期货	2,192		371		
9		国元期货	2,178		571		
10		国富期货	2,164		-282		
11		申银万国	2,016		-2,383		
12		方正中期	1,958		1,095		
13		北京首创	1,841		1,805		
14		华安期货	1,831		-719		
15		宏源期货	1,794		524		
16		中粮期货	1,523		-2,650		
17		华融融达	1,499		937		
18		五矿经易	1,157		569		
19		华闻期货	1,093		-38		
20		中投期货	894		681		
总计				48,883		6,098		

名次		会员简称	持买单量	增减		
1		中财期货	9,776		-73		
2		五矿经易	9,227		-13		
3		上海中期	8,308		1,414		
4		中粮期货	7,688		0		
5		永安期货	7,374		1,489		
6		国投安信	6,160		-12		
7		大越期货	4,786		-21		
8		中信期货	4,456		1,046		
9		天风期货	4,313		169		
10		东证期货	4,017		-153		
11		兴证期货	3,820		282		
12		光大期货	3,400		116		
13		国泰君安	2,531		11		
14		浙商期货	2,237		155		
15		华泰期货	2,163		-8		
16		北京首创	1,953		1,692		
17		国元期货	1,825		-19		
18		广发期货	1,782		169		
19		银河期货	1,775		-268		
20		国富期货	1,760		-49		
总计				89,351		5,927		

名次		会员简称	持卖单量	增减		
1		中粮期货	29,565		-3		
2		一德期货	10,530		-100		
3		摩根大通	9,322		0		
4		国投安信	7,727		7		
5		平安期货	7,410		4		
6		海通期货	6,639		7		
7		银河期货	5,358		-1		
8		广发期货	5,330		904		
9		新湖期货	4,647		-28		
10		国泰君安	3,728		2,017		
11		永安期货	3,546		189		
12		五矿经易	3,237		900		
13		国富期货	3,175		375		
14		中信期货	2,977		134		
15		鲁证期货	2,587		-40		
16		宏源期货	1,664		316		
17		北京首创	1,575		1		
18		兴证期货	1,570		9		
19		国元期货	1,567		39		
20		华融融达	1,437		335		
总计				113,591		5,065		



会员类别	总成交量	增减		
期货公司会员	48,883		6,098		

会员类别	总持买单量	增减		
期货公司会员	89,351		5,927		

会员类别	总持卖单量	增减		
期货公司会员	113,591		5,065		

