								大连商品交易所 成交量_买持仓_卖持仓排名	

合约代码：cs2011		Date：2020-08-28	

			期货公司会员	

名次		会员简称	成交量		增减		
1		国泰君安	10,434		-5,362		
2		华泰期货	6,469		-770		
3		光大期货	3,567		1,826		
4		海通期货	2,287		-1,364		
5		中信期货	2,054		-1,479		
6		鲁证期货	1,953		-819		
7		新湖期货	1,769		377		
8		华闻期货	1,611		-785		
9		五矿经易	1,480		-3,406		
10		东证期货	1,269		-100		
11		国富期货	1,210		-645		
12		中粮期货	1,108		-646		
13		格林大华	1,060		-782		
14		南华期货	1,048		-474		
15		浙商期货	785		-338		
16		招商期货	784		-978		
17		金瑞期货	546		-380		
18		长安期货	478		478		
19		银河期货	424		-227		
20		宏源期货	309		-381		
总计				40,645		-16,255		

名次		会员简称	持买单量	增减		
1		五矿经易	2,257		-261		
2		中信期货	1,826		-405		
3		浙商期货	1,545		2		
4		鲁证期货	1,288		6		
5		南华期货	1,103		0		
6		格林大华	1,101		1		
7		金瑞期货	1,050		-20		
8		海通期货	1,026		-13		
9		光大期货	1,016		3		
10		招商期货	809		0		
11		中信建投	803		1		
12		东证期货	712		-174		
13		中粮期货	501		0		
14		华安期货	331		250		
15		新湖期货	311		0		
16		北京金鹏	224		224		
17		国泰君安	144		-37		
18		上海大陆	95		-13		
19		银河期货	56		-130		
20		华泰期货	49		-93		
总计				16,247		-659		

名次		会员简称	持卖单量	增减		
1		中信期货	2,301		-49		
2		五矿经易	2,257		5		
3		浙商期货	1,506		1		
4		鲁证期货	1,409		-203		
5		南华期货	1,150		14		
6		格林大华	1,101		1		
7		光大期货	1,051		34		
8		海通期货	1,017		-22		
9		招商期货	807		-28		
10		中信建投	803		1		
11		东证期货	601		-53		
12		金瑞期货	591		-214		
13		中粮期货	500		0		
14		国富期货	367		-152		
15		新湖期货	321		1		
16		华泰期货	214		-132		
17		国泰君安	101		-27		
18		方正中期	100		-2		
19		天风期货	66		7		
20		广州期货	58		-10		
总计				16,321		-828		



会员类别	总成交量	增减		
期货公司会员	40,645		-16,255		

会员类别	总持买单量	增减		
期货公司会员	16,247		-659		

会员类别	总持卖单量	增减		
期货公司会员	16,321		-828		

