								大连商品交易所 成交量_买持仓_卖持仓排名	

合约代码：jm2101		Date：2020-08-28	

			期货公司会员	

名次		会员简称	成交量		增减		
1		东证期货	19,989		5,001		
2		中信期货	7,129		4,508		
3		国泰君安	6,646		3,256		
4		国富期货	6,260		2,616		
5		华泰期货	5,304		2,966		
6		申银万国	4,800		1,572		
7		光大期货	4,779		1,446		
8		迈科期货	4,651		-208		
9		银河期货	4,341		2,254		
10		海通期货	4,088		2,304		
11		中辉期货	3,385		2,688		
12		兴证期货	3,318		2,322		
13		永安期货	2,866		1,159		
14		徽商期货	2,452		1,058		
15		鲁证期货	2,310		1,360		
16		方正中期	2,216		828		
17		中粮期货	2,019		1,599		
18		浙商期货	1,915		1,296		
19		一德期货	1,755		936		
20		弘业期货	1,588		974		
总计				91,811		39,935		

名次		会员简称	持买单量	增减		
1		中信期货	10,901		1,388		
2		东证期货	7,193		2,481		
3		华泰期货	4,181		1,253		
4		海通期货	3,379		1,129		
5		国泰君安	3,123		780		
6		中辉期货	2,666		341		
7		光大期货	2,317		1,370		
8		中信建投	2,255		91		
9		兴证期货	2,150		460		
10		永安期货	2,109		-66		
11		国富期货	2,031		393		
12		迈科期货	1,492		-226		
13		申银万国	1,475		-206		
14		国投安信	1,277		-40		
15		银河期货	1,272		-130		
16		长安期货	1,133		4		
17		国信期货	1,128		385		
18		南华期货	1,096		217		
19		瑞达期货	877		-5		
20		东吴期货	815		-83		
总计				52,870		9,536		

名次		会员简称	持卖单量	增减		
1		永安期货	6,772		746		
2		东证期货	5,868		2,640		
3		中信期货	5,034		283		
4		海通期货	3,777		469		
5		国泰君安	2,832		968		
6		中辉期货	2,632		252		
7		申银万国	2,502		366		
8		光大期货	2,205		1,213		
9		银河期货	2,164		-917		
10		一德期货	2,070		218		
11		中粮期货	2,052		940		
12		国富期货	1,711		489		
13		冠通期货	1,575		-380		
14		建信期货	1,539		-70		
15		浙商期货	1,433		605		
16		中信建投	1,425		9		
17		国联期货	1,415		-10		
18		迈科期货	1,401		-189		
19		华泰期货	1,390		449		
20		国贸期货	1,128		197		
总计				50,925		8,278		



会员类别	总成交量	增减		
期货公司会员	91,811		39,935		

会员类别	总持买单量	增减		
期货公司会员	52,870		9,536		

会员类别	总持卖单量	增减		
期货公司会员	50,925		8,278		

