								大连商品交易所 成交量_买持仓_卖持仓排名	

合约代码：c2105		Date：2020-09-18	

			期货公司会员	

名次		会员简称	成交量		增减		
1		华泰期货	69,797		9,754		
2		东证期货	59,907		19,313		
3		光大期货	41,075		16,744		
4		中信期货	30,695		17,031		
5		中粮期货	15,160		13,168		
6		海通期货	10,116		6,672		
7		东海期货	10,009		2,898		
8		国泰君安	9,597		2,578		
9		建信期货	9,579		3,744		
10		长江期货	8,113		2,312		
11		徽商期货	7,791		3,548		
12		东吴期货	7,198		2,799		
13		南华期货	7,136		4,804		
14		华安期货	7,044		-150		
15		银河期货	6,180		4,278		
16		国富期货	5,852		1,820		
17		浙商期货	5,848		1,112		
18		安粮期货	5,124		48		
19		中辉期货	5,085		2,676		
20		宏源期货	4,998		45		
总计				326,304		115,194		

名次		会员简称	持买单量	增减		
1		鲁证期货	40,742		-1,202		
2		国泰君安	38,799		-379		
3		北京首创	38,252		149		
4		一德期货	24,555		50		
5		光大期货	22,011		1,543		
6		中信建投	19,447		384		
7		安粮期货	18,290		176		
8		中信期货	16,475		-933		
9		海证期货	13,366		159		
10		中州期货	13,351		29		
11		永安期货	12,976		450		
12		金瑞期货	12,757		596		
13		华泰期货	12,552		153		
14		华融融达	11,939		67		
15		中粮期货	9,953		-188		
16		中辉期货	9,673		311		
17		国富期货	9,115		493		
18		建信期货	8,447		7,997		
19		华安期货	8,229		1,058		
20		银河期货	7,858		454		
总计				348,787		11,367		

名次		会员简称	持卖单量	增减		
1		永安期货	60,180		532		
2		中粮期货	44,074		4,246		
3		光大期货	37,352		1,972		
4		南华期货	30,719		4,574		
5		华融融达	26,316		20		
6		中信期货	25,722		-8,260		
7		东证期货	25,011		11,181		
8		金瑞期货	23,568		-256		
9		浙商期货	21,526		2,886		
10		海证期货	18,779		110		
11		国投安信	16,721		677		
12		国盛期货	14,674		2		
13		鲁证期货	13,759		-553		
14		国泰君安	12,700		-1,084		
15		北京首创	12,042		-61		
16		五矿经易	8,547		930		
17		摩根大通	6,878		0		
18		美尔雅期货	5,250		16		
19		建信期货	5,108		254		
20		徽商期货	4,514		80		
总计				413,440		17,266		



会员类别	总成交量	增减		
期货公司会员	326,304		115,194		

会员类别	总持买单量	增减		
期货公司会员	348,787		11,367		

会员类别	总持卖单量	增减		
期货公司会员	413,440		17,266		

