								大连商品交易所 成交量_买持仓_卖持仓排名	

合约代码：i2105		Date：2020-09-18	

			期货公司会员	

名次		会员简称	成交量		增减		
1		光大期货	11,159		1,599		
2		东证期货	8,343		-2,592		
3		中信期货	4,832		389		
4		渤海期货	4,481		1,119		
5		浙商期货	3,808		1,034		
6		国泰君安	3,454		22		
7		永安期货	2,990		-1,121		
8		鲁证期货	2,606		1,439		
9		南华期货	2,593		-335		
10		国信期货	2,341		2,022		
11		天风期货	2,277		-494		
12		五矿经易	1,831		-2,041		
13		大地期货	1,801		691		
14		方正中期	1,640		-2,696		
15		安粮期货	1,485		-166		
16		东吴期货	1,391		186		
17		华泰期货	1,347		-110		
18		中辉期货	1,209		55		
19		中财期货	1,194		-317		
20		格林大华	1,097		691		
总计				61,879		-625		

名次		会员简称	持买单量	增减		
1		国联期货	8,157		-25		
2		鲁证期货	7,142		1,954		
3		永安期货	5,085		-1,236		
4		银河期货	4,899		-66		
5		海证期货	4,229		187		
6		东海期货	4,114		129		
7		冠通期货	3,901		0		
8		华泰期货	3,828		67		
9		英大期货	2,068		136		
10		国贸期货	2,064		87		
11		方正中期	2,053		214		
12		渤海期货	2,025		782		
13		广发期货	1,862		101		
14		国信期货	1,721		544		
15		国泰君安	1,650		-25		
16		道通期货	1,506		0		
17		一德期货	1,456		7		
18		中辉期货	1,368		41		
19		海通期货	1,310		122		
20		中信期货	1,295		-412		
总计				61,733		2,607		

名次		会员简称	持卖单量	增减		
1		五矿经易	7,879		315		
2		中信期货	5,367		-600		
3		永安期货	5,019		348		
4		浙商期货	4,261		1,348		
5		海通期货	4,026		95		
6		鲁证期货	3,403		88		
7		国投安信	3,018		723		
8		一德期货	2,420		-28		
9		大有期货	2,296		13		
10		大地期货	2,200		1,462		
11		银河期货	2,108		60		
12		方正中期	1,964		-544		
13		汇鑫期货	1,898		-12		
14		广发期货	1,884		-26		
15		中信建投	1,838		41		
16		海证期货	1,795		388		
17		冠通期货	1,767		9		
18		宏源期货	1,747		-26		
19		华泰期货	1,673		-358		
20		东航期货	1,668		-83		
总计				58,231		3,213		



会员类别	总成交量	增减		
期货公司会员	61,879		-625		

会员类别	总持买单量	增减		
期货公司会员	61,733		2,607		

会员类别	总持卖单量	增减		
期货公司会员	58,231		3,213		

