								大连商品交易所 成交量_买持仓_卖持仓排名	

合约代码：c2103		Date：2020-09-18	

			期货公司会员	

名次		会员简称	成交量		增减		
1		广发期货	2,739		-606		
2		中信期货	2,214		1,475		
3		鲁证期货	1,803		169		
4		中粮期货	1,773		-88		
5		中大期货	1,728		-158		
6		国海良时	1,547		609		
7		宏源期货	1,464		698		
8		中天期货	1,344		1,042		
9		格林大华	1,319		-102		
10		弘业期货	1,266		300		
11		申银万国	1,261		565		
12		徽商期货	1,188		93		
13		新湖期货	1,184		718		
14		东证期货	1,061		-912		
15		光大期货	1,013		-414		
16		宝城期货	942		-103		
17		海通期货	843		110		
18		浙商期货	840		-86		
19		永安期货	836		102		
20		金瑞期货	700		690		
总计				27,065		4,102		

名次		会员简称	持买单量	增减		
1		鲁证期货	6,734		-5		
2		中信期货	2,798		12		
3		一德期货	2,503		0		
4		海通期货	1,707		2		
5		格林大华	1,515		-104		
6		中大期货	1,513		5		
7		永安期货	1,407		1		
8		摩根大通	1,000		0		
9		五矿经易	931		0		
10		东证期货	923		-135		
11		中粮期货	671		10		
12		浙商期货	651		-420		
13		申银万国	533		11		
14		锦泰期货	470		0		
15		金瑞期货	268		100		
16		新湖期货	232		-1		
17		华闻期货	201		4		
18		国投安信	201		0		
19		海证期货	200		-12		
20		迈科期货	150		0		
总计				24,608		-532		

名次		会员简称	持卖单量	增减		
1		华安期货	4,069		375		
2		兴证期货	1,878		-514		
3		中信期货	1,823		9		
4		海通期货	1,709		1		
5		中大期货	1,534		5		
6		格林大华	1,515		-99		
7		永安期货	1,410		-1		
8		一德期货	1,377		58		
9		鲁证期货	1,093		22		
10		东证期货	980		-86		
11		五矿经易	932		1		
12		国海良时	864		-65		
13		中粮期货	780		23		
14		国信期货	571		1		
15		浙商期货	533		-420		
16		申银万国	517		12		
17		锦泰期货	470		-40		
18		银河期货	355		5		
19		东航期货	241		-5		
20		福能期货	210		0		
总计				22,861		-718		



会员类别	总成交量	增减		
期货公司会员	27,065		4,102		

会员类别	总持买单量	增减		
期货公司会员	24,608		-532		

会员类别	总持卖单量	增减		
期货公司会员	22,861		-718		

