								大连商品交易所 成交量_买持仓_卖持仓排名	

合约代码：jm2101		Date：2020-09-18	

			期货公司会员	

名次		会员简称	成交量		增减		
1		东证期货	23,429		2,345		
2		光大期货	7,549		1,159		
3		申银万国	6,397		1,681		
4		国富期货	6,166		84		
5		国泰君安	5,717		345		
6		中辉期货	5,035		2,148		
7		海通期货	4,345		834		
8		中信期货	3,894		1,096		
9		迈科期货	3,363		-318		
10		方正中期	3,171		436		
11		徽商期货	3,082		1,033		
12		华泰期货	2,635		-942		
13		兴证期货	2,508		503		
14		银河期货	2,197		187		
15		一德期货	1,846		625		
16		浙商期货	1,741		672		
17		新纪元期货	1,728		672		
18		平安期货	1,552		269		
19		广发期货	1,545		84		
20		先锋期货	1,496		700		
总计				89,396		13,613		

名次		会员简称	持买单量	增减		
1		中信期货	12,551		962		
2		东证期货	8,433		958		
3		国泰君安	3,770		734		
4		华泰期货	3,503		62		
5		中辉期货	3,210		-87		
6		永安期货	3,190		-106		
7		申银万国	3,002		1,281		
8		兴证期货	2,882		294		
9		海通期货	2,726		-237		
10		摩根大通	2,676		27		
11		国富期货	2,234		800		
12		光大期货	1,991		736		
13		南华期货	1,757		158		
14		银河期货	1,701		199		
15		中信建投	1,629		326		
16		迈科期货	1,557		-2		
17		长安期货	1,123		19		
18		国投安信	1,052		111		
19		徽商期货	1,016		519		
20		建信期货	972		-51		
总计				60,975		6,703		

名次		会员简称	持卖单量	增减		
1		东证期货	6,930		935		
2		永安期货	6,876		300		
3		申银万国	6,317		2,330		
4		一德期货	6,218		927		
5		银河期货	5,513		570		
6		平安期货	4,216		785		
7		中辉期货	4,082		-236		
8		中信期货	3,489		236		
9		冠通期货	3,474		1,119		
10		国富期货	2,491		1,066		
11		国泰君安	2,187		737		
12		浙商期货	1,963		247		
13		中粮期货	1,704		127		
14		光大期货	1,595		605		
15		迈科期货	1,545		161		
16		国贸期货	1,403		72		
17		中信建投	1,380		-494		
18		建信期货	1,345		-23		
19		海通期货	1,316		106		
20		长江期货	1,255		-13		
总计				65,299		9,557		



会员类别	总成交量	增减		
期货公司会员	89,396		13,613		

会员类别	总持买单量	增减		
期货公司会员	60,975		6,703		

会员类别	总持卖单量	增减		
期货公司会员	65,299		9,557		

