								大连商品交易所 成交量_买持仓_卖持仓排名	

合约代码：pp2102		Date：2020-09-18	

			期货公司会员	

名次		会员简称	成交量		增减		
1		东证期货	34,645		-16,059		
2		申银万国	8,473		-1,415		
3		东海期货	7,131		-18,061		
4		中信期货	6,446		-2,118		
5		华泰期货	6,234		-3,277		
6		光大期货	5,948		-2,475		
7		五矿经易	5,780		-1,576		
8		鲁证期货	4,109		-2,106		
9		恒泰期货	3,863		-17,733		
10		国海良时	3,613		-3,452		
11		迈科期货	3,560		-2,406		
12		格林大华	3,386		-2,391		
13		国元期货	3,088		-774		
14		中粮期货	2,915		-6,422		
15		南华期货	2,571		-8,117		
16		国富期货	2,526		-5,323		
17		华闻期货	2,308		-2,156		
18		银河期货	2,301		-2,574		
19		国泰君安	2,210		-2,118		
20		瑞达期货	2,104		-1,562		
总计				113,211		-102,115	

名次		会员简称	持买单量	增减		
1		华泰期货	2,055		0		
2		恒泰期货	1,291		19		
3		南华期货	1,222		-86		
4		中信期货	1,173		-1		
5		五矿经易	652		-9		
6		鲁证期货	636		1		
7		东吴期货	530		25		
8		申银万国	326		19		
9		格林大华	309		-1		
10		中粮期货	209		-2		
11		瑞达期货	159		93		
12		海通期货	154		107		
13		国海良时	120		3		
14		北京首创	108		3		
15		锦泰期货	99		-15		
16		中财期货	93		-3		
17		方正中期	92		-58		
18		永安期货	88		37		
19		国泰君安	79		-20		
20		西南期货	74		-1		
总计				9,469		111		

名次		会员简称	持卖单量	增减		
1		华泰期货	2,132		-22		
2		恒泰期货	1,263		8		
3		南华期货	1,222		-83		
4		中信期货	1,151		-1		
5		鲁证期货	732		-10		
6		五矿经易	689		23		
7		东吴期货	508		9		
8		格林大华	308		-1		
9		申银万国	307		6		
10		中粮期货	220		-21		
11		安粮期货	158		50		
12		瑞达期货	157		91		
13		北京首创	149		6		
14		国海良时	120		6		
15		金瑞期货	118		0		
16		华融融达	100		0		
17		海证期货	97		20		
18		锦泰期货	94		-60		
19		东证期货	62		-50		
20		国贸期货	61		40		
总计				9,648		11		



会员类别	总成交量	增减		
期货公司会员	113,211		-102,115	

会员类别	总持买单量	增减		
期货公司会员	9,469		111		

会员类别	总持卖单量	增减		
期货公司会员	9,648		11		

