								大连商品交易所 成交量_买持仓_卖持仓排名	

合约代码：cs2101		Date：2020-09-18	

			期货公司会员	

名次		会员简称	成交量		增减		
1		东证期货	48,167		1,706		
2		华泰期货	41,000		-2,001		
3		国泰君安	18,398		-5,363		
4		国富期货	17,412		57		
5		中信期货	15,296		2,386		
6		光大期货	9,042		359		
7		海通期货	8,780		2,165		
8		东吴期货	8,184		3,150		
9		东方财富	7,100		-917		
10		中辉期货	7,097		-1,337		
11		银河期货	6,832		560		
12		徽商期货	6,016		-3,098		
13		华安期货	5,774		-3,094		
14		华闻期货	5,446		-221		
15		兴证期货	5,197		-78		
16		金瑞期货	4,865		657		
17		方正中期	4,846		-422		
18		中信建投	4,035		-1,726		
19		永安期货	3,762		1,202		
20		宝城期货	3,447		-241		
总计				230,696		-6,256		

名次		会员简称	持买单量	增减		
1		中信期货	11,003		1,456		
2		鲁证期货	9,091		484		
3		东证期货	7,167		598		
4		中信建投	6,906		746		
5		华泰期货	6,583		898		
6		一德期货	6,304		189		
7		宏源期货	5,472		246		
8		永安期货	5,389		994		
9		新湖期货	4,218		294		
10		中粮期货	4,110		73		
11		弘业期货	3,794		-82		
12		中辉期货	3,733		-635		
13		华安期货	3,069		26		
14		申银万国	2,999		334		
15		兴证期货	2,993		935		
16		海通期货	2,793		323		
17		国泰君安	2,752		144		
18		银河期货	2,627		152		
19		南华期货	2,585		465		
20		方正中期	2,062		165		
总计				95,650		7,805		

名次		会员简称	持卖单量	增减		
1		中信期货	9,940		1,224		
2		中粮期货	9,624		-19		
3		国金期货	8,031		20		
4		东方财富	6,440		154		
5		国富期货	5,998		-336		
6		金瑞期货	5,802		294		
7		华安期货	5,704		544		
8		广发期货	5,572		176		
9		国泰君安	5,206		1,196		
10		东证期货	5,201		1,045		
11		国投安信	4,677		1,292		
12		美尔雅期货	4,664		60		
13		平安期货	4,381		13		
14		东吴期货	4,356		238		
15		鲁证期货	3,869		266		
16		中融汇信	3,226		698		
17		华泰期货	3,149		-24		
18		永安期货	3,069		328		
19		银河期货	3,003		414		
20		兴证期货	2,619		-34		
总计				104,531		7,549		



会员类别	总成交量	增减		
期货公司会员	230,696		-6,256		

会员类别	总持买单量	增减		
期货公司会员	95,650		7,805		

会员类别	总持卖单量	增减		
期货公司会员	104,531		7,549		

