								大连商品交易所 成交量_买持仓_卖持仓排名	

合约代码：a2101		Date：2020-09-18	

			期货公司会员	

名次		会员简称	成交量		增减		
1		华泰期货	48,582		-17,709		
2		中信期货	17,155		2,425		
3		申银万国	16,669		780		
4		国富期货	16,020		-3,594		
5		东证期货	15,572		1,528		
6		光大期货	15,004		-786		
7		方正中期	14,529		-272		
8		国泰君安	12,788		607		
9		华安期货	9,492		1,832		
10		海通期货	9,489		-13,890		
11		徽商期货	9,371		-2,480		
12		永安期货	8,971		2,600		
13		国投安信	8,538		-1,964		
14		南华期货	7,111		963		
15		兴证期货	6,244		-593		
16		中辉期货	6,182		-1,874		
17		银河期货	5,723		-2,383		
18		深圳金汇	5,702		5,602		
19		中信建投	5,247		-927		
20		东方财富	5,100		-152		
总计				243,489		-30,287		

名次		会员简称	持买单量	增减		
1		永安期货	10,195		-3,113		
2		中信期货	10,015		-275		
3		华泰期货	6,836		-569		
4		国泰君安	6,645		788		
5		五矿经易	5,659		6		
6		信达期货	5,459		39		
7		兴证期货	4,858		-64		
8		东证期货	3,765		1,522		
9		国投安信	3,698		198		
10		宏源期货	3,538		58		
11		方正中期	3,163		187		
12		国元期货	3,133		446		
13		海通期货	3,044		32		
14		中粮期货	2,975		-163		
15		申银万国	2,916		-274		
16		新湖期货	2,592		846		
17		中信建投	2,259		-327		
18		国贸期货	2,234		-145		
19		国信期货	1,912		-126		
20		银河期货	1,905		-350		
总计				86,801		-1,284		

名次		会员简称	持卖单量	增减		
1		一德期货	11,832		727		
2		国投安信	11,708		-148		
3		银河期货	9,570		633		
4		华安期货	9,041		1,400		
5		鲁证期货	8,282		112		
6		南华期货	7,278		456		
7		永安期货	6,379		-4		
8		广发期货	4,913		197		
9		东证期货	3,987		250		
10		天风期货	3,931		291		
11		中信期货	3,831		-130		
12		北京首创	3,820		327		
13		国联期货	3,537		88		
14		国泰君安	3,451		-574		
15		格林大华	2,991		-20		
16		新湖期货	2,740		48		
17		中粮期货	2,543		-295		
18		国富期货	2,452		-193		
19		光大期货	2,444		107		
20		新纪元期货	2,320		-70		
总计				107,050		3,202		



会员类别	总成交量	增减		
期货公司会员	243,489		-30,287		

会员类别	总持买单量	增减		
期货公司会员	86,801		-1,284		

会员类别	总持卖单量	增减		
期货公司会员	107,050		3,202		

