								大连商品交易所 成交量_买持仓_卖持仓排名	

合约代码：m2105		Date：2020-09-18	

			期货公司会员	

名次		会员简称	成交量		增减		
1		东证期货	188,427		24,926		
2		国泰君安	53,866		6,755		
3		光大期货	42,000		1,853		
4		中粮期货	32,630		21,043		
5		华泰期货	30,849		5,029		
6		中信期货	28,619		1,087		
7		永安期货	23,477		9,535		
8		海通期货	22,970		5,559		
9		兴证期货	20,735		351		
10		国投安信	20,685		13,365		
11		国富期货	19,527		5,797		
12		银河期货	15,868		-129		
13		鲁证期货	13,758		10,297		
14		浙商期货	13,588		646		
15		安粮期货	13,240		5,332		
16		申银万国	12,566		5,573		
17		北京首创	12,521		7,162		
18		长江期货	12,404		1,964		
19		摩根大通	12,368		4,274		
20		宏源期货	11,999		2,422		
总计				602,097		132,841		

名次		会员简称	持买单量	增减		
1		中粮期货	54,735		-3,520		
2		永安期货	47,172		-3,122		
3		浙商期货	33,997		7,212		
4		国富期货	28,916		2,915		
5		宏源期货	28,851		-1,067		
6		方正中期	26,314		1,364		
7		国泰君安	24,848		3,226		
8		兴证期货	24,409		1,160		
9		申银万国	23,082		-4,489		
10		一德期货	21,970		-541		
11		海通期货	21,190		2,561		
12		华泰期货	19,434		1,820		
13		摩根大通	19,218		-4,036		
14		银河期货	19,194		873		
15		国投安信	18,956		432		
16		东证期货	18,301		3,326		
17		五矿经易	18,240		2,349		
18		东吴期货	16,243		291		
19		中信期货	14,614		3,276		
20		华融融达	13,009		-401		
总计				492,693		13,629		

名次		会员简称	持卖单量	增减		
1		中粮期货	278,818		16,256		
2		国投安信	125,127		1,847		
3		银河期货	61,757		599		
4		摩根大通	42,866		2,564		
5		广发期货	36,686		2		
6		海通期货	30,831		-1,403		
7		中信期货	26,653		-1,785		
8		平安期货	25,688		-138		
9		鲁证期货	25,653		8,112		
10		国泰君安	25,612		1,586		
11		南华期货	23,661		70		
12		一德期货	22,686		-685		
13		新湖期货	22,313		661		
14		永安期货	21,379		-3,997		
15		北京首创	18,273		-2,094		
16		五矿经易	15,667		359		
17		建信期货	12,957		588		
18		中天期货	10,249		4,647		
19		北京金鹏	8,713		0		
20		渤海期货	7,874		3,610		
总计				843,463		30,799		



会员类别	总成交量	增减		
期货公司会员	602,097		132,841		

会员类别	总持买单量	增减		
期货公司会员	492,693		13,629		

会员类别	总持卖单量	增减		
期货公司会员	843,463		30,799		

