								大连商品交易所 成交量_买持仓_卖持仓排名	

合约代码：eg2110		Date：2021-06-17	

			期货公司会员	

名次		会员简称	成交量		增减		
1		东证期货	16,802		3,725		
2		锦泰期货	3,592		-17		
3		国富期货	2,831		1,117		
4		浙商期货	2,075		216		
5		五矿经易	1,827		448		
6		弘业期货	1,538		-567		
7		安粮期货	1,504		1,492		
8		国泰君安	1,354		596		
9		方正中期	1,329		299		
10		银河期货	1,317		1,216		
11		广发期货	1,293		970		
12		海通期货	1,044		-52		
13		国投安信	972		418		
14		中信期货	906		326		
15		鲁证期货	742		-113		
16		招商期货	736		63		
17		金瑞期货	654		-128		
18		申银万国	585		145		
19		东海期货	514		334		
20		东吴期货	501		194		
总计				42,116		10,682		

名次		会员简称	持买单量	增减		
1		东证期货	4,001		290		
2		国富期货	3,828		125		
3		国投安信	3,103		-201		
4		浙商期货	2,642		241		
5		五矿经易	2,588		-212		
6		招商期货	2,271		-5		
7		国泰君安	1,835		-2		
8		方正中期	1,660		9		
9		新湖期货	1,644		0		
10		海通期货	960		-1		
11		鲁证期货	910		-34		
12		中信期货	889		5		
13		东吴期货	702		-79		
14		锦泰期货	614		-12		
15		弘业期货	583		500		
16		华安期货	579		1		
17		永安期货	478		-70		
18		金瑞期货	396		-111		
19		东航期货	337		156		
20		中辉期货	300		20		
总计				30,320		620		

名次		会员简称	持卖单量	增减		
1		国富期货	3,924		136		
2		东证期货	3,818		240		
3		国投安信	3,113		-199		
4		浙商期货	2,615		252		
5		五矿经易	2,588		-211		
6		招商期货	2,344		51		
7		国泰君安	1,651		-2		
8		方正中期	1,579		-10		
9		新湖期货	1,474		0		
10		鲁证期货	1,251		286		
11		海通期货	1,077		-1		
12		瑞达期货	1,066		1		
13		东吴期货	956		-42		
14		华安期货	585		1		
15		金瑞期货	540		169		
16		国信期货	517		20		
17		锦泰期货	465		-108		
18		北京首创	443		14		
19		华泰期货	396		71		
20		中信期货	374		27		
总计				30,776		695		



会员类别	总成交量	增减		
期货公司会员	42,116		10,682		

会员类别	总持买单量	增减		
期货公司会员	30,320		620		

会员类别	总持卖单量	增减		
期货公司会员	30,776		695		

