								大连商品交易所 成交量_买持仓_卖持仓排名	

合约代码：pp2111		Date：2021-06-17	

			期货公司会员	

名次		会员简称	成交量		增减		
1		申银万国	6,089		5,471		
2		国投安信	4,103		31		
3		海通期货	2,144		-198		
4		银河期货	1,966		1,406		
5		东海期货	1,822		432		
6		东证期货	1,445		-1,116		
7		海证期货	1,430		448		
8		中信期货	1,413		-142		
9		南华期货	1,212		-23		
10		五矿经易	1,082		47		
11		恒泰期货	954		-62		
12		中粮期货	940		-84		
13		国泰君安	935		-30		
14		国信期货	654		259		
15		国富期货	616		-37		
16		华闻期货	260		-1		
17		锦泰期货	183		76		
18		国海良时	180		180		
19		中辉期货	166		117		
20		建信期货	160		160		
总计				27,754		6,934		

名次		会员简称	持买单量	增减		
1		申银万国	6,913		2,796		
2		国投安信	5,132		6		
3		海通期货	4,098		969		
4		东证期货	3,503		-46		
5		中信期货	2,468		-37		
6		南华期货	1,819		3		
7		国富期货	1,610		3		
8		国信期货	1,398		0		
9		银河期货	1,121		369		
10		恒泰期货	1,120		1		
11		海证期货	1,119		-1		
12		宏源期货	1,048		0		
13		华安期货	1,002		0		
14		华泰期货	905		0		
15		中粮期货	884		4		
16		新湖期货	709		0		
17		中辉期货	703		2		
18		五矿经易	678		0		
19		国泰君安	608		-4		
20		财信期货	602		0		
总计				37,440		4,065		

名次		会员简称	持卖单量	增减		
1		申银万国	6,914		2,795		
2		国投安信	5,134		7		
3		海通期货	4,551		889		
4		东证期货	3,600		3		
5		中信期货	2,478		-24		
6		南华期货	1,808		3		
7		国富期货	1,634		-1		
8		国信期货	1,505		0		
9		海证期货	1,169		-1		
10		恒泰期货	1,120		1		
11		华泰期货	959		-6		
12		中粮期货	884		4		
13		五矿经易	769		2		
14		新湖期货	709		0		
15		兴证期货	629		22		
16		国泰君安	607		-3		
17		浙商期货	601		0		
18		财信期货	600		-1		
19		中财期货	594		0		
20		华西期货	552		0		
总计				36,817		3,690		



会员类别	总成交量	增减		
期货公司会员	27,754		6,934		

会员类别	总持买单量	增减		
期货公司会员	37,440		4,065		

会员类别	总持卖单量	增减		
期货公司会员	36,817		3,690		

