								大连商品交易所 成交量_买持仓_卖持仓排名	

合约代码：b2109		Date：2021-06-17	

			期货公司会员	

名次		会员简称	成交量		增减		
1		锦泰期货	2,010		1,171		
2		美尔雅期货	1,987		1,146		
3		国泰君安	1,965		1,203		
4		国富期货	1,957		613		
5		光大期货	1,076		147		
6		海通期货	950		72		
7		华闻期货	908		437		
8		广发期货	851		310		
9		五矿经易	738		166		
10		国投安信	717		511		
11		徽商期货	676		370		
12		方正中期	671		81		
13		东海期货	606		329		
14		华泰期货	583		450		
15		国海良时	536		15		
16		中辉期货	523		207		
17		华安期货	456		280		
18		金瑞期货	400		163		
19		南华期货	399		61		
20		北京首创	388		223		
总计				18,397		7,955		

名次		会员简称	持买单量	增减		
1		国投安信	1,512		12		
2		东海期货	1,009		-1		
3		光大期货	874		-70		
4		五矿经易	834		0		
5		银河期货	603		33		
6		国泰君安	580		-163		
7		方正中期	555		12		
8		国海良时	521		-9		
9		南华期货	513		4		
10		锦泰期货	489		-244		
11		弘业期货	429		0		
12		海通期货	420		-21		
13		华泰期货	335		-40		
14		创元期货	278		-27		
15		国富期货	230		33		
16		金瑞期货	211		59		
17		中辉期货	188		-89		
18		海证期货	151		-37		
19		招商期货	142		-26		
20		盛达期货	136		-26		
总计				10,010		-600		

名次		会员简称	持卖单量	增减		
1		国投安信	1,512		-141		
2		中粮期货	1,101		-2		
3		东海期货	1,021		1		
4		光大期货	898		2		
5		五矿经易	840		-14		
6		国泰君安	683		-472		
7		方正中期	603		-11		
8		锦泰期货	579		-230		
9		南华期货	475		37		
10		国海良时	459		-15		
11		海通期货	446		-11		
12		银河期货	446		3		
13		弘业期货	422		0		
14		北京首创	257		-91		
15		广发期货	225		104		
16		天风期货	210		-111		
17		华泰期货	199		21		
18		华安期货	178		-139		
19		美尔雅期货	139		-282		
20		徽商期货	133		106		
总计				10,826		-1,245		



会员类别	总成交量	增减		
期货公司会员	18,397		7,955		

会员类别	总持买单量	增减		
期货公司会员	10,010		-600		

会员类别	总持卖单量	增减		
期货公司会员	10,826		-1,245		

