								大连商品交易所 成交量_买持仓_卖持仓排名	

合约代码：eb2110		Date：2021-06-17	

			期货公司会员	

名次		会员简称	成交量		增减		
1		国泰君安	2,066		1,181		
2		华泰期货	1,676		1,097		
3		华闻期货	1,523		374		
4		长江期货	1,443		774		
5		中粮期货	1,187		852		
6		永安期货	1,068		478		
7		财信期货	1,008		451		
8		中信建投	902		394		
9		国富期货	644		35		
10		中信期货	637		-77		
11		光大期货	481		-141		
12		五矿经易	466		62		
13		大有期货	381		178		
14		国投安信	262		86		
15		国盛期货	228		226		
16		东吴期货	225		95		
17		徽商期货	225		-229		
18		宝城期货	183		-161		
19		鲁证期货	169		97		
20		招金期货	166		164		
总计				14,940		5,936		

名次		会员简称	持买单量	增减		
1		华泰期货	4,131		781		
2		国泰君安	2,710		261		
3		五矿经易	2,301		15		
4		永安期货	2,098		-6		
5		中信期货	1,900		184		
6		国富期货	1,720		-18		
7		中信建投	1,525		-5		
8		国投安信	1,462		127		
9		长江期货	1,302		2		
10		中粮期货	950		300		
11		红塔期货	226		26		
12		财信期货	170		4		
13		宝城期货	169		-147		
14		大有期货	134		1		
15		天风期货	108		0		
16		方正中期	100		0		
17		一德期货	88		-2		
18		冠通期货	63		1		
19		华闻期货	62		-5		
20		大地期货	53		-2		
总计				21,272		1,517		

名次		会员简称	持卖单量	增减		
1		华泰期货	4,034		705		
2		国泰君安	2,576		207		
3		五矿经易	2,301		15		
4		中信期货	2,097		203		
5		永安期货	2,072		-510		
6		国富期货	1,785		28		
7		中信建投	1,520		-5		
8		国投安信	1,434		133		
9		长江期货	1,300		7		
10		中粮期货	955		301		
11		东证期货	694		2		
12		浙商期货	150		0		
13		国盛期货	112		112		
14		迈科期货	83		50		
15		招金期货	81		78		
16		中财期货	67		0		
17		宏源期货	64		3		
18		天风期货	63		3		
19		宝城期货	60		0		
20		中融汇信	57		56		
总计				21,505		1,388		



会员类别	总成交量	增减		
期货公司会员	14,940		5,936		

会员类别	总持买单量	增减		
期货公司会员	21,272		1,517		

会员类别	总持卖单量	增减		
期货公司会员	21,505		1,388		

