								大连商品交易所 成交量_买持仓_卖持仓排名	

合约代码：y2201		Date：2021-06-17	

			期货公司会员	

名次		会员简称	成交量		增减		
1		东证期货	32,773		5,895		
2		国泰君安	26,482		13,012		
3		华泰期货	18,846		-501		
4		光大期货	16,767		5,785		
5		国富期货	14,743		4,668		
6		中信期货	11,754		1,630		
7		宏源期货	5,787		3,118		
8		五矿经易	4,419		1,598		
9		华闻期货	3,292		604		
10		国元期货	3,074		1,395		
11		中信建投	3,057		1,175		
12		锦泰期货	2,471		753		
13		国投安信	2,368		254		
14		海通期货	2,264		788		
15		英大期货	2,197		317		
16		中粮期货	2,183		-50		
17		新湖期货	2,168		137		
18		申银万国	1,853		502		
19		渤海期货	1,827		739		
20		创元期货	1,755		610		
总计				160,080		42,429		

名次		会员简称	持买单量	增减		
1		北京首创	10,021		468		
2		广发期货	9,557		350		
3		中粮期货	7,775		-244		
4		银河期货	7,537		-316		
5		新湖期货	6,633		409		
6		国投安信	6,141		-694		
7		摩根大通	5,465		-168		
8		中信期货	5,415		454		
9		中金期货	4,520		1,073		
10		西部期货	3,955		26		
11		光大期货	3,598		-14		
12		招商期货	2,612		65		
13		华安期货	2,251		51		
14		创元期货	2,185		40		
15		永安期货	1,846		-7		
16		东证期货	1,747		161		
17		国泰君安	1,578		-713		
18		浙商期货	1,548		-349		
19		宏源期货	1,041		69		
20		华融融达	1,035		-109		
总计				86,460		552		

名次		会员简称	持卖单量	增减		
1		一德期货	23,429		-279		
2		国富期货	11,897		-1,826		
3		中粮期货	9,309		187		
4		国泰君安	8,531		991		
5		国投安信	5,481		688		
6		东证期货	3,854		72		
7		宏源期货	3,559		2,186		
8		中信建投	3,476		-1,744		
9		摩根大通	3,439		-690		
10		新湖期货	3,265		-43		
11		中信期货	2,839		238		
12		五矿经易	2,839		567		
13		中财期货	2,651		949		
14		永安期货	2,320		-75		
15		建信期货	1,256		80		
16		北京首创	1,185		-73		
17		广发期货	1,182		65		
18		平安期货	1,147		205		
19		北京金鹏	1,034		-29		
20		申银万国	986		-230		
总计				93,679		1,239		



会员类别	总成交量	增减		
期货公司会员	160,080		42,429		

会员类别	总持买单量	增减		
期货公司会员	86,460		552		

会员类别	总持卖单量	增减		
期货公司会员	93,679		1,239		

