								大连商品交易所 成交量_买持仓_卖持仓排名	

合约代码：a2109		Date：2021-06-17	

			期货公司会员	

名次		会员简称	成交量		增减		
1		华泰期货	38,327		13,505		
2		国泰君安	35,797		12,126		
3		东证期货	34,601		2,244		
4		中信期货	21,394		2,795		
5		光大期货	13,832		3,649		
6		银河期货	13,644		5,622		
7		国富期货	12,577		1,931		
8		海通期货	11,283		728		
9		兴证期货	8,633		2,739		
10		东吴期货	8,003		3,026		
11		申银万国	7,943		2,320		
12		南华期货	7,093		-251		
13		东方财富	6,446		1,963		
14		永安期货	5,730		1,756		
15		华安期货	5,331		2,408		
16		方正中期	5,149		-249		
17		华闻期货	4,720		-580		
18		先锋期货	4,309		-485		
19		中辉期货	4,022		1,374		
20		宏源期货	3,799		1,304		
总计				252,633		57,925		

名次		会员简称	持买单量	增减		
1		中信期货	16,796		370		
2		国投安信	8,702		-565		
3		东证期货	8,073		-130		
4		光大期货	5,582		-457		
5		国泰君安	4,942		-810		
6		一德期货	4,153		-1,109		
7		永安期货	3,908		-797		
8		南华期货	3,649		-959		
9		浙商期货	3,541		-10		
10		信达期货	3,403		-98		
11		美尔雅期货	3,403		-166		
12		银河期货	3,343		282		
13		国富期货	2,835		-156		
14		兴证期货	2,801		1,463		
15		东吴期货	2,642		561		
16		宏源期货	2,355		-463		
17		华泰期货	2,318		363		
18		招金期货	2,260		-240		
19		海航期货	2,213		-132		
20		深圳金汇	2,000		0		
总计				88,919		-3,053		

名次		会员简称	持卖单量	增减		
1		中信期货	14,468		-850		
2		国泰君安	8,270		-2,473		
3		银河期货	6,562		-504		
4		华泰期货	5,473		-782		
5		东证期货	4,856		-1,283		
6		兴证期货	4,706		-336		
7		永安期货	4,510		-65		
8		国投安信	4,089		-48		
9		中投期货	3,431		-704		
10		宏源期货	2,932		-264		
11		申银万国	2,727		351		
12		海通期货	2,679		-385		
13		一德期货	2,517		293		
14		招商期货	2,357		-254		
15		方正中期	2,299		410		
16		光大期货	2,151		267		
17		海证期货	2,058		-705		
18		上海中期	2,035		-463		
19		华安期货	1,926		1,350		
20		中信建投	1,750		63		
总计				81,796		-6,382		



会员类别	总成交量	增减		
期货公司会员	252,633		57,925		

会员类别	总持买单量	增减		
期货公司会员	88,919		-3,053		

会员类别	总持卖单量	增减		
期货公司会员	81,796		-6,382		

