								大连商品交易所 成交量_买持仓_卖持仓排名	

合约代码：l2201		Date：2021-06-17	

			期货公司会员	

名次		会员简称	成交量		增减		
1		国富期货	4,065		-412		
2		国投安信	3,239		317		
3		中信期货	1,776		494		
4		东证期货	1,405		-664		
5		广发期货	1,218		-293		
6		华安期货	826		-668		
7		华泰期货	778		66		
8		申银万国	763		-454		
9		中辉期货	668		305		
10		国泰君安	663		224		
11		中财期货	606		594		
12		中信建投	521		31		
13		徽商期货	490		85		
14		宏源期货	467		3		
15		永安期货	465		12		
16		南华期货	446		-27		
17		鲁证期货	424		344		
18		广州期货	375		372		
19		海通期货	371		97		
20		新湖期货	362		18		
总计				19,928		444		

名次		会员简称	持买单量	增减		
1		华泰期货	3,757		84		
2		南华期货	2,013		24		
3		永安期货	1,972		23		
4		银河期货	1,672		11		
5		国投安信	1,513		-37		
6		海证期货	1,396		17		
7		浙商期货	1,327		36		
8		中粮期货	1,247		-1		
9		国信期货	1,058		7		
10		徽商期货	1,018		19		
11		国泰君安	938		-169		
12		国富期货	933		52		
13		方正中期	889		-47		
14		中辉期货	823		39		
15		华联期货	821		22		
16		广州期货	811		-371		
17		新湖期货	781		-38		
18		瑞达期货	769		-27		
19		国贸期货	757		17		
20		华安期货	744		-93		
总计				25,239		-432		

名次		会员简称	持卖单量	增减		
1		东证期货	5,972		59		
2		华泰期货	4,046		80		
3		国泰君安	2,790		70		
4		招商期货	1,804		-8		
5		上海中期	1,801		218		
6		国信期货	1,511		41		
7		海证期货	1,298		57		
8		民生期货	1,244		-4		
9		信达期货	1,095		-4		
10		光大期货	1,021		16		
11		中信期货	893		-280		
12		华安期货	881		149		
13		大地期货	802		0		
14		国海良时	714		-21		
15		永安期货	693		2		
16		宏源期货	652		-61		
17		金瑞期货	639		39		
18		平安期货	600		50		
19		中辉期货	592		-311		
20		国富期货	555		45		
总计				29,603		137		



会员类别	总成交量	增减		
期货公司会员	19,928		444		

会员类别	总持买单量	增减		
期货公司会员	25,239		-432		

会员类别	总持卖单量	增减		
期货公司会员	29,603		137		

