								大连商品交易所 成交量_买持仓_卖持仓排名	

合约代码：v2111		Date：2021-06-17	

			期货公司会员	

名次		会员简称	成交量		增减		
1		海通期货	2,422		66		
2		国投安信	1,400		1,400		
3		中信期货	1,096		499		
4		中天期货	1,088		688		
5		国泰君安	1,048		1,048		
6		宝城期货	1,001		989		
7		永安期货	678		676		
8		银河期货	583		113		
9		国富期货	554		174		
10		东航期货	441		441		
11		海证期货	426		-102		
12		长江期货	403		-111		
13		鲁证期货	386		114		
14		东证期货	374		-1,770		
15		华泰期货	342		12		
16		徽商期货	314		254		
17		浙商期货	283		89		
18		安粮期货	241		237		
19		宏源期货	236		230		
20		五矿经易	236		20		
总计				13,552		5,067		

名次		会员简称	持买单量	增减		
1		东证期货	5,541		4		
2		国投安信	4,318		-700		
3		海通期货	3,946		-1,160		
4		申银万国	2,872		-6		
5		新湖期货	1,884		13		
6		锦泰期货	1,686		66		
7		海证期货	1,633		139		
8		中信期货	1,407		-195		
9		国富期货	1,221		216		
10		鲁证期货	1,198		0		
11		浙商期货	1,104		2		
12		永安期货	822		0		
13		长江期货	739		1		
14		五矿经易	656		0		
15		国信期货	525		-201		
16		国泰君安	496		-528		
17		中财期货	491		0		
18		光大期货	451		0		
19		宝城期货	391		-500		
20		南华期货	380		0		
总计				31,761		-2,849		

名次		会员简称	持卖单量	增减		
1		东证期货	5,541		-20		
2		国投安信	4,318		-700		
3		海通期货	3,981		-1,140		
4		申银万国	2,869		-1		
5		新湖期货	1,984		53		
6		锦泰期货	1,710		66		
7		海证期货	1,630		139		
8		中信期货	1,412		-195		
9		国富期货	1,247		242		
10		鲁证期货	1,199		0		
11		浙商期货	1,136		-3		
12		中投期货	1,042		42		
13		长江期货	749		0		
14		五矿经易	656		0		
15		中财期货	495		4		
16		光大期货	451		0		
17		宝城期货	390		-501		
18		南华期货	384		1		
19		中辉期货	330		0		
20		国泰君安	311		-490		
总计				31,835		-2,503		



会员类别	总成交量	增减		
期货公司会员	13,552		5,067		

会员类别	总持买单量	增减		
期货公司会员	31,761		-2,849		

会员类别	总持卖单量	增减		
期货公司会员	31,835		-2,503		

