								大连商品交易所 成交量_买持仓_卖持仓排名	

合约代码：j2109		Date：2021-06-17	

			期货公司会员	

名次		会员简称	成交量		增减		
1		东证期货	49,722		-96		
2		国富期货	42,867		5,113		
3		海通期货	42,400		-517		
4		国泰君安	34,497		6,789		
5		华闻期货	26,755		2,962		
6		光大期货	23,128		4,654		
7		中信期货	19,313		564		
8		方正中期	18,926		2,503		
9		申银万国	14,569		223		
10		永安期货	14,380		-4,010		
11		中辉期货	14,215		-5,561		
12		银河期货	14,186		3,812		
13		东吴期货	13,048		1,216		
14		徽商期货	12,784		1,897		
15		东方财富	10,886		1,314		
16		上海东亚	10,182		2,763		
17		华安期货	10,077		818		
18		华泰期货	9,834		1,723		
19		兴证期货	9,578		-388		
20		中信建投	8,133		-873		
总计				399,480		24,906		

名次		会员简称	持买单量	增减		
1		东证期货	15,038		1,289		
2		海通期货	13,456		667		
3		中信期货	12,326		1,821		
4		国富期货	10,031		2,575		
5		银河期货	9,149		574		
6		国泰君安	9,088		-163		
7		永安期货	5,789		-494		
8		华闻期货	5,313		-2,218		
9		华泰期货	5,049		894		
10		光大期货	4,905		2,259		
11		兴证期货	4,333		938		
12		方正中期	3,816		1,297		
13		申银万国	3,639		486		
14		瑞达期货	3,166		1,207		
15		中信建投	2,959		-54		
16		中辉期货	2,668		497		
17		中粮期货	2,565		-969		
18		海证期货	2,528		527		
19		国信期货	2,413		199		
20		国投安信	2,138		-287		
总计				120,369		11,045		

名次		会员简称	持卖单量	增减		
1		东证期货	12,623		-55		
2		浙商期货	10,526		646		
3		海通期货	9,899		49		
4		国富期货	9,825		2,376		
5		一德期货	8,250		170		
6		国泰君安	5,583		108		
7		中信期货	5,563		502		
8		大地期货	5,503		189		
9		华泰期货	5,236		-78		
10		南华期货	4,899		225		
11		华闻期货	4,878		-2,475		
12		光大期货	4,818		2,073		
13		广发期货	4,788		136		
14		鲁证期货	4,726		544		
15		申银万国	3,761		641		
16		方正中期	3,673		1,345		
17		国投安信	3,635		-127		
18		永安期货	3,297		138		
19		银河期货	3,187		812		
20		东兴期货	3,174		33		
总计				117,844		7,252		



会员类别	总成交量	增减		
期货公司会员	399,480		24,906		

会员类别	总持买单量	增减		
期货公司会员	120,369		11,045		

会员类别	总持卖单量	增减		
期货公司会员	117,844		7,252		

