								大连商品交易所 成交量_买持仓_卖持仓排名	

合约代码：l2109		Date：2021-06-17	

			期货公司会员	

名次		会员简称	成交量		增减		
1		东证期货	146,747		28,540		
2		国投安信	123,985		11,414		
3		国富期货	103,896		8,041		
4		兴证期货	44,320		6,092		
5		国泰君安	41,224		6,671		
6		中信期货	37,843		7,346		
7		永安期货	16,253		5,329		
8		华闻期货	16,056		5,406		
9		华泰期货	15,155		-4,261		
10		海通期货	13,182		1,215		
11		光大期货	12,669		1,518		
12		申银万国	11,686		-672		
13		银河期货	10,208		769		
14		东吴期货	9,891		5,606		
15		国海良时	9,139		5,294		
16		方正中期	9,004		-1,576		
17		南华期货	8,102		3,460		
18		鲁证期货	7,752		516		
19		宏源期货	6,302		279		
20		国盛期货	6,275		14		
总计				649,689		91,001		

名次		会员简称	持买单量	增减		
1		永安期货	31,140		646		
2		华泰期货	16,588		885		
3		中信期货	14,664		-490		
4		东证期货	14,448		-1,039		
5		一德期货	14,119		-174		
6		国泰君安	12,414		-101		
7		方正中期	11,142		144		
8		银河期货	8,744		44		
9		浙商期货	8,663		-304		
10		南华期货	7,575		185		
11		新湖期货	7,175		-129		
12		中国国际	7,002		205		
13		广发期货	6,946		-58		
14		中信建投	6,742		-439		
15		华安期货	6,257		-317		
16		国投安信	6,137		725		
17		中辉期货	6,091		-448		
18		海通期货	6,019		41		
19		物产中大	5,758		-87		
20		中粮期货	4,985		-41		
总计				202,609		-752		

名次		会员简称	持卖单量	增减		
1		国泰君安	34,384		-517		
2		永安期货	31,704		1,029		
3		中信期货	28,825		-2,109		
4		华泰期货	19,709		-2,070		
5		东证期货	16,644		490		
6		光大期货	12,627		-242		
7		银河期货	12,608		-462		
8		国投安信	10,052		282		
9		申银万国	8,516		-898		
10		浙商期货	8,208		-18		
11		瑞达期货	7,508		-98		
12		南华期货	7,426		1,177		
13		兴证期货	7,188		-562		
14		国贸期货	7,060		399		
15		宏源期货	7,002		326		
16		东航期货	6,702		-157		
17		兴业期货	5,585		27		
18		海证期货	5,250		-527		
19		招商期货	5,111		-324		
20		方正中期	4,974		94		
总计				247,083		-4,160		



会员类别	总成交量	增减		
期货公司会员	649,689		91,001		

会员类别	总持买单量	增减		
期货公司会员	202,609		-752		

会员类别	总持卖单量	增减		
期货公司会员	247,083		-4,160		

