								大连商品交易所 成交量_买持仓_卖持仓排名	

合约代码：p2110		Date：2021-06-17	

			期货公司会员	

名次		会员简称	成交量		增减		
1		东证期货	6,601		1,739		
2		华泰期货	4,794		1,551		
3		国泰君安	3,950		1,783		
4		锦泰期货	2,258		-516		
5		中信期货	2,197		-119		
6		华安期货	2,089		1,789		
7		浙商期货	2,061		565		
8		光大期货	1,586		652		
9		鲁证期货	1,536		562		
10		申银万国	1,191		314		
11		国投安信	991		301		
12		华闻期货	647		-449		
13		五矿经易	604		352		
14		东航期货	521		425		
15		招商期货	511		122		
16		财信期货	424		275		
17		国信期货	286		-271		
18		徽商期货	255		-53		
19		国富期货	214		206		
20		乾坤期货	196		196		
总计				32,912		9,424		

名次		会员简称	持买单量	增减		
1		中信期货	2,698		16		
2		国泰君安	2,361		21		
3		光大期货	1,993		135		
4		华泰期货	1,877		61		
5		五矿经易	1,860		0		
6		鲁证期货	1,426		0		
7		招商期货	1,406		166		
8		国投安信	1,358		-769		
9		新湖期货	1,195		0		
10		浙商期货	761		-3		
11		海通期货	721		0		
12		国元期货	501		0		
13		宝城期货	500		0		
14		永安期货	459		-70		
15		银河期货	393		-13		
16		东吴期货	374		-70		
17		创元期货	358		0		
18		乾坤期货	331		-196		
19		东航期货	319		191		
20		中信建投	317		-35		
总计				21,208		-566		

名次		会员简称	持卖单量	增减		
1		国泰君安	2,852		-83		
2		中信期货	2,652		25		
3		光大期货	1,996		137		
4		华泰期货	1,807		35		
5		五矿经易	1,800		0		
6		鲁证期货	1,497		82		
7		招商期货	1,390		159		
8		新湖期货	1,195		0		
9		国信期货	778		-216		
10		浙商期货	759		-2		
11		海通期货	719		-2		
12		国元期货	501		-2		
13		宝城期货	500		0		
14		永安期货	457		-70		
15		银河期货	387		-7		
16		华闻期货	358		-145		
17		创元期货	357		1		
18		东吴期货	326		-73		
19		中信建投	302		-33		
20		东航期货	291		200		
总计				20,924		6		



会员类别	总成交量	增减		
期货公司会员	32,912		9,424		

会员类别	总持买单量	增减		
期货公司会员	21,208		-566		

会员类别	总持卖单量	增减		
期货公司会员	20,924		6		

