								大连商品交易所 成交量_买持仓_卖持仓排名	

合约代码：y2109		Date：2020-11-18	

			期货公司会员	

名次		会员简称	成交量		增减		
1		五矿经易	4,323		-226		
2		中天期货	3,399		-403		
3		广发期货	1,854		206		
4		摩根大通	1,837		1,004		
5		国投安信	1,792		1,768		
6		国泰君安	1,538		1,278		
7		光大期货	1,461		-1,070		
8		宏源期货	1,448		-311		
9		招金期货	1,415		1,103		
10		锦泰期货	1,121		387		
11		东证期货	1,111		-178		
12		平安期货	772		731		
13		中信期货	710		19		
14		申银万国	632		7		
15		北京首创	597		570		
16		华闻期货	564		-232		
17		上海中期	556		67		
18		英大期货	453		259		
19		金元期货	403		-399		
20		海证期货	383		334		
总计				26,369		4,914		

名次		会员简称	持买单量	增减		
1		五矿经易	8,049		3,584		
2		国泰君安	2,904		1,341		
3		东证期货	2,886		84		
4		中财期货	2,641		-240		
5		金元期货	2,600		399		
6		中州期货	1,504		2		
7		摩根大通	1,207		-491		
8		一德期货	1,114		-59		
9		平安期货	1,088		716		
10		永安期货	816		33		
11		中粮期货	770		201		
12		中信期货	736		225		
13		国投安信	572		501		
14		广州期货	519		-5		
15		中辉期货	461		-30		
16		光大期货	366		-8		
17		兴证期货	366		-42		
18		上海中期	354		-462		
19		银河期货	340		-3		
20		东吴期货	329		-35		
总计				29,622		5,711		

名次		会员简称	持卖单量	增减		
1		摩根大通	8,748		664		
2		中粮期货	4,909		150		
3		国投安信	4,703		1,269		
4		一德期货	2,969		0		
5		信达期货	2,235		0		
6		光大期货	1,803		-11		
7		北京首创	1,705		589		
8		银河期货	1,295		25		
9		东证期货	1,203		45		
10		华泰期货	1,166		2		
11		宏源期货	776		78		
12		永安期货	730		35		
13		国泰君安	641		1		
14		国富期货	400		137		
15		五矿经易	352		-83		
16		前海期货	320		0		
17		中州期货	240		41		
18		东方财富	164		-1		
19		山西三立	160		0		
20		新湖期货	136		47		
总计				34,655		2,988		



会员类别	总成交量	增减		
期货公司会员	26,369		4,914		

会员类别	总持买单量	增减		
期货公司会员	29,622		5,711		

会员类别	总持卖单量	增减		
期货公司会员	34,655		2,988		

