								大连商品交易所 成交量_买持仓_卖持仓排名	

合约代码：eb2103		Date：2020-11-18	

			期货公司会员	

名次		会员简称	成交量		增减		
1		中信期货	14,460		1,061		
2		东证期货	13,687		1,348		
3		国泰君安	8,179		-2,964		
4		申银万国	3,925		-2,627		
5		迈科期货	3,511		-684		
6		鲁证期货	3,111		-1,122		
7		海通期货	3,019		-815		
8		东海期货	2,816		-2,055		
9		五矿经易	2,696		-2,283		
10		银河期货	2,513		-1,976		
11		方正中期	1,878		-379		
12		财信期货	1,537		1,503		
13		大有期货	1,361		1,343		
14		华闻期货	1,303		-1,441		
15		锦泰期货	864		-6,860		
16		光大期货	787		685		
17		中财期货	625		90		
18		中粮期货	493		477		
19		美尔雅期货	436		404		
20		先融期货	412		371		
总计				67,613		-15,924		

名次		会员简称	持买单量	增减		
1		华泰期货	5,025		249		
2		中信期货	1,396		6		
3		国泰君安	1,381		44		
4		五矿经易	956		-219		
5		鲁证期货	720		0		
6		一德期货	693		-4		
7		东证期货	671		-11		
8		锦泰期货	573		13		
9		银河期货	354		63		
10		徽商期货	250		6		
11		国金期货	237		105		
12		申银万国	212		-8		
13		先锋期货	161		53		
14		创元期货	157		107		
15		浙商期货	133		84		
16		西南期货	133		88		
17		海通期货	109		4		
18		中衍期货	109		2		
19		兴证期货	88		37		
20		方正中期	78		-22		
总计				13,436		597		

名次		会员简称	持卖单量	增减		
1		国泰君安	1,849		17		
2		中信期货	1,566		10		
3		五矿经易	1,159		-243		
4		永安期货	976		4		
5		东证期货	742		-16		
6		鲁证期货	604		-1		
7		银河期货	588		-56		
8		中财期货	564		519		
9		锦泰期货	539		-153		
10		迈科期货	482		156		
11		中粮期货	426		422		
12		南华期货	330		-203		
13		海证期货	317		213		
14		信达期货	300		100		
15		华闻期货	257		243		
16		招金期货	247		181		
17		申银万国	208		9		
18		建信期货	206		-25		
19		浙江新世纪	200		0		
20		平安期货	194		-32		
总计				11,754		1,145		



会员类别	总成交量	增减		
期货公司会员	67,613		-15,924		

会员类别	总持买单量	增减		
期货公司会员	13,436		597		

会员类别	总持卖单量	增减		
期货公司会员	11,754		1,145		

