								大连商品交易所 成交量_买持仓_卖持仓排名	

合约代码：v2105		Date：2020-11-18	

			期货公司会员	

名次		会员简称	成交量		增减		
1		中信期货	5,195		455		
2		永安期货	4,370		-609		
3		鲁证期货	2,748		316		
4		东证期货	2,504		1,926		
5		华泰期货	1,991		1,364		
6		华闻期货	1,756		451		
7		国泰君安	1,646		369		
8		兴业期货	1,251		1,250		
9		方正中期	989		284		
10		中投期货	933		872		
11		徽商期货	922		451		
12		东吴期货	902		258		
13		中信建投	877		300		
14		宏源期货	853		78		
15		中财期货	850		45		
16		华金期货	836		-168		
17		中粮期货	666		-1,296		
18		国投安信	660		-15		
19		南华期货	641		-40		
20		招商期货	622		34		
总计				31,212		6,325		

名次		会员简称	持买单量	增减		
1		永安期货	10,788		1,611		
2		中信期货	3,728		375		
3		天风期货	3,164		30		
4		华泰期货	2,525		414		
5		中粮期货	2,299		382		
6		国泰君安	2,246		23		
7		国投安信	2,193		-178		
8		浙商期货	1,971		22		
9		申银万国	1,722		-94		
10		南华期货	1,700		51		
11		中财期货	1,287		15		
12		宏源期货	1,187		16		
13		鲁证期货	1,141		-131		
14		瑞达期货	949		41		
15		华金期货	881		1		
16		一德期货	825		-5		
17		东航期货	807		440		
18		广发期货	763		-22		
19		大越期货	750		32		
20		国海良时	674		293		
总计				41,600		3,316		

名次		会员简称	持卖单量	增减		
1		兴业期货	7,251		1,250		
2		中投期货	7,198		-503		
3		永安期货	4,034		47		
4		中国国际	3,754		-122		
5		华泰期货	2,782		-129		
6		天风期货	2,647		-2		
7		国信期货	2,436		58		
8		申银万国	2,089		-4		
9		中财期货	1,914		397		
10		中信期货	1,582		148		
11		国泰君安	1,510		109		
12		一德期货	1,106		425		
13		鲁证期货	1,015		89		
14		中辉期货	789		77		
15		银河期货	738		9		
16		东吴期货	710		172		
17		华融融达	684		-1		
18		兴证期货	672		43		
19		平安期货	621		280		
20		中粮期货	613		204		
总计				44,145		2,547		



会员类别	总成交量	增减		
期货公司会员	31,212		6,325		

会员类别	总持买单量	增减		
期货公司会员	41,600		3,316		

会员类别	总持卖单量	增减		
期货公司会员	44,145		2,547		

