								大连商品交易所 成交量_买持仓_卖持仓排名	

合约代码：p2102		Date：2020-11-18	

			期货公司会员	

名次		会员简称	成交量		增减		
1		国泰君安	73,072		22,287		
2		东证期货	59,454		12,886		
3		国富期货	55,674		28,976		
4		国元期货	27,905		16,783		
5		徽商期货	21,838		10,816		
6		银河期货	15,546		7,857		
7		申银万国	14,807		-2,243		
8		海通期货	13,406		5,267		
9		华闻期货	13,362		3,915		
10		光大期货	11,512		-2,292		
11		中辉期货	10,479		7,356		
12		迈科期货	10,456		3,861		
13		冠通期货	10,065		3,780		
14		鲁证期货	9,847		2,194		
15		兴证期货	9,291		6,258		
16		上海大陆	8,633		3,857		
17		海证期货	7,739		4,540		
18		新湖期货	7,348		5,766		
19		一德期货	6,299		2,291		
20		方正中期	5,728		3,531		
总计				392,461		147,686		

名次		会员简称	持买单量	增减		
1		国泰君安	10,412		-6		
2		申银万国	5,133		98		
3		华安期货	2,946		25		
4		中信期货	1,946		1		
5		招商期货	1,792		-7		
6		五矿经易	1,105		-95		
7		中信建投	1,066		0		
8		东吴期货	904		-1		
9		安粮期货	835		9		
10		鲁证期货	728		-63		
11		创元期货	657		30		
12		光大期货	608		156		
13		瑞达期货	501		6		
14		冠通期货	472		0		
15		浙商期货	461		8		
16		国金期货	360		143		
17		新湖期货	337		-6		
18		中大期货	315		15		
19		徽商期货	304		16		
20		东航期货	240		14		
总计				31,122		343		

名次		会员简称	持卖单量	增减		
1		国泰君安	10,399		18		
2		申银万国	5,015		-13		
3		华安期货	2,858		-4		
4		中信期货	1,914		-10		
5		招商期货	1,842		-6		
6		五矿经易	1,206		-99		
7		中信建投	1,071		-9		
8		光大期货	939		156		
9		东吴期货	903		-1		
10		安粮期货	820		-2		
11		华泰期货	757		-16		
12		鲁证期货	744		14		
13		创元期货	591		36		
14		瑞达期货	506		-4		
15		冠通期货	472		-1		
16		浙商期货	470		16		
17		国投安信	418		-1		
18		新湖期货	323		6		
19		中大期货	304		-1		
20		东航期货	211		0		
总计				31,763		79		



会员类别	总成交量	增减		
期货公司会员	392,461		147,686		

会员类别	总持买单量	增减		
期货公司会员	31,122		343		

会员类别	总持卖单量	增减		
期货公司会员	31,763		79		

