								大连商品交易所 成交量_买持仓_卖持仓排名	

合约代码：jd2109		Date：2020-11-18	

			期货公司会员	

名次		会员简称	成交量		增减		
1		宏源期货	1,522		-310		
2		福能期货	1,500		1,488		
3		中辉期货	1,486		1,329		
4		申银万国	1,141		772		
5		华安期货	1,111		390		
6		方正中期	1,074		302		
7		徽商期货	1,007		728		
8		华闻期货	991		761		
9		永安期货	978		744		
10		安粮期货	712		502		
11		东证期货	530		295		
12		海证期货	519		426		
13		光大期货	480		311		
14		先锋期货	459		276		
15		中信建投	457		319		
16		招金期货	454		277		
17		东吴期货	451		398		
18		长江期货	421		253		
19		银河期货	391		349		
20		中信期货	372		187		
总计				16,056		9,797		

名次		会员简称	持买单量	增减		
1		海通期货	2,714		85		
2		鲁证期货	1,814		2		
3		宏源期货	1,719		-103		
4		徽商期货	1,581		48		
5		中信建投	1,311		68		
6		中州期货	1,223		198		
7		海证期货	1,171		89		
8		华安期货	966		199		
9		永安期货	809		46		
10		华闻期货	778		-159		
11		中辉期货	765		-280		
12		光大期货	749		159		
13		银河期货	726		40		
14		中投期货	710		-7		
15		华泰期货	688		3		
16		中粮期货	630		75		
17		长江期货	608		314		
18		方正中期	580		-12		
19		中信期货	514		-17		
20		南华期货	485		6		
总计				20,541		754		

名次		会员简称	持卖单量	增减		
1		方正中期	4,774		542		
2		宏源期货	3,457		399		
3		申银万国	2,473		-147		
4		国泰君安	2,032		132		
5		光大期货	1,298		113		
6		先锋期货	1,194		243		
7		招金期货	1,136		-161		
8		永安期货	914		154		
9		弘业期货	845		33		
10		长江期货	800		-17		
11		中粮期货	696		-30		
12		大地期货	627		29		
13		一德期货	620		-46		
14		盛达期货	598		100		
15		徽商期货	578		109		
16		中辉期货	557		48		
17		建信期货	501		55		
18		中信建投	486		313		
19		安粮期货	476		27		
20		华安期货	472		206		
总计				24,534		2,102		



会员类别	总成交量	增减		
期货公司会员	16,056		9,797		

会员类别	总持买单量	增减		
期货公司会员	20,541		754		

会员类别	总持卖单量	增减		
期货公司会员	24,534		2,102		

