								大连商品交易所 成交量_买持仓_卖持仓排名	

合约代码：jm2101		Date：2020-11-18	

			期货公司会员	

名次		会员简称	成交量		增减		
1		东证期货	19,403		-5,378		
2		中信期货	7,807		-2,614		
3		光大期货	6,960		-448		
4		国富期货	5,577		-3,916		
5		申银万国	5,107		-1,573		
6		国泰君安	3,848		-3,091		
7		迈科期货	2,958		-1,801		
8		华泰期货	2,952		-2,161		
9		永安期货	2,706		-349		
10		海通期货	2,203		-1,493		
11		中信建投	2,201		-95		
12		中辉期货	1,981		245		
13		方正中期	1,971		-954		
14		银河期货	1,790		-1,248		
15		安粮期货	1,634		-776		
16		徽商期货	1,526		-574		
17		英大期货	1,457		551		
18		瑞达期货	1,330		387		
19		中粮期货	1,236		-243		
20		宏源期货	1,094		-624		
总计				75,741		-26,155		

名次		会员简称	持买单量	增减		
1		中信期货	13,999		-462		
2		永安期货	5,064		1,191		
3		华泰期货	4,996		111		
4		国投安信	3,248		-167		
5		鲁证期货	2,813		-204		
6		银河期货	2,735		-63		
7		国泰君安	2,605		-119		
8		海通期货	2,567		700		
9		东证期货	2,516		-7,427		
10		先锋期货	2,375		21		
11		兴证期货	2,059		169		
12		光大期货	1,925		-1,857		
13		申银万国	1,587		-1,785		
14		迈科期货	1,366		221		
15		中信建投	1,306		-1		
16		广发期货	1,306		-55		
17		国富期货	1,136		-1,503		
18		瑞达期货	1,135		81		
19		建信期货	1,127		-25		
20		招商期货	1,074		117		
总计				56,939		-11,057		

名次		会员简称	持卖单量	增减		
1		申银万国	6,863		-2,230		
2		中信期货	6,293		-69		
3		东证期货	6,110		-5,828		
4		一德期货	6,083		104		
5		永安期货	5,217		-73		
6		平安期货	5,166		-35		
7		中信建投	3,194		-162		
8		华泰期货	2,998		311		
9		冠通期货	2,221		18		
10		浙商期货	2,214		5		
11		银河期货	2,116		-73		
12		国富期货	1,876		-1,558		
13		国联期货	1,858		-415		
14		北京首创	1,807		-20		
15		长江期货	1,742		3		
16		国贸期货	1,593		345		
17		海通期货	1,292		-223		
18		中粮期货	1,108		95		
19		招金期货	1,088		45		
20		兴证期货	1,084		-17		
总计				61,923		-9,777		



会员类别	总成交量	增减		
期货公司会员	75,741		-26,155		

会员类别	总持买单量	增减		
期货公司会员	56,939		-11,057		

会员类别	总持卖单量	增减		
期货公司会员	61,923		-9,777		

