								大连商品交易所 成交量_买持仓_卖持仓排名	

合约代码：p2101		Date：2020-11-18	

			期货公司会员	

名次		会员简称	成交量		增减		
1		东证期货	339,115		-37,940		
2		华西期货	132,921		-13,952		
3		光大期货	128,615		-47,167		
4		国富期货	115,765		11,578		
5		中信期货	82,136		-28,754		
6		国泰君安	76,619		-13,475		
7		海通期货	53,851		2,623		
8		银河期货	33,341		-5,136		
9		新湖期货	29,362		-1,044		
10		徽商期货	29,069		-11,668		
11		永安期货	29,067		-4,407		
12		华泰期货	28,945		-22,841		
13		华安期货	28,671		-4,906		
14		国元期货	22,141		-6,462		
15		东方财富	21,965		-7,045		
16		方正中期	21,125		-2,927		
17		国投安信	20,657		-3,487		
18		东吴期货	18,844		-4,203		
19		中辉期货	17,643		-5,964		
20		申银万国	16,660		-24,311		
总计				1,246,512	-231,488	

名次		会员简称	持买单量	增减		
1		银河期货	28,160		-3,126		
2		永安期货	20,887		-7,829		
3		中信期货	15,756		-1,764		
4		海通期货	14,035		-3,361		
5		国泰君安	12,352		-1,413		
6		中粮期货	12,047		-59		
7		国投安信	11,382		364		
8		东证期货	10,632		-3,508		
9		五矿经易	10,531		-258		
10		方正中期	9,499		-703		
11		华泰期货	9,124		-2,110		
12		一德期货	8,485		187		
13		广发期货	7,905		-203		
14		浙商期货	6,277		-8		
15		兴证期货	6,167		-1,022		
16		大地期货	5,517		-103		
17		招商期货	5,324		477		
18		东航期货	5,288		-284		
19		金瑞期货	5,174		33		
20		宏源期货	5,056		-295		
总计				209,598		-24,985		

名次		会员简称	持卖单量	增减		
1		中粮期货	33,639		-589		
2		国投安信	29,095		-1,281		
3		国富期货	16,488		-5,511		
4		中信期货	16,015		-1,354		
5		银河期货	13,786		-2,761		
6		国贸期货	13,775		-807		
7		东证期货	13,651		-483		
8		海通期货	9,510		586		
9		国泰君安	9,019		-1,148		
10		弘业期货	8,991		-1,095		
11		东方财富	8,753		-1,506		
12		中天期货	7,599		-158		
13		华泰期货	7,217		-241		
14		华融融达	7,123		-715		
15		永安期货	6,745		-3,838		
16		一德期货	6,556		515		
17		徽商期货	6,043		-747		
18		申银万国	5,444		-377		
19		安粮期货	5,247		39		
20		方正中期	5,082		-680		
总计				229,778		-22,151		



会员类别	总成交量	增减		
期货公司会员	1,246,512	-231,488	

会员类别	总持买单量	增减		
期货公司会员	209,598		-24,985		

会员类别	总持卖单量	增减		
期货公司会员	229,778		-22,151		

