								大连商品交易所 成交量_买持仓_卖持仓排名	

合约代码：jd2102		Date：2020-11-18	

			期货公司会员	

名次		会员简称	成交量		增减		
1		东证期货	4,138		2,520		
2		徽商期货	1,873		959		
3		光大期货	1,815		259		
4		国泰君安	1,537		801		
5		海通期货	1,252		929		
6		福能期货	1,212		1,050		
7		华安期货	996		310		
8		先锋期货	791		246		
9		海证期货	786		771		
10		东方财富	762		410		
11		方正中期	687		431		
12		宏源期货	579		249		
13		中辉期货	562		296		
14		平安期货	519		444		
15		中信期货	495		324		
16		鲁证期货	478		358		
17		天风期货	459		169		
18		格林大华	459		-76		
19		中财期货	438		186		
20		东吴期货	340		155		
总计				20,178		10,791		

名次		会员简称	持买单量	增减		
1		徽商期货	1,872		126		
2		银河期货	1,569		23		
3		宏源期货	1,537		-36		
4		汇鑫期货	1,434		-7		
5		东吴期货	1,428		-122		
6		国泰君安	1,392		-221		
7		东方财富	1,258		-2		
8		美尔雅期货	1,221		-2		
9		中辉期货	1,154		28		
10		中信建投	1,109		28		
11		中国国际	934		43		
12		永安期货	928		21		
13		光大期货	878		-147		
14		福能期货	878		-31		
15		中信期货	859		43		
16		方正中期	787		-89		
17		广发期货	691		-34		
18		华泰期货	686		18		
19		东证期货	671		8		
20		中银期货	664		2		
总计				21,950		-351		

名次		会员简称	持卖单量	增减		
1		宏源期货	4,234		63		
2		先锋期货	4,019		372		
3		光大期货	2,983		-70		
4		永安期货	2,242		-115		
5		徽商期货	2,162		-89		
6		华安期货	1,731		43		
7		国泰君安	1,583		294		
8		海航期货	1,279		33		
9		东海期货	1,193		27		
10		安粮期货	940		104		
11		盛达期货	897		148		
12		中信建投	786		-29		
13		上海大陆	694		-1		
14		广发期货	681		1		
15		北京首创	660		13		
16		中粮期货	651		40		
17		方正中期	642		-34		
18		申银万国	547		12		
19		鲁证期货	540		-273		
20		招金期货	522		-24		
总计				28,986		515		



会员类别	总成交量	增减		
期货公司会员	20,178		10,791		

会员类别	总持买单量	增减		
期货公司会员	21,950		-351		

会员类别	总持卖单量	增减		
期货公司会员	28,986		515		

