								大连商品交易所 成交量_买持仓_卖持仓排名	

合约代码：a2101		Date：2020-11-18	

			期货公司会员	

名次		会员简称	成交量		增减		
1		华泰期货	72,242		4,243		
2		国富期货	25,608		3,740		
3		光大期货	22,214		9,408		
4		中信期货	20,251		2,605		
5		申银万国	19,478		794		
6		国泰君安	14,844		-506		
7		海通期货	14,555		3,427		
8		东证期货	14,523		3,894		
9		兴证期货	9,983		4,039		
10		方正中期	9,440		2,280		
11		国投安信	9,319		3,839		
12		徽商期货	8,491		-483		
13		东方财富	7,715		203		
14		南华期货	7,130		438		
15		银河期货	6,949		962		
16		安粮期货	6,280		999		
17		美尔雅期货	6,216		-373		
18		华安期货	5,987		-817		
19		招金期货	5,219		-347		
20		东吴期货	4,885		326		
总计				291,329		38,671		

名次		会员简称	持买单量	增减		
1		中信期货	7,984		-1,210		
2		国投安信	6,697		-1,399		
3		冠通期货	6,087		495		
4		国泰君安	4,789		-1,062		
5		华泰期货	4,600		-1,639		
6		招金期货	3,967		204		
7		兴证期货	3,263		-1,368		
8		中粮期货	3,237		19		
9		东证期货	3,123		-1,722		
10		南华期货	2,939		-427		
11		永安期货	2,855		-68		
12		申银万国	2,516		-1,210		
13		宏源期货	2,472		-90		
14		银河期货	2,256		100		
15		光大期货	2,224		-1,678		
16		中信建投	2,043		154		
17		深圳金汇	1,909		1,899		
18		方正中期	1,766		-840		
19		中州期货	1,651		13		
20		海通期货	1,611		-378		
总计				67,989		-10,207		

名次		会员简称	持卖单量	增减		
1		一德期货	8,938		-259		
2		永安期货	7,712		-233		
3		国投安信	5,630		-250		
4		中信期货	3,886		-679		
5		东方财富	3,533		-673		
6		光大期货	3,099		-3,558		
7		银河期货	3,033		111		
8		国泰君安	2,984		-214		
9		宏源期货	2,875		41		
10		方正中期	2,781		462		
11		南华期货	2,612		-491		
12		国联期货	2,610		143		
13		中粮期货	2,393		-519		
14		东海期货	2,356		22		
15		徽商期货	2,309		-255		
16		东证期货	2,295		-345		
17		北京首创	2,293		-61		
18		申银万国	1,976		400		
19		国盛期货	1,884		-17		
20		华安期货	1,880		-407		
总计				67,079		-6,782		



会员类别	总成交量	增减		
期货公司会员	291,329		38,671		

会员类别	总持买单量	增减		
期货公司会员	67,989		-10,207		

会员类别	总持卖单量	增减		
期货公司会员	67,079		-6,782		

