								大连商品交易所 成交量_买持仓_卖持仓排名	

合约代码：c2107		Date：2020-11-18	

			期货公司会员	

名次		会员简称	成交量		增减		
1		华泰期货	22,128		-15,637		
2		国泰君安	10,334		-23,136		
3		国富期货	9,299		2,994		
4		东证期货	8,932		1,301		
5		弘业期货	7,752		2,164		
6		光大期货	6,087		-1,213		
7		鲁证期货	5,012		-282		
8		新湖期货	4,692		-1,218		
9		海通期货	4,632		-583		
10		浙商期货	4,366		-2,682		
11		冠通期货	4,276		3,110		
12		中信期货	4,054		-400		
13		中信建投	3,806		715		
14		五矿经易	3,343		-2,644		
15		宏源期货	2,576		-618		
16		中辉期货	2,563		-2,425		
17		国海良时	1,973		-703		
18		徽商期货	1,972		-5		
19		兴业期货	1,890		-2,230		
20		宝城期货	1,880		-752		
总计				111,567		-44,244		

名次		会员简称	持买单量	增减		
1		鲁证期货	28,418		-1		
2		一德期货	12,871		400		
3		中信建投	10,999		45		
4		国泰君安	10,061		219		
5		中州期货	9,440		0		
6		国富期货	6,427		5,644		
7		永安期货	3,643		-116		
8		中辉期货	3,424		-34		
9		中信期货	2,880		-92		
10		混沌天成	1,900		200		
11		东证期货	1,718		15		
12		华泰期货	1,567		-78		
13		国信期货	1,474		387		
14		中大期货	1,444		-24		
15		海通期货	1,440		25		
16		海证期货	1,238		53		
17		申银万国	1,220		-120		
18		东吴期货	1,089		2		
19		先锋期货	1,054		0		
20		浙商期货	1,030		22		
总计				103,337		6,547		

名次		会员简称	持卖单量	增减		
1		光大期货	12,737		-24		
2		中信期货	11,860		0		
3		东证期货	9,072		-47		
4		金瑞期货	8,812		248		
5		东吴期货	6,732		10		
6		国投安信	6,305		2		
7		鲁证期货	5,752		2,567		
8		徽商期货	4,887		143		
9		海证期货	3,659		37		
10		国泰君安	3,377		5		
11		永安期货	2,774		-43		
12		华安期货	2,575		85		
13		东海期货	2,551		0		
14		兴证期货	2,139		698		
15		海通期货	1,951		35		
16		长江期货	1,915		-14		
17		中辉期货	1,904		-47		
18		金元期货	1,621		0		
19		北京首创	1,517		137		
20		中大期货	1,470		-29		
总计				93,610		3,763		



会员类别	总成交量	增减		
期货公司会员	111,567		-44,244		

会员类别	总持买单量	增减		
期货公司会员	103,337		6,547		

会员类别	总持卖单量	增减		
期货公司会员	93,610		3,763		

