								大连商品交易所 成交量_买持仓_卖持仓排名	

合约代码：m2107		Date：2020-11-18	

			期货公司会员	

名次		会员简称	成交量		增减		
1		东证期货	36,652		957		
2		国泰君安	35,710		-633		
3		国富期货	15,495		-2,286		
4		中信建投	15,331		2,325		
5		海通期货	9,698		2,307		
6		中辉期货	9,167		-1,952		
7		光大期货	8,161		-1,186		
8		浙商期货	7,116		-766		
9		新湖期货	6,139		-467		
10		兴业期货	6,132		2,398		
11		南华期货	4,932		3,482		
12		中天期货	4,543		-3,339		
13		鲁证期货	3,497		-482		
14		申银万国	3,496		-2,124		
15		五矿经易	3,062		-817		
16		弘业期货	3,024		-2,393		
17		国海良时	2,926		-1,831		
18		徽商期货	2,378		-224		
19		宏源期货	2,081		0		
20		华安期货	1,486		-1,775		
总计				181,026		-8,806		

名次		会员简称	持买单量	增减		
1		国泰君安	9,481		-216		
2		申银万国	8,743		42		
3		海通期货	4,864		301		
4		招商期货	2,965		-37		
5		国投安信	2,393		9		
6		南华期货	1,829		6		
7		鲁证期货	1,196		-78		
8		国海良时	1,182		265		
9		五矿经易	1,101		2		
10		国富期货	1,081		269		
11		东吴期货	1,076		63		
12		新湖期货	933		-217		
13		中信期货	890		107		
14		浙商期货	877		-2		
15		创元期货	785		46		
16		中粮期货	703		-21		
17		宝城期货	666		-16		
18		东证期货	651		-118		
19		冠通期货	418		-8		
20		徽商期货	418		58		
总计				42,252		455		

名次		会员简称	持卖单量	增减		
1		国泰君安	9,657		0		
2		申银万国	8,325		30		
3		安粮期货	7,283		-1,162		
4		海通期货	5,039		621		
5		招商期货	3,001		5		
6		摩根大通	2,657		0		
7		国投安信	2,322		4		
8		南华期货	1,827		22		
9		鲁证期货	1,187		-1		
10		五矿经易	1,083		0		
11		东吴期货	1,020		20		
12		国富期货	1,001		270		
13		浙商期货	800		-42		
14		国海良时	592		-7		
15		创元期货	590		-10		
16		平安期货	506		-25		
17		冠通期货	391		-8		
18		中大期货	300		0		
19		新湖期货	251		-6		
20		东证期货	128		18		
总计				47,960		-271		



会员类别	总成交量	增减		
期货公司会员	181,026		-8,806		

会员类别	总持买单量	增减		
期货公司会员	42,252		455		

会员类别	总持卖单量	增减		
期货公司会员	47,960		-271		

