								大连商品交易所 成交量_买持仓_卖持仓排名	

合约代码：l2105		Date：2020-11-18	

			期货公司会员	

名次		会员简称	成交量		增减		
1		东证期货	7,888		5,884		
2		永安期货	4,979		3,498		
3		中信期货	4,491		1,602		
4		华融融达	2,408		1,547		
5		宝城期货	2,393		2,330		
6		国投安信	2,311		1,516		
7		国泰君安	2,246		631		
8		冠通期货	2,005		1,276		
9		光大期货	1,938		945		
10		美尔雅期货	1,585		637		
11		宏源期货	1,528		653		
12		申银万国	1,390		857		
13		国信期货	1,318		1,192		
14		南华期货	1,286		797		
15		方正中期	1,279		383		
16		中银期货	1,262		942		
17		信达期货	1,175		281		
18		华泰期货	1,164		241		
19		华闻期货	1,078		389		
20		中粮期货	1,043		878		
总计				44,767		26,479		

名次		会员简称	持买单量	增减		
1		信达期货	9,218		936		
2		东证期货	4,066		841		
3		华泰期货	3,601		239		
4		浙商期货	3,418		-23		
5		永安期货	2,830		194		
6		南华期货	2,758		507		
7		中信期货	2,601		116		
8		国泰君安	2,333		634		
9		中粮期货	2,116		96		
10		国投安信	1,879		760		
11		华金期货	1,800		-140		
12		大地期货	1,671		8		
13		中辉期货	1,412		24		
14		浙江新世纪	1,316		-21		
15		一德期货	1,109		-258		
16		方正中期	1,072		-31		
17		中信建投	976		286		
18		华安期货	890		-34		
19		中国国际	815		96		
20		东海期货	809		-1		
总计				46,690		4,229		

名次		会员简称	持卖单量	增减		
1		银河期货	11,644		97		
2		建信期货	5,648		417		
3		永安期货	5,282		2,627		
4		中信期货	4,900		427		
5		宝城期货	4,265		2,304		
6		国海良时	3,892		-9		
7		国信期货	3,304		-958		
8		华泰期货	2,500		-165		
9		一德期货	2,171		-1		
10		中财期货	2,066		0		
11		东吴期货	1,554		-33		
12		平安期货	1,458		70		
13		光大期货	1,448		6		
14		五矿经易	1,244		250		
15		恒泰期货	1,038		880		
16		方正中期	878		-392		
17		信达期货	789		25		
18		弘业期货	764		280		
19		国投安信	657		93		
20		东海期货	630		-300		
总计				56,132		5,618		



会员类别	总成交量	增减		
期货公司会员	44,767		26,479		

会员类别	总持买单量	增减		
期货公司会员	46,690		4,229		

会员类别	总持卖单量	增减		
期货公司会员	56,132		5,618		

