								大连商品交易所 成交量_买持仓_卖持仓排名	

合约代码：m2108		Date：2020-11-18	

			期货公司会员	

名次		会员简称	成交量		增减		
1		华闻期货	4,349		1,423		
2		申银万国	4,124		-1,403		
3		海通期货	3,595		-99		
4		国泰君安	2,220		-1,345		
5		国富期货	1,806		178		
6		南华期货	1,651		-30		
7		鲁证期货	1,524		-272		
8		中信期货	1,270		-860		
9		弘业期货	1,245		-1,050		
10		招商期货	1,110		290		
11		五矿经易	1,101		-543		
12		方正中期	987		-231		
13		中天期货	847		-536		
14		国投安信	651		18		
15		国海良时	611		-418		
16		浙商期货	584		-59		
17		银河期货	494		293		
18		宏源期货	327		31		
19		华鑫期货	278		82		
20		新湖期货	242		6		
总计				29,016		-4,525		

名次		会员简称	持买单量	增减		
1		申银万国	2,118		6		
2		海通期货	1,696		410		
3		招商期货	1,590		3		
4		国投安信	1,515		-16		
5		弘业期货	888		-108		
6		五矿经易	819		1		
7		鲁证期货	626		0		
8		浙商期货	567		-3		
9		国富期货	514		204		
10		国海良时	501		12		
11		国泰君安	323		-168		
12		南华期货	323		13		
13		华鑫期货	170		-1		
14		一德期货	165		-155		
15		中信期货	106		20		
16		方正中期	103		1		
17		东吴期货	100		0		
18		宏源期货	86		32		
19		新湖期货	63		2		
20		建信期货	60		0		
总计				12,333		253		

名次		会员简称	持卖单量	增减		
1		申银万国	2,107		6		
2		招商期货	1,586		53		
3		海通期货	1,564		247		
4		国投安信	1,501		-19		
5		摩根大通	1,463		0		
6		五矿经易	795		0		
7		鲁证期货	626		-46		
8		国海良时	525		17		
9		浙商期货	516		3		
10		国富期货	514		204		
11		南华期货	310		0		
12		华鑫期货	280		-55		
13		国泰君安	217		-30		
14		广州金控	135		0		
15		银河期货	96		87		
16		东证期货	66		0		
17		新湖期货	58		-14		
18		上海中期	54		-83		
19		北京首创	43		5		
20		盛达期货	42		0		
总计				12,498		375		



会员类别	总成交量	增减		
期货公司会员	29,016		-4,525		

会员类别	总持买单量	增减		
期货公司会员	12,333		253		

会员类别	总持卖单量	增减		
期货公司会员	12,498		375		

