								大连商品交易所 成交量_买持仓_卖持仓排名	

合约代码：p2105		Date：2020-11-18	

			期货公司会员	

名次		会员简称	成交量		增减		
1		东证期货	43,289		5,170		
2		兴证期货	21,167		10,806		
3		光大期货	20,296		520		
4		国泰君安	14,443		10,676		
5		中信期货	8,992		-1,670		
6		国元期货	8,857		-229		
7		浙商期货	6,624		-3,447		
8		宏源期货	5,967		-3,647		
9		永安期货	5,456		2,460		
10		国富期货	4,313		-2,405		
11		海通期货	3,840		-835		
12		华安期货	3,631		700		
13		银河期货	3,310		-270		
14		摩根大通	3,060		960		
15		华创期货	2,881		-5,802		
16		中粮期货	2,799		-678		
17		徽商期货	2,737		-2,504		
18		一德期货	2,671		-500		
19		华泰期货	2,488		-2,235		
20		广发期货	2,464		-75		
总计				169,285		6,995		

名次		会员简称	持买单量	增减		
1		永安期货	14,540		768		
2		浙商期货	10,479		536		
3		国泰君安	10,244		-28		
4		天风期货	9,606		-720		
5		国投安信	9,564		463		
6		中信期货	9,508		1,028		
7		大地期货	8,946		24		
8		大越期货	6,800		-173		
9		国盛期货	6,424		-24		
10		华泰期货	6,396		187		
11		东证期货	6,212		226		
12		北京首创	6,069		121		
13		中粮期货	4,784		6		
14		银河期货	3,667		757		
15		兴证期货	3,379		1,741		
16		五矿经易	3,338		215		
17		光大期货	3,334		-751		
18		一德期货	3,169		218		
19		国富期货	2,974		-2,943		
20		广发期货	2,946		130		
总计				132,379		1,781		

名次		会员简称	持卖单量	增减		
1		一德期货	21,248		255		
2		中粮期货	16,658		1,727		
3		银河期货	15,948		89		
4		永安期货	9,857		1,386		
5		中信期货	9,414		1,184		
6		国投安信	8,812		303		
7		中融汇信	7,576		68		
8		上海中期	6,922		1,077		
9		国贸期货	6,661		-28		
10		摩根大通	6,335		1,760		
11		东证期货	6,206		39		
12		华融融达	5,736		470		
13		弘业期货	5,332		-69		
14		海通期货	4,602		-4		
15		广发期货	4,429		-18		
16		英大期货	2,754		-32		
17		华泰期货	2,703		-311		
18		五矿经易	2,504		-658		
19		海证期货	2,196		-942		
20		申银万国	2,185		587		
总计				148,078		6,883		



会员类别	总成交量	增减		
期货公司会员	169,285		6,995		

会员类别	总持买单量	增减		
期货公司会员	132,379		1,781		

会员类别	总持卖单量	增减		
期货公司会员	148,078		6,883		

