								大连商品交易所 成交量_买持仓_卖持仓排名	

合约代码：eb2101		Date：2020-08-31	

			期货公司会员	

名次		会员简称	成交量		增减		
1		东证期货	19,911		-6,648		
2		国泰君安	5,394		-3,948		
3		中信期货	5,106		-6,403		
4		永安期货	4,371		-1,593		
5		华泰期货	4,032		-2,119		
6		海通期货	3,997		-1,871		
7		徽商期货	3,268		-890		
8		国富期货	3,247		-1,156		
9		国投安信	2,662		41		
10		兴证期货	2,551		807		
11		方正中期	2,440		-808		
12		中信建投	2,284		-1,941		
13		宏源期货	2,183		-173		
14		中辉期货	1,964		451		
15		大地期货	1,813		-879		
16		银河期货	1,701		-96		
17		南华期货	1,675		-968		
18		华安期货	1,663		-919		
19		新湖期货	1,587		1,049		
20		信达期货	1,571		48		
总计				73,420		-28,016		

名次		会员简称	持买单量	增减		
1		永安期货	11,666		-1,076		
2		信达期货	11,663		119		
3		徽商期货	5,466		227		
4		中州期货	5,051		-29		
5		中信建投	3,699		556		
6		中信期货	3,075		327		
7		福能期货	3,060		-271		
8		兴证期货	2,681		83		
9		浙商期货	2,281		98		
10		银河期货	2,059		143		
11		华泰期货	1,980		301		
12		国投安信	1,749		-159		
13		国泰君安	1,704		230		
14		宝城期货	1,704		-77		
15		南华期货	1,700		-16		
16		方正中期	1,589		28		
17		大地期货	1,527		224		
18		华融融达	1,487		7		
19		东证期货	1,403		20		
20		广发期货	1,393		58		
总计				66,937		793		

名次		会员简称	持卖单量	增减		
1		中信期货	7,839		-637		
2		永安期货	7,412		-161		
3		银河期货	6,156		386		
4		华泰期货	4,824		213		
5		东证期货	4,386		205		
6		国投安信	4,223		531		
7		华融融达	3,087		323		
8		国泰君安	3,013		96		
9		国贸期货	2,989		399		
10		新湖期货	2,472		942		
11		国海良时	2,394		406		
12		南华期货	2,171		411		
13		浙商期货	2,123		423		
14		中财期货	2,024		35		
15		鲁证期货	1,957		-127		
16		中银期货	1,811		-8		
17		信达期货	1,742		514		
18		国信期货	1,645		8		
19		兴证期货	1,527		28		
20		广州期货	1,460		53		
总计				65,255		4,040		



会员类别	总成交量	增减		
期货公司会员	73,420		-28,016		

会员类别	总持买单量	增减		
期货公司会员	66,937		793		

会员类别	总持卖单量	增减		
期货公司会员	65,255		4,040		

