								大连商品交易所 成交量_买持仓_卖持仓排名	

合约代码：m2011		Date：2020-08-31	

			期货公司会员	

名次		会员简称	成交量		增减		
1		东证期货	20,932		12,124		
2		光大期货	16,749		-2,519		
3		华闻期货	9,934		-851		
4		国泰君安	8,664		-208		
5		国富期货	7,694		-6,541		
6		海通期货	6,219		1,016		
7		鲁证期货	3,475		1,272		
8		中信期货	3,424		1,570		
9		浙商期货	3,172		1,388		
10		申银万国	2,984		-255		
11		招商期货	2,887		748		
12		国投安信	2,526		450		
13		中粮期货	2,316		-1,146		
14		安粮期货	2,285		858		
15		新湖期货	2,106		499		
16		华泰期货	2,100		1,229		
17		南华期货	1,916		-1,028		
18		五矿经易	1,867		627		
19		国海良时	1,856		795		
20		冠通期货	1,749		942		
总计				104,855		10,970		

名次		会员简称	持买单量	增减		
1		安粮期货	10,891		354		
2		国投安信	7,095		31		
3		海通期货	4,708		-118		
4		鲁证期货	3,983		21		
5		银河期货	3,449		151		
6		五矿经易	3,077		88		
7		南华期货	3,051		-20		
8		国泰君安	2,960		-34		
9		北京首创	2,796		-34		
10		国元期货	2,775		367		
11		中粮期货	2,730		-631		
12		格林大华	2,432		243		
13		浙商期货	2,338		103		
14		弘业期货	1,847		-9		
15		中信期货	1,596		-794		
16		新湖期货	1,539		-17		
17		摩根大通	1,472		300		
18		中信建投	1,234		4		
19		招商期货	1,224		152		
20		国贸期货	924		11		
总计				62,121		168		

名次		会员简称	持卖单量	增减		
1		南华期货	8,064		2		
2		国泰君安	6,939		-38		
3		国投安信	6,913		125		
4		中粮期货	6,585		-39		
5		海通期货	4,550		27		
6		倍特期货	4,013		-8		
7		一德期货	3,947		343		
8		鲁证期货	3,657		-8		
9		格林大华	3,226		-87		
10		中信期货	2,872		956		
11		兴证期货	2,851		10		
12		五矿经易	2,702		79		
13		国富期货	2,700		-67		
14		华安期货	2,674		364		
15		东兴期货	1,851		201		
16		弘业期货	1,810		20		
17		北京首创	1,612		116		
18		海证期货	1,540		116		
19		浙商期货	1,063		27		
20		申银万国	1,043		-28		
总计				70,612		2,111		



会员类别	总成交量	增减		
期货公司会员	104,855		10,970		

会员类别	总持买单量	增减		
期货公司会员	62,121		168		

会员类别	总持卖单量	增减		
期货公司会员	70,612		2,111		

