								大连商品交易所 成交量_买持仓_卖持仓排名	

合约代码：i2101		Date：2020-08-31	

			期货公司会员	

名次		会员简称	成交量		增减		
1		国富期货	118,300		-31,857		
2		国泰君安	107,432		-6,860		
3		中信期货	63,933		-10,594		
4		银河期货	61,228		15,986		
5		方正中期	59,776		8,732		
6		申银万国	57,556		-3,920		
7		东证期货	56,133		6,258		
8		永安期货	50,842		-1,944		
9		光大期货	49,210		3,001		
10		海通期货	43,085		4,748		
11		徽商期货	34,598		-8,097		
12		华泰期货	34,082		6,015		
13		华闻期货	33,146		2,536		
14		中辉期货	31,748		-3,405		
15		南华期货	25,366		1,426		
16		华安期货	24,591		307		
17		一德期货	22,288		8,346		
18		美尔雅期货	21,771		10,843		
19		上海东亚	20,580		2,576		
20		招金期货	19,074		-3,597		
总计				934,739		500		

名次		会员简称	持买单量	增减		
1		摩根大通	49,097		730		
2		永安期货	46,793		4,052		
3		中信期货	44,505		-2,925		
4		申银万国	43,232		4,064		
5		五矿经易	40,538		-705		
6		银河期货	28,592		3,340		
7		东海期货	23,188		285		
8		国泰君安	22,347		4,872		
9		鲁证期货	20,721		141		
10		东证期货	17,794		-1,821		
11		海通期货	16,329		4,987		
12		华泰期货	14,335		-38		
13		浙商期货	12,623		828		
14		兴证期货	12,197		258		
15		安粮期货	10,979		-7,435		
16		徽商期货	10,485		-879		
17		方正中期	10,347		-512		
18		中信建投	9,441		515		
19		海证期货	8,733		-195		
20		广发期货	8,534		62		
总计				450,810		9,624		

名次		会员简称	持卖单量	增减		
1		浙商期货	52,802		-951		
2		永安期货	36,576		1,062		
3		一德期货	34,674		3,049		
4		中信期货	32,650		2,148		
5		鲁证期货	21,154		-3,207		
6		华泰期货	19,829		-5,252		
7		广发期货	19,094		-100		
8		大地期货	18,990		86		
9		方正中期	18,327		2,144		
10		东证期货	17,289		984		
11		道通期货	15,894		-2,476		
12		东兴期货	15,689		22		
13		中辉期货	15,362		970		
14		徽商期货	14,322		-227		
15		天风期货	14,002		-454		
16		国泰君安	13,670		-184		
17		银河期货	13,524		212		
18		国投安信	13,295		-1,265		
19		中信建投	12,735		949		
20		国贸期货	12,693		1,226		
总计				412,571		-1,264		



会员类别	总成交量	增减		
期货公司会员	934,739		500		

会员类别	总持买单量	增减		
期货公司会员	450,810		9,624		

会员类别	总持卖单量	增减		
期货公司会员	412,571		-1,264		

