								大连商品交易所 成交量_买持仓_卖持仓排名	

合约代码：i2105		Date：2020-08-31	

			期货公司会员	

名次		会员简称	成交量		增减		
1		东证期货	12,044		3,516		
2		光大期货	8,306		3,954		
3		南华期货	3,830		-253		
4		中信期货	3,549		1,256		
5		华泰期货	2,566		1,626		
6		永安期货	1,929		313		
7		国泰君安	1,764		35		
8		渤海期货	1,642		-1,772		
9		华安期货	1,562		932		
10		徽商期货	1,309		-615		
11		广发期货	1,156		-25		
12		长江期货	1,123		49		
13		中辉期货	929		144		
14		浙商期货	878		-1,750		
15		银河期货	835		-882		
16		瑞达期货	798		741		
17		鲁证期货	776		197		
18		方正中期	727		-237		
19		大地期货	713		-422		
20		东吴期货	687		-761		
总计				47,123		6,046		

名次		会员简称	持买单量	增减		
1		国联期货	6,359		32		
2		中国国际	5,725		5		
3		海证期货	4,154		-79		
4		冠通期货	3,390		296		
5		中粮期货	3,091		11		
6		华泰期货	2,894		-307		
7		永安期货	2,771		-321		
8		银河期货	2,288		108		
9		徽商期货	2,215		256		
10		渤海期货	1,970		524		
11		广发期货	1,790		159		
12		中信期货	1,395		-187		
13		东航期货	1,391		23		
14		中辉期货	1,270		14		
15		国泰君安	1,042		-38		
16		宝城期货	966		89		
17		中州期货	713		6		
18		招商期货	671		-104		
19		上海中期	652		204		
20		东证期货	646		161		
总计				45,393		852		

名次		会员简称	持卖单量	增减		
1		五矿经易	6,698		89		
2		中信期货	3,362		-192		
3		永安期货	3,221		146		
4		一德期货	3,184		467		
5		浙商期货	2,484		195		
6		混沌天成	2,417		-8		
7		鲁证期货	2,246		121		
8		徽商期货	2,134		265		
9		广发期货	1,928		215		
10		北京首创	1,787		12		
11		冠通期货	1,699		2		
12		中信建投	1,543		19		
13		国富期货	1,390		-66		
14		大地期货	1,317		551		
15		东航期货	1,170		1		
16		国贸期货	1,159		38		
17		银河期货	1,136		3		
18		汇鑫期货	1,135		-7		
19		光大期货	1,120		117		
20		国泰君安	1,013		38		
总计				42,143		2,006		



会员类别	总成交量	增减		
期货公司会员	47,123		6,046		

会员类别	总持买单量	增减		
期货公司会员	45,393		852		

会员类别	总持卖单量	增减		
期货公司会员	42,143		2,006		

