								大连商品交易所 成交量_买持仓_卖持仓排名	

合约代码：j2101		Date：2020-08-31	

			期货公司会员	

名次		会员简称	成交量		增减		
1		东证期货	26,993		-4,317		
2		国富期货	18,285		-4,774		
3		中信期货	15,621		-3,618		
4		国泰君安	13,905		-5,628		
5		光大期货	13,792		-4,157		
6		海通期货	9,922		-5,056		
7		永安期货	8,456		-517		
8		申银万国	7,857		-2,703		
9		上海大陆	7,357		-1,582		
10		方正中期	6,689		-3,979		
11		新纪元期货	6,480		-5,034		
12		银河期货	6,331		-3,117		
13		兴证期货	5,349		344		
14		山西三立	5,068		-2,836		
15		先锋期货	5,044		-1,464		
16		徽商期货	4,861		-5,055		
17		河北恒银	4,611		-3,513		
18		华泰期货	4,501		-3,329		
19		中辉期货	4,374		-2,023		
20		迈科期货	3,982		-3,095		
总计				179,478		-65,453		

名次		会员简称	持买单量	增减		
1		东证期货	8,707		-241		
2		中信期货	8,521		-192		
3		永安期货	6,938		2,308		
4		国富期货	5,265		-2,636		
5		国泰君安	5,008		-742		
6		东海期货	4,368		-147		
7		银河期货	4,104		-760		
8		海通期货	3,646		-919		
9		兴证期货	3,403		1,546		
10		中辉期货	2,614		-147		
11		五矿经易	2,602		1,029		
12		方正中期	2,556		354		
13		光大期货	2,405		-3,116		
14		中信建投	2,271		-113		
15		广发期货	2,054		-590		
16		华泰期货	1,897		-564		
17		瑞达期货	1,815		219		
18		申银万国	1,767		-1,440		
19		新纪元期货	1,578		-160		
20		弘业期货	1,445		118		
总计				72,964		-6,193		

名次		会员简称	持卖单量	增减		
1		东证期货	7,969		-510		
2		中信期货	6,484		-357		
3		永安期货	5,875		362		
4		华泰期货	5,552		-933		
5		国泰君安	4,373		359		
6		国富期货	4,205		-2,701		
7		一德期货	4,164		681		
8		天风期货	3,387		38		
9		银河期货	3,337		479		
10		中辉期货	3,271		-53		
11		浙商期货	2,587		353		
12		中信建投	2,362		-244		
13		光大期货	2,236		-3,180		
14		大越期货	2,192		22		
15		方正中期	2,113		-385		
16		申银万国	2,047		-1,211		
17		国投安信	2,047		-109		
18		中财期货	1,755		218		
19		瑞达期货	1,675		63		
20		海通期货	1,611		-1,933		
总计				69,242		-9,041		



会员类别	总成交量	增减		
期货公司会员	179,478		-65,453		

会员类别	总持买单量	增减		
期货公司会员	72,964		-6,193		

会员类别	总持卖单量	增减		
期货公司会员	69,242		-9,041		

