								大连商品交易所 成交量_买持仓_卖持仓排名	

合约代码：jd2101		Date：2020-08-31	

			期货公司会员	

名次		会员简称	成交量		增减		
1		东证期货	5,539		-1,274		
2		光大期货	3,717		2,204		
3		徽商期货	2,265		49		
4		中信期货	2,131		537		
5		永安期货	1,955		712		
6		安粮期货	1,906		815		
7		宏源期货	1,747		-276		
8		招金期货	1,615		1,044		
9		银河期货	1,598		1,027		
10		华安期货	1,494		-3		
11		申银万国	1,487		261		
12		中信建投	1,352		330		
13		中辉期货	1,252		-715		
14		华泰期货	1,104		578		
15		鲁证期货	1,099		813		
16		方正中期	1,091		-94		
17		金瑞期货	1,059		51		
18		海通期货	911		520		
19		国富期货	896		32		
20		国泰君安	860		434		
总计				35,078		7,045		

名次		会员简称	持买单量	增减		
1		永安期货	4,118		-60		
2		中辉期货	2,083		-68		
3		方正中期	1,863		-109		
4		华安期货	1,655		275		
5		徽商期货	1,653		168		
6		中信期货	1,548		-146		
7		申银万国	1,543		37		
8		中信建投	1,498		-31		
9		国泰君安	1,444		-56		
10		中粮期货	1,420		156		
11		东航期货	1,404		0		
12		平安期货	1,296		263		
13		宏源期货	1,277		48		
14		银河期货	1,231		23		
15		新湖期货	1,167		319		
16		福能期货	1,075		152		
17		浙商期货	1,064		-72		
18		光大期货	1,013		374		
19		安粮期货	949		-115		
20		财信期货	896		139		
总计				30,197		1,297		

名次		会员简称	持卖单量	增减		
1		永安期货	4,617		-135		
2		福能期货	3,316		287		
3		美尔雅期货	3,035		46		
4		中信建投	2,029		269		
5		宏源期货	2,009		229		
6		英大期货	1,801		-1		
7		华泰期货	1,732		-90		
8		国泰君安	1,661		-48		
9		华安期货	1,646		99		
10		招金期货	1,558		461		
11		方正中期	1,545		154		
12		申银万国	1,544		622		
13		海通期货	1,509		-300		
14		北京首创	1,492		18		
15		东航期货	1,446		-6		
16		中信期货	1,363		-527		
17		光大期货	1,331		53		
18		中辉期货	1,283		170		
19		银河期货	1,139		117		
20		徽商期货	1,110		-27		
总计				37,166		1,391		



会员类别	总成交量	增减		
期货公司会员	35,078		7,045		

会员类别	总持买单量	增减		
期货公司会员	30,197		1,297		

会员类别	总持卖单量	增减		
期货公司会员	37,166		1,391		

