								大连商品交易所 成交量_买持仓_卖持仓排名	

合约代码：eb2101		Date：2020-08-25	

			期货公司会员	

名次		会员简称	成交量		增减		
1		东证期货	17,247		-6,181		
2		国泰君安	8,130		-1,815		
3		中信期货	7,696		-641		
4		海通期货	6,240		2,731		
5		国富期货	4,538		-392		
6		永安期货	4,412		-5,234		
7		华泰期货	4,199		-2,383		
8		中信建投	3,864		2,091		
9		方正中期	3,752		-1,443		
10		徽商期货	3,222		-987		
11		美尔雅期货	2,503		1,122		
12		南华期货	2,495		1,561		
13		一德期货	2,154		582		
14		大地期货	1,887		-932		
15		银河期货	1,757		-354		
16		东吴期货	1,712		-706		
17		中辉期货	1,697		-90		
18		华闻期货	1,670		658		
19		国投安信	1,508		-680		
20		浙商期货	1,481		-861		
总计				82,164		-13,954		

名次		会员简称	持买单量	增减		
1		信达期货	10,247		1,093		
2		徽商期货	5,015		186		
3		中州期货	4,995		-1		
4		永安期货	4,748		165		
5		福能期货	3,702		205		
6		兴证期货	2,963		255		
7		大地期货	2,924		318		
8		华融融达	2,202		4		
9		银河期货	2,109		-124		
10		南华期货	1,998		566		
11		浙商期货	1,848		169		
12		宝城期货	1,821		-37		
13		国泰君安	1,700		-486		
14		中银期货	1,632		13		
15		国投安信	1,597		41		
16		大越期货	1,471		-495		
17		招商期货	1,368		93		
18		中信期货	1,344		68		
19		五矿经易	1,326		311		
20		广发期货	1,314		131		
总计				56,324		2,475		

名次		会员简称	持卖单量	增减		
1		中信期货	8,123		4		
2		永安期货	7,665		-807		
3		银河期货	5,043		557		
4		华泰期货	3,925		267		
5		东证期货	3,448		1,523		
6		国贸期货	3,432		145		
7		红塔期货	2,959		-306		
8		鲁证期货	2,601		256		
9		宏源期货	2,440		18		
10		国投安信	2,197		229		
11		国信期货	1,912		235		
12		华融融达	1,836		-122		
13		兴证期货	1,793		577		
14		浙商期货	1,588		-172		
15		国泰君安	1,524		160		
16		中财期货	1,331		119		
17		信达期货	1,258		-44		
18		新湖期货	1,187		-44		
19		瑞达期货	1,174		101		
20		广州期货	1,165		28		
总计				56,601		2,724		



会员类别	总成交量	增减		
期货公司会员	82,164		-13,954		

会员类别	总持买单量	增减		
期货公司会员	56,324		2,475		

会员类别	总持卖单量	增减		
期货公司会员	56,601		2,724		

