								大连商品交易所 成交量_买持仓_卖持仓排名	

合约代码：c2101		Date：2020-08-25	

			期货公司会员	

名次		会员简称	成交量		增减		
1		东证期货	90,443		-39,507		
2		国泰君安	81,035		-28,020		
3		华泰期货	62,609		-21,746		
4		国富期货	55,070		-65,932		
5		广州金控	41,256		-2,445		
6		永安期货	25,777		-18,541		
7		东海期货	23,140		-25,260		
8		广发期货	22,059		895		
9		中辉期货	21,589		-2,994		
10		冠通期货	19,925		-34,289		
11		中信期货	18,872		-30,982		
12		银河期货	13,237		-21,133		
13		东方财富	13,145		-10,593		
14		浙商期货	12,260		-14,180		
15		申银万国	11,014		-11,777		
16		光大期货	10,931		-4,391		
17		徽商期货	10,251		-10,966		
18		兴证期货	9,853		-14,824		
19		国信期货	9,717		-8,052		
20		华安期货	8,232		-11,257		
总计				560,415		-375,994	

名次		会员简称	持买单量	增减		
1		永安期货	130,002		7,549		
2		中财期货	75,216		-153		
3		鲁证期货	71,697		54		
4		五矿经易	67,810		3,265		
5		中信期货	65,690		69		
6		中粮期货	43,626		1,173		
7		国投安信	42,576		849		
8		光大期货	38,842		-598		
9		一德期货	37,957		252		
10		华融融达	37,448		-1,000		
11		国富期货	29,395		9,247		
12		东证期货	29,103		4,185		
13		国泰君安	23,729		-738		
14		申银万国	21,910		1,742		
15		海证期货	20,882		-694		
16		浙商期货	20,876		-331		
17		华泰期货	17,919		2,148		
18		方正中期	17,173		299		
19		宏源期货	15,158		1,031		
20		兴证期货	14,611		386		
总计				821,620		28,735		

名次		会员简称	持卖单量	增减		
1		中粮期货	184,941		-14		
2		永安期货	93,327		1,752		
3		中信期货	72,189		1,080		
4		南华期货	71,120		140		
5		中辉期货	65,763		-1,140		
6		光大期货	55,810		759		
7		东证期货	46,437		650		
8		北京首创	40,976		128		
9		浙商期货	35,336		139		
10		国投安信	30,001		689		
11		国富期货	28,542		567		
12		中国国际	26,708		54		
13		中金期货	25,003		0		
14		鲁证期货	21,040		-1,051		
15		国泰君安	20,908		-88		
16		银河期货	20,740		1,866		
17		摩根大通	20,566		0		
18		金瑞期货	20,260		-130		
19		华泰期货	17,148		-675		
20		新湖期货	16,224		251		
总计				913,039		4,977		



会员类别	总成交量	增减		
期货公司会员	560,415		-375,994	

会员类别	总持买单量	增减		
期货公司会员	821,620		28,735		

会员类别	总持卖单量	增减		
期货公司会员	913,039		4,977		

