								大连商品交易所 成交量_买持仓_卖持仓排名	

合约代码：rr2010		Date：2020-08-25	

			期货公司会员	

名次		会员简称	成交量		增减		
1		东证期货	2,633		-2,649		
2		海通期货	1,803		-1,900		
3		美尔雅期货	1,305		-602		
4		申银万国	925		-490		
5		格林大华	882		-519		
6		鲁证期货	846		-685		
7		国泰君安	763		-180		
8		中信建投	719		-446		
9		浙商期货	552		-348		
10		五矿经易	550		-548		
11		光大期货	462		86		
12		永安期货	450		-198		
13		国海良时	432		-323		
14		方正中期	412		-449		
15		中原期货	320		-457		
16		华安期货	294		-282		
17		东方财富	236		111		
18		华闻期货	235		-61		
19		华联期货	194		-75		
20		北京首创	192		-506		
总计				14,205		-10,521		

名次		会员简称	持买单量	增减		
1		方正中期	1,463		13		
2		中信建投	1,251		1		
3		安粮期货	1,213		35		
4		光大期货	1,063		-12		
5		海通期货	1,063		10		
6		国泰君安	1,040		73		
7		永安期货	475		-136		
8		格林大华	342		0		
9		国海良时	335		-141		
10		五矿经易	282		-223		
11		申银万国	274		9		
12		东方财富	259		6		
13		中原期货	257		-118		
14		鲁证期货	256		111		
15		美尔雅期货	246		193		
16		国投安信	232		13		
17		银河期货	207		10		
18		广发期货	206		3		
19		华泰期货	184		43		
20		国信期货	176		-23		
总计				10,824		-133		

名次		会员简称	持卖单量	增减		
1		北京首创	1,551		150		
2		方正中期	1,305		-3		
3		光大期货	1,054		10		
4		中信建投	1,040		6		
5		海通期货	1,009		43		
6		华安期货	1,008		4		
7		申银万国	792		-230		
8		鲁证期货	764		183		
9		中信期货	564		34		
10		东海期货	518		-6		
11		中投期货	423		-9		
12		永安期货	416		-122		
13		国泰君安	310		-26		
14		格林大华	302		0		
15		渤海期货	301		10		
16		中州期货	301		1		
17		五矿经易	295		-219		
18		国海良时	289		-139		
19		平安期货	212		-16		
20		安粮期货	205		1		
总计				12,659		-328		



会员类别	总成交量	增减		
期货公司会员	14,205		-10,521		

会员类别	总持买单量	增减		
期货公司会员	10,824		-133		

会员类别	总持卖单量	增减		
期货公司会员	12,659		-328		

