								大连商品交易所 成交量_买持仓_卖持仓排名	

合约代码：p2105		Date：2020-08-25	

			期货公司会员	

名次		会员简称	成交量		增减		
1		国投安信	3,051		2,913		
2		国元期货	1,779		612		
3		国泰君安	1,617		817		
4		光大期货	1,499		383		
5		永安期货	1,345		1,186		
6		国富期货	1,342		84		
7		中信期货	1,299		-25		
8		东证期货	1,273		496		
9		安粮期货	1,143		-215		
10		中投期货	1,103		300		
11		华泰期货	979		940		
12		华安期货	978		22		
13		中天期货	824		57		
14		中辉期货	736		-589		
15		宏源期货	649		234		
16		上海中期	642		296		
17		东吴期货	546		439		
18		海通期货	499		-1,025		
19		中粮期货	483		-73		
20		银河期货	435		45		
总计				22,222		6,897		

名次		会员简称	持买单量	增减		
1		兴证期货	3,345		105		
2		浙商期货	3,088		21		
3		永安期货	2,843		-170		
4		国投安信	2,507		1,869		
5		中辉期货	1,696		-96		
6		大地期货	1,434		40		
7		华融融达	1,420		-28		
8		中信期货	1,322		-7		
9		中粮期货	1,219		-64		
10		鲁证期货	868		39		
11		五矿经易	807		-61		
12		广发期货	800		9		
13		南华期货	742		156		
14		银河期货	709		-76		
15		弘业期货	703		92		
16		华泰期货	693		-82		
17		华安期货	641		35		
18		倍特期货	624		-5		
19		平安期货	572		27		
20		方正中期	553		-2		
总计				26,586		1,802		

名次		会员简称	持卖单量	增减		
1		国富期货	7,396		933		
2		海通期货	4,561		-22		
3		兴证期货	3,074		14		
4		一德期货	3,012		10		
5		摩根大通	2,202		-200		
6		华融融达	2,179		211		
7		国投安信	2,101		1,024		
8		中辉期货	1,555		76		
9		永安期货	1,232		-743		
10		英大期货	1,120		0		
11		中信期货	926		-312		
12		国泰君安	845		33		
13		鲁证期货	788		0		
14		中粮期货	608		-7		
15		银河期货	440		-89		
16		中财期货	419		4		
17		广发期货	408		-200		
18		中州期货	366		-1		
19		浙商期货	337		-33		
20		南华期货	275		-110		
总计				33,844		588		



会员类别	总成交量	增减		
期货公司会员	22,222		6,897		

会员类别	总持买单量	增减		
期货公司会员	26,586		1,802		

会员类别	总持卖单量	增减		
期货公司会员	33,844		588		

