								大连商品交易所 成交量_买持仓_卖持仓排名	

合约代码：pg2012		Date：2020-08-25	

			期货公司会员	

名次		会员简称	成交量		增减		
1		华泰期货	21,456		1,889		
2		中信建投	3,493		182		
3		锦泰期货	3,072		2,109		
4		冠通期货	2,832		999		
5		东证期货	2,749		516		
6		瑞达期货	2,628		348		
7		申银万国	2,417		100		
8		中信期货	2,412		1,262		
9		国海良时	2,349		-410		
10		中粮期货	2,317		-1,006		
11		海证期货	2,212		-101		
12		方正中期	1,857		-857		
13		银河期货	1,771		630		
14		光大期货	1,588		1,058		
15		海通期货	1,500		989		
16		浙商期货	1,199		-736		
17		招商期货	1,143		27		
18		五矿经易	1,021		-241		
19		永安期货	792		-939		
20		徽商期货	445		100		
总计				59,253		5,919		

名次		会员简称	持买单量	增减		
1		永安期货	3,162		-265		
2		银河期货	2,209		199		
3		海通期货	1,569		89		
4		东证期货	1,243		-4		
5		方正中期	1,157		-18		
6		五矿经易	1,126		-1		
7		一德期货	1,108		192		
8		招商期货	1,084		12		
9		中信建投	1,019		-1,449		
10		浙商期货	987		-2		
11		华泰期货	802		25		
12		先锋期货	794		141		
13		江苏东华	631		10		
14		中信期货	624		9		
15		华安期货	569		-58		
16		国海良时	564		138		
17		招金期货	538		1		
18		东海期货	525		0		
19		徽商期货	419		-91		
20		光大期货	394		60		
总计				20,524		-1,012		

名次		会员简称	持卖单量	增减		
1		中信期货	8,306		319		
2		国投安信	2,374		0		
3		永安期货	1,383		49		
4		五矿经易	1,121		0		
5		东证期货	1,089		-21		
6		中信建投	1,082		-154		
7		招商期货	1,053		-9		
8		光大期货	1,015		790		
9		方正中期	1,001		3		
10		银河期货	980		-18		
11		海通期货	931		-65		
12		新湖期货	705		0		
13		浙商期货	701		-59		
14		冠通期货	608		-512		
15		国海良时	481		-149		
16		南华期货	469		-1		
17		长安期货	351		-132		
18		大地期货	291		235		
19		国泰君安	265		2		
20		东海期货	228		-1		
总计				24,434		277		



会员类别	总成交量	增减		
期货公司会员	59,253		5,919		

会员类别	总持买单量	增减		
期货公司会员	20,524		-1,012		

会员类别	总持卖单量	增减		
期货公司会员	24,434		277		

