								大连商品交易所 成交量_买持仓_卖持仓排名	

合约代码：eb2009		Date：2020-08-25	

			期货公司会员	

名次		会员简称	成交量		增减		
1		东证期货	8,487		-12,030		
2		光大期货	1,848		-1,007		
3		信达期货	1,492		1,197		
4		中信建投	1,092		-1,900		
5		中信期货	1,006		-2,174		
6		永安期货	983		-1,622		
7		南华期货	962		-627		
8		华泰期货	844		-1,393		
9		鲁证期货	656		-1,037		
10		浙商期货	653		-462		
11		银河期货	653		-294		
12		徽商期货	580		-1,192		
13		海通期货	546		-1,162		
14		国泰君安	485		-1,609		
15		中辉期货	478		-680		
16		国投安信	452		-2,187		
17		华融融达	445		-912		
18		中财期货	399		-1,006		
19		大地期货	368		-96		
20		国富期货	366		-1,157		
总计				22,795		-31,350		

名次		会员简称	持买单量	增减		
1		华泰期货	4,627		-377		
2		信达期货	1,748		-1,440		
3		招商期货	1,392		-124		
4		瑞达期货	1,130		-8		
5		中信期货	938		-90		
6		国投安信	723		-133		
7		永安期货	582		-433		
8		银河期货	570		142		
9		宏源期货	537		-33		
10		中财期货	524		-120		
11		东证期货	499		50		
12		中州期货	485		4		
13		南华期货	432		-116		
14		大地期货	375		-260		
15		海通期货	374		-129		
16		华联期货	365		15		
17		兴业期货	307		-84		
18		中信建投	295		-267		
19		国海良时	262		-95		
20		浙商期货	258		-218		
总计				16,423		-3,716		

名次		会员简称	持卖单量	增减		
1		华融融达	2,651		184		
2		东证期货	1,841		-59		
3		浙商期货	1,802		-65		
4		华泰期货	1,763		217		
5		创元期货	1,100		-4		
6		国投安信	926		-191		
7		国贸期货	858		-141		
8		国泰君安	786		-76		
9		永安期货	748		-290		
10		银河期货	634		-221		
11		五矿经易	609		-8		
12		兴业期货	483		-88		
13		南华期货	468		-624		
14		中信期货	460		-580		
15		中财期货	451		-155		
16		一德期货	365		92		
17		长城期货	334		0		
18		新湖期货	320		-11		
19		国联期货	310		-161		
20		华创期货	202		0		
总计				17,111		-2,181		



会员类别	总成交量	增减		
期货公司会员	22,795		-31,350		

会员类别	总持买单量	增减		
期货公司会员	16,423		-3,716		

会员类别	总持卖单量	增减		
期货公司会员	17,111		-2,181		

