								大连商品交易所 成交量_买持仓_卖持仓排名	

合约代码：i2101		Date：2020-08-25	

			期货公司会员	

名次		会员简称	成交量		增减		
1		国富期货	147,953		83,056		
2		国泰君安	122,275		42,219		
3		中信期货	79,910		22,332		
4		银河期货	74,247		43,585		
5		方正中期	70,872		24,849		
6		东证期货	70,579		27,026		
7		华泰期货	62,980		33,622		
8		申银万国	59,084		14,194		
9		海通期货	57,869		24,722		
10		中辉期货	50,619		14,046		
11		华闻期货	44,790		17,594		
12		光大期货	43,048		19,051		
13		永安期货	42,911		17,669		
14		徽商期货	42,855		18,636		
15		一德期货	41,581		27,438		
16		东海期货	39,457		31,583		
17		上海东亚	31,042		22,397		
18		冠通期货	29,340		8,170		
19		弘业期货	28,173		15,941		
20		华安期货	27,218		6,398		
总计				1,166,803	514,528		

名次		会员简称	持买单量	增减		
1		中信期货	39,202		3,151		
2		摩根大通	38,315		7,136		
3		申银万国	36,364		1,316		
4		银河期货	35,024		5,372		
5		永安期货	32,997		1,800		
6		国泰君安	25,008		-4,986		
7		东海期货	24,416		-948		
8		鲁证期货	21,713		-3,213		
9		安粮期货	21,677		1,399		
10		东证期货	21,092		-2,792		
11		一德期货	20,896		2,967		
12		五矿经易	14,022		1,500		
13		华泰期货	13,964		-17,239		
14		方正中期	12,995		1,452		
15		兴证期货	11,837		2,272		
16		徽商期货	10,008		3,171		
17		浙商期货	9,161		-415		
18		中信建投	8,896		-853		
19		海证期货	8,664		-957		
20		国联期货	8,620		699		
总计				414,871		832		

名次		会员简称	持卖单量	增减		
1		浙商期货	51,436		324		
2		永安期货	34,172		-5,433		
3		一德期货	33,354		1,452		
4		华泰期货	26,847		3,949		
5		鲁证期货	21,708		1,338		
6		大地期货	18,292		-399		
7		道通期货	18,183		-5,154		
8		广发期货	17,999		518		
9		方正中期	17,248		636		
10		国投安信	16,067		3,051		
11		东兴期货	15,649		263		
12		东证期货	15,204		-173		
13		中信期货	14,557		25		
14		天风期货	14,472		-279		
15		海通期货	14,062		3,660		
16		中辉期货	13,715		56		
17		国泰君安	13,153		2,487		
18		银河期货	12,655		-91		
19		中钢期货	12,613		186		
20		五矿经易	11,951		764		
总计				393,337		7,180		



会员类别	总成交量	增减		
期货公司会员	1,166,803	514,528		

会员类别	总持买单量	增减		
期货公司会员	414,871		832		

会员类别	总持卖单量	增减		
期货公司会员	393,337		7,180		

