								大连商品交易所 成交量_买持仓_卖持仓排名	

合约代码：y2011		Date：2020-08-25	

			期货公司会员	

名次		会员简称	成交量		增减		
1		国泰君安	17,524		1,988		
2		东证期货	9,495		4,757		
3		华闻期货	6,959		422		
4		光大期货	6,346		3,869		
5		鲁证期货	6,080		509		
6		海通期货	2,850		-528		
7		方正中期	2,554		814		
8		申银万国	2,241		1,319		
9		中信期货	2,186		-389		
10		新湖期货	1,820		211		
11		平安期货	1,218		116		
12		格林大华	1,142		-264		
13		招商期货	1,141		211		
14		五矿经易	1,138		96		
15		中信建投	1,126		95		
16		国海良时	1,078		242		
17		国富期货	1,027		294		
18		华西期货	890		-453		
19		迈科期货	872		46		
20		宝城期货	856		51		
总计				68,543		13,406		

名次		会员简称	持买单量	增减		
1		中信期货	1,247		101		
2		中信建投	1,179		1		
3		光大期货	1,125		-7		
4		五矿经易	1,018		-10		
5		海通期货	1,006		82		
6		招商期货	1,002		-2		
7		东吴期货	970		0		
8		方正中期	836		25		
9		格林大华	610		10		
10		鲁证期货	607		11		
11		国联期货	374		3		
12		中天期货	350		0		
13		新湖期货	272		-6		
14		浙商期货	257		232		
15		国海良时	232		43		
16		国泰君安	189		15		
17		东证期货	174		-10		
18		华闻期货	95		-21		
19		银河期货	73		-14		
20		华泰期货	52		46		
总计				11,668		499		

名次		会员简称	持卖单量	增减		
1		中信期货	1,416		107		
2		中信建投	1,152		-3		
3		光大期货	1,078		-69		
4		招商期货	994		-3		
5		五矿经易	978		0		
6		海通期货	941		-38		
7		东吴期货	930		0		
8		方正中期	834		25		
9		格林大华	610		10		
10		鲁证期货	595		-59		
11		国泰君安	393		127		
12		中天期货	350		0		
13		浙商期货	282		214		
14		新湖期货	249		-10		
15		弘业期货	240		0		
16		国海良时	235		39		
17		宏源期货	115		6		
18		徽商期货	81		-5		
19		华泰期货	65		-3		
20		中辉期货	50		0		
总计				11,588		338		



会员类别	总成交量	增减		
期货公司会员	68,543		13,406		

会员类别	总持买单量	增减		
期货公司会员	11,668		499		

会员类别	总持卖单量	增减		
期货公司会员	11,588		338		

