								大连商品交易所 成交量_买持仓_卖持仓排名	

合约代码：jm2101		Date：2020-08-25	

			期货公司会员	

名次		会员简称	成交量		增减		
1		东证期货	15,075		283		
2		申银万国	6,182		4,011		
3		中信期货	5,853		-957		
4		国泰君安	4,996		-319		
5		国富期货	4,967		2,067		
6		迈科期货	4,517		-787		
7		华泰期货	3,140		150		
8		光大期货	3,107		1,582		
9		永安期货	3,049		1,318		
10		中辉期货	2,358		-360		
11		徽商期货	2,220		1,092		
12		海通期货	1,985		-667		
13		银河期货	1,773		263		
14		方正中期	1,531		-544		
15		宏源期货	1,288		392		
16		兴证期货	1,255		-314		
17		广发期货	1,139		114		
18		瑞达期货	1,022		-1,021		
19		摩根大通	1,000		-70		
20		鲁证期货	975		-205		
总计				67,432		6,028		

名次		会员简称	持买单量	增减		
1		中信期货	9,867		1,490		
2		东证期货	3,780		-2,879		
3		中辉期货	2,938		729		
4		国泰君安	2,788		-234		
5		中信建投	2,578		278		
6		华泰期货	2,572		-190		
7		申银万国	2,360		587		
8		海通期货	2,194		-538		
9		永安期货	1,939		710		
10		光大期货	1,897		1,148		
11		兴证期货	1,757		50		
12		迈科期货	1,691		-75		
13		国富期货	1,351		-309		
14		国投安信	1,296		42		
15		长安期货	1,100		876		
16		南华期货	1,035		222		
17		东兴期货	858		-3		
18		瑞达期货	854		5		
19		银河期货	847		70		
20		国信期货	809		100		
总计				44,511		2,079		

名次		会员简称	持卖单量	增减		
1		永安期货	5,429		203		
2		中信期货	4,294		819		
3		海通期货	3,211		-95		
4		中辉期货	3,108		787		
5		东证期货	2,708		-3,822		
6		申银万国	2,413		-699		
7		国泰君安	2,285		-80		
8		冠通期货	2,009		582		
9		光大期货	1,954		1,251		
10		一德期货	1,651		333		
11		建信期货	1,545		80		
12		英大期货	1,527		514		
13		迈科期货	1,510		-168		
14		银河期货	1,490		87		
15		中信建投	1,416		129		
16		华泰期货	1,205		178		
17		国富期货	1,122		-452		
18		国贸期货	1,027		-3		
19		浙商期货	1,009		110		
20		东航期货	964		-39		
总计				41,877		-285		



会员类别	总成交量	增减		
期货公司会员	67,432		6,028		

会员类别	总持买单量	增减		
期货公司会员	44,511		2,079		

会员类别	总持卖单量	增减		
期货公司会员	41,877		-285		

