								大连商品交易所 成交量_买持仓_卖持仓排名	

合约代码：pp2105		Date：2020-10-27	

			期货公司会员	

名次		会员简称	成交量		增减		
1		东证期货	1,952		667		
2		华安期货	821		284		
3		中信期货	755		104		
4		国投安信	739		-198		
5		中大期货	527		449		
6		方正中期	436		361		
7		国富期货	422		260		
8		招金期货	373		-53		
9		上海大陆	368		19		
10		国泰君安	359		-465		
11		南华期货	338		-146		
12		福能期货	321		79		
13		安粮期货	320		153		
14		海通期货	304		197		
15		新湖期货	286		92		
16		浙江新世纪	280		0		
17		东吴期货	272		-5		
18		国海良时	271		262		
19		国信期货	268		155		
20		银河期货	262		113		
总计				9,674		2,328		

名次		会员简称	持买单量	增减		
1		永安期货	2,734		-13		
2		瑞达期货	2,489		-2		
3		鲁证期货	2,163		-6		
4		中信期货	1,957		18		
5		东证期货	1,437		35		
6		华安期货	1,176		-101		
7		国投安信	1,150		-7		
8		华泰期货	1,144		-12		
9		银河期货	1,074		-18		
10		中粮期货	1,022		-21		
11		宏源期货	924		91		
12		国泰君安	795		-108		
13		国海良时	664		30		
14		中银期货	645		10		
15		南华期货	578		92		
16		海通期货	572		19		
17		一德期货	497		16		
18		建信期货	490		9		
19		方正中期	443		-11		
20		浙江新世纪	370		-18		
总计				22,324		3		

名次		会员简称	持卖单量	增减		
1		华泰期货	4,891		-36		
2		弘业期货	2,916		129		
3		东海期货	1,711		-4		
4		申银万国	1,534		-193		
5		国投安信	1,529		292		
6		永安期货	1,451		-24		
7		国泰君安	1,318		-9		
8		创元期货	1,201		143		
9		中大期货	922		472		
10		方正中期	746		339		
11		浙商期货	719		1		
12		南华期货	673		0		
13		国富期货	565		185		
14		国信期货	534		-1		
15		中信期货	356		45		
16		华安期货	336		-10		
17		东吴期货	302		-46		
18		天风期货	288		0		
19		迈科期货	281		8		
20		中财期货	273		-51		
总计				22,546		1,240		



会员类别	总成交量	增减		
期货公司会员	9,674		2,328		

会员类别	总持买单量	增减		
期货公司会员	22,324		3		

会员类别	总持卖单量	增减		
期货公司会员	22,546		1,240		

