								大连商品交易所 成交量_买持仓_卖持仓排名	

合约代码：eg2101		Date：2020-10-27	

			期货公司会员	

名次		会员简称	成交量		增减		
1		东证期货	74,766		-27,287		
2		国富期货	27,266		-8,375		
3		国泰君安	23,086		-7,600		
4		中信期货	21,774		-3,068		
5		华泰期货	15,644		-6,404		
6		海通期货	11,160		-3,239		
7		东吴期货	10,985		42		
8		徽商期货	9,109		1,384		
9		方正中期	7,311		-1,674		
10		永安期货	7,250		-1,247		
11		兴证期货	6,559		153		
12		瑞达期货	5,901		345		
13		东海期货	5,830		2,950		
14		华安期货	5,754		399		
15		银河期货	5,613		-6,723		
16		浙商期货	5,455		-3,997		
17		申银万国	5,336		-1,758		
18		新湖期货	4,669		166		
19		国投安信	4,473		1,175		
20		中辉期货	4,417		57		
总计				262,358		-64,701		

名次		会员简称	持买单量	增减		
1		信达期货	11,629		903		
2		通惠期货	7,103		-64		
3		建信期货	6,814		1,138		
4		兴业期货	6,128		821		
5		华泰期货	6,075		277		
6		永安期货	5,515		914		
7		华闻期货	5,357		151		
8		宏源期货	4,976		-269		
9		弘业期货	4,938		36		
10		新湖期货	4,762		212		
11		中信期货	4,745		-396		
12		方正中期	4,732		587		
13		国投安信	4,636		452		
14		东证期货	4,602		-136		
15		中信建投	3,981		-634		
16		东吴期货	3,957		1,218		
17		国泰君安	3,909		-46		
18		华安期货	3,415		255		
19		南华期货	3,144		90		
20		鲁证期货	3,119		183		
总计				103,537		5,692		

名次		会员简称	持卖单量	增减		
1		永安期货	23,345		-690		
2		国贸期货	9,529		123		
3		瑞达期货	8,460		-1,765		
4		中信期货	6,528		-628		
5		国投安信	5,653		131		
6		国泰君安	5,461		-734		
7		宝城期货	5,084		-330		
8		华泰期货	4,848		679		
9		天风期货	4,062		-975		
10		兴证期货	3,968		1,883		
11		申银万国	3,801		92		
12		兴业期货	3,562		134		
13		国元期货	3,521		-274		
14		浙商期货	3,312		236		
15		银河期货	3,279		231		
16		鲁证期货	3,192		-621		
17		中辉期货	3,046		504		
18		光大期货	3,015		-13		
19		广州期货	2,917		218		
20		宏源期货	2,856		249		
总计				109,439		-1,550		



会员类别	总成交量	增减		
期货公司会员	262,358		-64,701		

会员类别	总持买单量	增减		
期货公司会员	103,537		5,692		

会员类别	总持卖单量	增减		
期货公司会员	109,439		-1,550		

