								大连商品交易所 成交量_买持仓_卖持仓排名	

合约代码：eg2105		Date：2020-10-27	

			期货公司会员	

名次		会员简称	成交量		增减		
1		东吴期货	1,218		931		
2		南华期货	959		753		
3		永安期货	703		365		
4		徽商期货	549		-154		
5		长城期货	402		189		
6		宏源期货	387		188		
7		华闻期货	305		17		
8		兴业期货	300		296		
9		安粮期货	289		148		
10		中原期货	244		68		
11		中信期货	195		-57		
12		银河期货	188		-4		
13		招金期货	185		-12		
14		方正中期	180		-20		
15		海通期货	154		-49		
16		华安期货	145		-14		
17		国富期货	125		0		
18		瑞达期货	115		-201		
19		国联期货	111		-14		
20		中融汇信	103		103		
总计				6,857		2,533		

名次		会员简称	持买单量	增减		
1		华泰期货	5,162		0		
2		国元期货	3,842		0		
3		中信期货	2,562		12		
4		新湖期货	2,203		-3		
5		通惠期货	2,000		0		
6		东证期货	1,512		84		
7		兴业期货	1,424		0		
8		东吴期货	1,268		752		
9		招商期货	1,162		1		
10		光大期货	916		4		
11		一德期货	861		0		
12		鲁证期货	831		-22		
13		瑞达期货	630		0		
14		南华期货	594		-33		
15		天风期货	538		-5		
16		盛达期货	460		40		
17		浙商期货	450		2		
18		宏源期货	423		-4		
19		弘业期货	347		3		
20		方正中期	335		31		
总计				27,520		862		

名次		会员简称	持卖单量	增减		
1		永安期货	4,730		519		
2		国贸期货	2,505		-3		
3		天风期货	2,220		-28		
4		弘业期货	1,904		49		
5		中融汇信	1,573		103		
6		东海期货	1,326		-40		
7		一德期货	1,318		-18		
8		中银期货	1,296		15		
9		南华期货	1,095		476		
10		国泰君安	939		31		
11		申银万国	765		7		
12		华泰期货	759		3		
13		方正中期	625		37		
14		广发期货	590		27		
15		浙商期货	528		7		
16		瑞达期货	493		-113		
17		国投安信	489		-2		
18		宏源期货	486		173		
19		东吴期货	475		216		
20		中信期货	421		1		
总计				24,537		1,460		



会员类别	总成交量	增减		
期货公司会员	6,857		2,533		

会员类别	总持买单量	增减		
期货公司会员	27,520		862		

会员类别	总持卖单量	增减		
期货公司会员	24,537		1,460		

