								大连商品交易所 成交量_买持仓_卖持仓排名	

合约代码：rr2012		Date：2020-10-27	

			期货公司会员	

名次		会员简称	成交量		增减		
1		东证期货	15,074		1,323		
2		渤海期货	4,558		4,245		
3		国泰君安	3,780		302		
4		光大期货	3,237		129		
5		方正中期	3,187		-492		
6		海通期货	3,064		-2,087		
7		浙商期货	2,654		629		
8		安粮期货	2,648		1,637		
9		国海良时	2,588		-1,123		
10		中信建投	2,307		-414		
11		鲁证期货	2,074		-1,187		
12		申银万国	2,057		-1,034		
13		永安期货	1,949		-810		
14		中原期货	1,827		-1,095		
15		华融融达	1,741		1,739		
16		徽商期货	1,678		519		
17		东方财富	1,645		399		
18		五矿经易	1,603		-1,239		
19		宏源期货	1,493		836		
20		国投安信	1,463		702		
总计				60,627		2,979		

名次		会员简称	持买单量	增减		
1		宏源期货	1,562		-290		
2		国泰君安	1,388		-12		
3		安粮期货	1,185		-258		
4		东证期货	884		-77		
5		浙商期货	773		-83		
6		永安期货	744		-294		
7		方正中期	678		-922		
8		国海良时	626		-79		
9		中原期货	524		9		
10		中信建投	391		210		
11		申银万国	358		123		
12		光大期货	348		20		
13		海通期货	346		12		
14		东方财富	314		85		
15		东航期货	311		28		
16		大地期货	267		236		
17		瑞达期货	260		70		
18		徽商期货	220		-52		
19		平安期货	201		-96		
20		中信期货	199		-228		
总计				11,579		-1,598		

名次		会员简称	持卖单量	增减		
1		国投安信	1,474		-87		
2		国泰君安	1,050		34		
3		中信期货	1,041		35		
4		东证期货	998		-13		
5		海通期货	868		38		
6		鲁证期货	850		-659		
7		永安期货	768		-265		
8		中投期货	753		254		
9		渤海期货	727		-357		
10		浙商期货	694		55		
11		长江期货	542		1		
12		光大期货	534		5		
13		方正中期	532		-873		
14		东方财富	510		-80		
15		中原期货	505		0		
16		国海良时	397		1		
17		五矿经易	379		-396		
18		兴证期货	351		23		
19		天风期货	328		114		
20		平安期货	231		177		
总计				13,532		-1,993		



会员类别	总成交量	增减		
期货公司会员	60,627		2,979		

会员类别	总持买单量	增减		
期货公司会员	11,579		-1,598		

会员类别	总持卖单量	增减		
期货公司会员	13,532		-1,993		

