								大连商品交易所 成交量_买持仓_卖持仓排名	

合约代码：m2103		Date：2020-10-27	

			期货公司会员	

名次		会员简称	成交量		增减		
1		华闻期货	3,353		-676		
2		申银万国	3,140		-732		
3		海通期货	2,628		-670		
4		国泰君安	2,576		1,413		
5		国投安信	2,458		387		
6		鲁证期货	2,116		0		
7		中天期货	2,104		1,942		
8		五矿经易	1,854		364		
9		南华期货	1,789		-196		
10		格林大华	1,560		34		
11		国富期货	1,481		-14		
12		浙商期货	1,477		-599		
13		宏源期货	1,410		-273		
14		方正中期	1,393		-1,463		
15		中粮期货	1,376		-389		
16		国海良时	1,245		-877		
17		永安期货	1,178		657		
18		华安期货	1,097		639		
19		弘业期货	1,088		-404		
20		光大期货	1,079		-280		
总计				36,402		-1,137		

名次		会员简称	持买单量	增减		
1		永安期货	4,112		1,078		
2		海通期货	2,811		-31		
3		中粮期货	2,322		-134		
4		南华期货	1,897		162		
5		招商期货	1,458		194		
6		国投安信	1,374		119		
7		格林大华	1,178		500		
8		五矿经易	970		-32		
9		鲁证期货	922		-27		
10		国富期货	880		387		
11		天风期货	799		-9		
12		瑞达期货	767		0		
13		上海中期	733		-36		
14		北京金鹏	660		0		
15		浙商期货	655		0		
16		国泰君安	639		-233		
17		中辉期货	566		-16		
18		华融融达	560		190		
19		弘业期货	517		3		
20		华金期货	515		44		
总计				24,335		2,159		

名次		会员简称	持卖单量	增减		
1		中信期货	4,739		-40		
2		国泰君安	4,248		-445		
3		中粮期货	4,170		-134		
4		海通期货	2,364		31		
5		国投安信	2,124		175		
6		南华期货	1,738		-1		
7		摩根大通	1,568		0		
8		招商期货	1,332		264		
9		方正中期	1,264		10		
10		广发期货	1,064		2		
11		海证期货	1,019		-345		
12		金瑞期货	1,000		0		
13		弘业期货	851		17		
14		鲁证期货	806		15		
15		东吴期货	714		-3		
16		五矿经易	636		0		
17		永安期货	500		100		
18		格林大华	467		-2		
19		一德期货	365		0		
20		浙商期货	332		1		
总计				31,301		-355		



会员类别	总成交量	增减		
期货公司会员	36,402		-1,137		

会员类别	总持买单量	增减		
期货公司会员	24,335		2,159		

会员类别	总持卖单量	增减		
期货公司会员	31,301		-355		

