								大连商品交易所 成交量_买持仓_卖持仓排名	

合约代码：cs2101		Date：2020-10-27	

			期货公司会员	

名次		会员简称	成交量		增减		
1		华泰期货	40,856		-21,655		
2		东证期货	34,066		-9,341		
3		国泰君安	22,543		-7,426		
4		东方财富	18,073		5,415		
5		国富期货	15,104		-3,560		
6		中信期货	8,381		-6,958		
7		光大期货	5,638		-4,114		
8		中辉期货	5,205		-6,815		
9		海通期货	5,014		-2,880		
10		兴证期货	3,758		-818		
11		徽商期货	3,730		-5,689		
12		银河期货	3,520		-3,629		
13		广发期货	3,003		-2,101		
14		新湖期货	2,638		-4,600		
15		中信建投	2,623		-2,275		
16		金瑞期货	2,581		-1,931		
17		华闻期货	2,495		-3,719		
18		华安期货	2,474		-3,688		
19		国信期货	2,241		-1,090		
20		永安期货	2,205		-5,191		
总计				186,148		-92,065		

名次		会员简称	持买单量	增减		
1		永安期货	9,574		74		
2		中信期货	9,512		491		
3		鲁证期货	8,992		72		
4		中粮期货	7,433		0		
5		中信建投	5,535		284		
6		宏源期货	5,197		-72		
7		华泰期货	5,071		1,284		
8		中辉期货	4,631		-279		
9		一德期货	4,101		-87		
10		海通期货	4,037		211		
11		新湖期货	3,775		-190		
12		国泰君安	3,554		-279		
13		东证期货	3,522		1,199		
14		兴证期货	3,214		-76		
15		南华期货	3,087		-613		
16		华融融达	2,522		-174		
17		海证期货	2,016		52		
18		申银万国	1,980		330		
19		方正中期	1,839		75		
20		中国国际	1,795		-104		
总计				91,387		2,198		

名次		会员简称	持卖单量	增减		
1		中粮期货	9,981		-177		
2		中信期货	8,814		132		
3		国金期货	8,005		16		
4		金瑞期货	7,640		11		
5		东方财富	7,423		-3,769		
6		广发期货	5,871		1,032		
7		国泰君安	5,768		234		
8		东证期货	5,117		-15		
9		北京首创	4,353		88		
10		中融汇信	4,293		34		
11		华安期货	3,900		112		
12		国投安信	3,492		223		
13		平安期货	3,250		-57		
14		国富期货	3,074		103		
15		鲁证期货	2,907		45		
16		永安期货	2,786		181		
17		东兴期货	2,558		-83		
18		东吴期货	2,527		-46		
19		银河期货	2,324		93		
20		方正中期	2,070		126		
总计				96,153		-1,717		



会员类别	总成交量	增减		
期货公司会员	186,148		-92,065		

会员类别	总持买单量	增减		
期货公司会员	91,387		2,198		

会员类别	总持卖单量	增减		
期货公司会员	96,153		-1,717		

