								大连商品交易所 成交量_买持仓_卖持仓排名	

合约代码：v2105		Date：2020-10-27	

			期货公司会员	

名次		会员简称	成交量		增减		
1		东证期货	1,136		534		
2		中投期货	1,032		171		
3		中国国际	718		21		
4		永安期货	601		-244		
5		中信期货	451		-408		
6		宏源期货	339		-29		
7		国泰君安	246		189		
8		国投安信	214		174		
9		广发期货	171		33		
10		新湖期货	170		143		
11		徽商期货	165		17		
12		华泰期货	148		-27		
13		冠通期货	144		84		
14		海通期货	126		42		
15		方正中期	116		-130		
16		国海良时	108		107		
17		大越期货	107		-807		
18		东航期货	106		67		
19		东吴期货	100		-53		
20		中信建投	96		-187		
总计				6,294		-303		

名次		会员简称	持买单量	增减		
1		永安期货	4,756		365		
2		华泰期货	1,005		-20		
3		国泰君安	933		158		
4		广发期货	906		88		
5		申银万国	857		-12		
6		华金期货	843		0		
7		浙江新世纪	810		3		
8		中财期货	774		47		
9		国投安信	763		198		
10		大越期货	723		-67		
11		东海期货	705		0		
12		一德期货	661		0		
13		浙商期货	651		40		
14		中辉期货	553		-21		
15		大地期货	453		-14		
16		海证期货	433		3		
17		新湖期货	407		149		
18		宏源期货	371		-61		
19		信达期货	354		-1		
20		中粮期货	350		15		
总计				17,308		870		

名次		会员简称	持卖单量	增减		
1		中国国际	3,438		-15		
2		天风期货	2,925		-5		
3		永安期货	2,175		0		
4		中投期货	2,101		1,026		
5		中财期货	2,017		0		
6		华泰期货	1,688		-8		
7		申银万国	1,595		20		
8		中信期货	1,101		-17		
9		国投安信	1,092		2		
10		建信期货	1,005		0		
11		新湖期货	765		1		
12		中大期货	757		0		
13		浙商期货	698		3		
14		长江期货	232		5		
15		国联期货	225		0		
16		南华期货	224		2		
17		汇鑫期货	208		3		
18		招金期货	171		-3		
19		恒泰期货	160		0		
20		宏源期货	145		-12		
总计				22,722		1,002		



会员类别	总成交量	增减		
期货公司会员	6,294		-303		

会员类别	总持买单量	增减		
期货公司会员	17,308		870		

会员类别	总持卖单量	增减		
期货公司会员	22,722		1,002		

