								大连商品交易所 成交量_买持仓_卖持仓排名	

合约代码：m2101		Date：2020-10-27	

			期货公司会员	

名次		会员简称	成交量		增减		
1		东证期货	499,174		-27,805		
2		国泰君安	237,520		-30,345		
3		海通期货	99,954		29,175		
4		中信期货	60,135		-3,511		
5		国富期货	50,892		-7,864		
6		永安期货	48,860		-27,280		
7		格林大华	48,781		-639		
8		华西期货	43,052		-4,933		
9		申银万国	39,355		-3,414		
10		方正中期	35,242		-3,783		
11		华泰期货	34,450		-4,335		
12		银河期货	32,798		3,205		
13		中粮期货	27,051		-3,801		
14		兴证期货	26,623		-14,113		
15		徽商期货	24,865		2,755		
16		国投安信	24,436		-4,187		
17		广发期货	18,577		-1,991		
18		平安期货	17,904		4,929		
19		华安期货	17,151		-730		
20		东海期货	17,076		8,480		
总计				1,403,896	-90,187		

名次		会员简称	持买单量	增减		
1		永安期货	160,722		-10,904		
2		五矿经易	87,175		-1,274		
3		中粮期货	75,375		2,183		
4		国投安信	55,706		232		
5		中信期货	52,689		-1,432		
6		一德期货	45,783		-811		
7		申银万国	37,016		1,140		
8		摩根大通	35,845		693		
9		南华期货	34,139		108		
10		华泰期货	33,336		-1,210		
11		瑞达期货	29,550		2,511		
12		国泰君安	28,802		491		
13		东证期货	23,584		-6,457		
14		浙商期货	21,694		-1,442		
15		兴证期货	20,687		-3,307		
16		海通期货	19,978		7,019		
17		深圳金汇	19,445		835		
18		广发期货	19,203		-2,004		
19		银河期货	17,859		3,204		
20		宏源期货	17,710		-357		
总计				836,298		-10,782		

名次		会员简称	持卖单量	增减		
1		国投安信	137,239		-7,084		
2		中粮期货	132,982		3,016		
3		摩根大通	78,988		-492		
4		国泰君安	74,017		-3,059		
5		银河期货	64,619		-670		
6		中信期货	61,896		-2,475		
7		鲁证期货	48,783		-2,349		
8		南华期货	44,357		266		
9		东证期货	38,025		2,765		
10		新湖期货	37,464		-1,085		
11		平安期货	35,218		-2,388		
12		海通期货	33,028		-45		
13		一德期货	30,524		-1,551		
14		民生期货	28,978		211		
15		建信期货	25,731		-674		
16		美尔雅期货	20,347		-816		
17		永安期货	18,661		-940		
18		广发期货	17,700		-1,415		
19		北京金鹏	17,212		22		
20		中天期货	16,272		-28		
总计				962,041		-18,791		



会员类别	总成交量	增减		
期货公司会员	1,403,896	-90,187		

会员类别	总持买单量	增减		
期货公司会员	836,298		-10,782		

会员类别	总持卖单量	增减		
期货公司会员	962,041		-18,791		

