								大连商品交易所 成交量_买持仓_卖持仓排名	

合约代码：c2105		Date：2020-10-27	

			期货公司会员	

名次		会员简称	成交量		增减		
1		华泰期货	43,738		-18,057		
2		东证期货	35,165		-28,789		
3		光大期货	15,468		-11,905		
4		中信期货	11,949		-8,701		
5		中辉期货	9,615		-4,891		
6		东兴期货	7,748		4,063		
7		永安期货	7,502		-13,106		
8		东海期货	7,415		43		
9		东吴期货	5,818		2,010		
10		长江期货	5,775		1,291		
11		中粮期货	5,435		526		
12		宏源期货	5,141		-3,331		
13		银河期货	5,099		-3,994		
14		徽商期货	5,003		-4,339		
15		华安期货	4,811		157		
16		国投安信	4,409		-2,453		
17		国泰君安	4,208		-5,899		
18		海通期货	4,205		-2,325		
19		申银万国	3,310		2,222		
20		国盛期货	3,250		3,228		
总计				195,064		-94,250		

名次		会员简称	持买单量	增减		
1		国泰君安	53,091		-338		
2		鲁证期货	39,551		-575		
3		光大期货	28,817		490		
4		中信期货	22,960		-536		
5		永安期货	22,524		-116		
6		海证期货	22,451		472		
7		安粮期货	19,816		-108		
8		中州期货	19,343		-244		
9		一德期货	19,013		-352		
10		中信建投	18,109		41		
11		华安期货	16,238		1,890		
12		中粮期货	15,876		1,496		
13		建信期货	15,266		-164		
14		华融融达	14,974		254		
15		东吴期货	12,634		4,623		
16		东兴期货	12,326		7,206		
17		中辉期货	11,266		-316		
18		金瑞期货	10,664		145		
19		东证期货	9,898		464		
20		国富期货	9,712		-955		
总计				394,529		13,377		

名次		会员简称	持卖单量	增减		
1		中粮期货	72,952		2,971		
2		南华期货	69,607		-94		
3		永安期货	37,865		1,520		
4		光大期货	34,671		-222		
5		东证期货	27,756		7,009		
6		中信期货	26,540		155		
7		金瑞期货	23,307		-9		
8		中辉期货	22,975		6,141		
9		华融融达	21,138		-104		
10		国投安信	18,403		338		
11		浙商期货	18,018		-620		
12		海证期货	18,007		139		
13		华泰期货	16,717		-1,014		
14		中金期货	16,657		0		
15		摩根大通	12,671		0		
16		徽商期货	6,801		-73		
17		国泰君安	6,388		-106		
18		五矿经易	5,784		-76		
19		鲁证期货	5,111		-56		
20		华安期货	4,630		-29		
总计				465,998		15,870		



会员类别	总成交量	增减		
期货公司会员	195,064		-94,250		

会员类别	总持买单量	增减		
期货公司会员	394,529		13,377		

会员类别	总持卖单量	增减		
期货公司会员	465,998		15,870		

