								大连商品交易所 成交量_买持仓_卖持仓排名	

合约代码：c2109		Date：2020-10-27	

			期货公司会员	

名次		会员简称	成交量		增减		
1		华闻期货	2,421		-1,189		
2		金瑞期货	1,974		-760		
3		光大期货	1,568		-3,893		
4		国投安信	1,366		603		
5		中州期货	1,016		999		
6		宏源期货	1,001		-444		
7		永安期货	953		28		
8		冠通期货	862		-1,114		
9		徽商期货	492		-834		
10		中投期货	484		-441		
11		华安期货	483		-458		
12		南华期货	459		93		
13		先锋期货	458		-438		
14		中原期货	368		354		
15		华融融达	336		184		
16		瑞达期货	305		160		
17		方正中期	284		-487		
18		华鑫期货	282		-251		
19		一德期货	271		148		
20		国泰君安	255		-193		
总计				15,638		-7,933		

名次		会员简称	持买单量	增减		
1		鲁证期货	23,994		-7		
2		建信期货	11,617		212		
3		国泰君安	6,751		-20		
4		中信建投	6,147		-25		
5		国富期货	3,716		0		
6		华融融达	2,666		-65		
7		安粮期货	2,547		-11		
8		东吴期货	2,305		1		
9		华安期货	1,763		-51		
10		银河期货	1,431		1		
11		徽商期货	1,418		-153		
12		中粮期货	1,258		-101		
13		华泰期货	1,159		-6		
14		中州期货	1,079		1,000		
15		福能期货	1,056		22		
16		混沌天成	1,004		0		
17		先锋期货	941		311		
18		国投安信	938		250		
19		华闻期货	887		18		
20		华金期货	730		0		
总计				73,407		1,376		

名次		会员简称	持卖单量	增减		
1		永安期货	12,976		674		
2		海证期货	8,144		-2		
3		中信期货	5,965		-39		
4		华融融达	5,797		23		
5		北京首创	5,720		0		
6		光大期货	4,644		-99		
7		五矿经易	3,605		4		
8		东证期货	3,510		-32		
9		国泰君安	3,239		-29		
10		国投安信	3,216		1,022		
11		浙商期货	2,584		2		
12		兴证期货	2,170		1		
13		信达期货	2,140		-3		
14		长江期货	2,119		25		
15		美尔雅期货	1,573		2		
16		方正中期	1,187		-27		
17		东航期货	1,062		9		
18		海通期货	916		8		
19		银河期货	729		-4		
20		徽商期货	642		-15		
总计				71,938		1,520		



会员类别	总成交量	增减		
期货公司会员	15,638		-7,933		

会员类别	总持买单量	增减		
期货公司会员	73,407		1,376		

会员类别	总持卖单量	增减		
期货公司会员	71,938		1,520		

