								大连商品交易所 成交量_买持仓_卖持仓排名	

合约代码：c2101		Date：2020-10-27	

			期货公司会员	

名次		会员简称	成交量		增减		
1		国泰君安	186,190		-82,264		
2		东证期货	141,162		-37,392		
3		华泰期货	96,084		-41,914		
4		国富期货	55,890		-12,004		
5		广州金控	45,748		21,934		
6		中辉期货	40,305		-3,198		
7		北京首创	33,253		15,932		
8		冠通期货	32,144		6,564		
9		永安期货	26,468		-38,219		
10		南华期货	25,542		12,993		
11		中信期货	24,136		-20,710		
12		天风期货	21,140		-6,481		
13		申银万国	19,269		3,239		
14		华西期货	18,707		-8,578		
15		光大期货	17,587		-33,683		
16		银河期货	16,787		-21,277		
17		海通期货	15,652		-21,083		
18		中信建投	15,576		-28,554		
19		方正中期	15,063		-9,447		
20		中粮期货	14,763		-5,019		
总计				861,466		-309,161	

名次		会员简称	持买单量	增减		
1		永安期货	162,969		-739		
2		东证期货	74,303		2,415		
3		五矿经易	60,689		-435		
4		国泰君安	56,154		-15,023		
5		国投安信	52,135		-442		
6		光大期货	48,833		1,666		
7		中信期货	47,449		-53		
8		中粮期货	45,209		598		
9		华融融达	39,045		-1,536		
10		鲁证期货	38,816		2,552		
11		一德期货	32,445		-300		
12		申银万国	32,198		2,990		
13		东兴期货	32,081		-6,746		
14		东吴期货	28,850		-957		
15		海证期货	27,910		871		
16		北京首创	23,990		-2,536		
17		山西三立	22,643		-6		
18		浙商期货	19,057		1,889		
19		海通期货	18,951		3,611		
20		华泰期货	18,548		1,042		
总计				882,275		-11,139		

名次		会员简称	持卖单量	增减		
1		中粮期货	200,777		-2,204		
2		中信期货	103,449		-760		
3		光大期货	80,881		5,427		
4		国泰君安	59,284		-271		
5		永安期货	53,681		-2,371		
6		南华期货	48,435		-17,453		
7		国投安信	48,229		-86		
8		中国国际	40,056		-159		
9		国富期货	31,334		368		
10		建信期货	29,290		-1,915		
11		浙商期货	25,486		-3,703		
12		国贸期货	24,546		990		
13		广发期货	23,807		465		
14		中辉期货	23,220		-14,836		
15		华安期货	23,079		2,745		
16		华泰期货	19,676		-630		
17		民生期货	19,206		409		
18		一德期货	16,265		454		
19		鲁证期货	15,641		-107		
20		信达期货	15,356		131		
总计				901,698		-33,506		



会员类别	总成交量	增减		
期货公司会员	861,466		-309,161	

会员类别	总持买单量	增减		
期货公司会员	882,275		-11,139		

会员类别	总持卖单量	增减		
期货公司会员	901,698		-33,506		

