								大连商品交易所 成交量_买持仓_卖持仓排名	

合约代码：j2102		Date：2020-11-23	

			期货公司会员	

名次		会员简称	成交量		增减		
1		中辉期货	18,640		9,186		
2		海通期货	14,331		4,517		
3		国富期货	12,567		-7,114		
4		徽商期货	11,836		753		
5		浙商期货	10,564		7,700		
6		银河期货	10,309		-2,460		
7		华泰期货	9,241		6,726		
8		国泰君安	8,877		342		
9		申银万国	8,811		996		
10		上海大陆	8,600		2,997		
11		先锋期货	8,090		4,137		
12		上海东亚	7,683		5,606		
13		瑞达期货	7,657		4,192		
14		宏源期货	6,611		3,771		
15		弘业期货	5,637		1,582		
16		海证期货	5,316		3,052		
17		安粮期货	4,884		2,633		
18		南华期货	4,762		-971		
19		东吴期货	4,581		1,201		
20		中财期货	4,458		1,936		
总计				173,455		50,782		

名次		会员简称	持买单量	增减		
1		东证期货	3,412		12		
2		东吴期货	1,692		389		
3		申银万国	971		1		
4		创元期货	698		28		
5		中大期货	667		26		
6		华安期货	586		339		
7		弘业期货	419		27		
8		南华期货	409		-2		
9		海通期货	368		-373		
10		国信期货	365		-16		
11		冠通期货	365		2		
12		山西三立	364		0		
13		国元期货	357		-1		
14		锦泰期货	331		329		
15		永安期货	327		40		
16		兴证期货	312		-78		
17		瑞达期货	269		-31		
18		华融融达	237		-158		
19		中信期货	235		-126		
20		中信建投	219		-13		
总计				12,603		395		

名次		会员简称	持卖单量	增减		
1		东证期货	3,409		-15		
2		东吴期货	1,695		378		
3		申银万国	949		40		
4		创元期货	663		-4		
5		中大期货	636		-1		
6		华安期货	575		324		
7		海通期货	408		-294		
8		南华期货	408		0		
9		弘业期货	400		0		
10		国信期货	382		60		
11		山西三立	362		-20		
12		冠通期货	360		-1		
13		国元期货	357		-19		
14		兴证期货	324		1		
15		永安期货	321		4		
16		锦泰期货	309		284		
17		银河期货	308		-73		
18		瑞达期货	276		-2		
19		中信建投	274		-7		
20		新湖期货	269		1		
总计				12,685		656		



会员类别	总成交量	增减		
期货公司会员	173,455		50,782		

会员类别	总持买单量	增减		
期货公司会员	12,603		395		

会员类别	总持卖单量	增减		
期货公司会员	12,685		656		

