								大连商品交易所 成交量_买持仓_卖持仓排名	

合约代码：pp2102		Date：2020-11-23	

			期货公司会员	

名次		会员简称	成交量		增减		
1		东证期货	31,703		-670		
2		中信期货	12,265		1,510		
3		中辉期货	9,013		-8,364		
4		申银万国	7,926		-4,012		
5		瑞达期货	7,587		5,329		
6		中财期货	7,552		5,516		
7		长江期货	7,129		5,725		
8		海通期货	6,945		-7,171		
9		东航期货	6,925		5,383		
10		国泰君安	6,901		-9,253		
11		五矿经易	6,265		3,910		
12		迈科期货	5,734		1,198		
13		恒泰期货	5,574		-8,114		
14		方正中期	5,557		129		
15		南华期货	3,921		-257		
16		国富期货	3,807		-701		
17		中信建投	3,041		2,494		
18		鲁证期货	2,954		-100		
19		国海良时	2,827		-5,439		
20		国元期货	2,776		1,323		
总计				146,402		-11,564		

名次		会员简称	持买单量	增减		
1		国泰君安	3,856		33		
2		中信期货	1,783		231		
3		鲁证期货	933		-41		
4		中信建投	723		4		
5		五矿经易	682		0		
6		申银万国	544		5		
7		东吴期货	438		0		
8		南华期货	437		-45		
9		恒泰期货	407		-3		
10		中大期货	369		0		
11		国信期货	327		88		
12		招商期货	223		-4		
13		华泰期货	221		76		
14		东航期货	181		2		
15		海通期货	173		25		
16		国海良时	169		-7		
17		平安期货	159		-9		
18		东证期货	154		39		
19		一德期货	146		-200		
20		国富期货	139		8		
总计				12,064		202		

名次		会员简称	持卖单量	增减		
1		国泰君安	4,209		-24		
2		中信期货	1,467		180		
3		鲁证期货	853		-41		
4		华泰期货	686		161		
5		五矿经易	669		5		
6		中信建投	515		9		
7		申银万国	455		15		
8		东吴期货	451		3		
9		中大期货	433		1		
10		恒泰期货	402		-1		
11		建信期货	313		302		
12		兴证期货	303		13		
13		南华期货	300		0		
14		浙商期货	291		20		
15		中粮期货	261		0		
16		新湖期货	258		53		
17		江西瑞奇	206		31		
18		东证期货	194		12		
19		国海良时	174		-2		
20		海通期货	164		2		
总计				12,604		739		



会员类别	总成交量	增减		
期货公司会员	146,402		-11,564		

会员类别	总持买单量	增减		
期货公司会员	12,064		202		

会员类别	总持卖单量	增减		
期货公司会员	12,604		739		

