								大连商品交易所 成交量_买持仓_卖持仓排名	

合约代码：c2107		Date：2020-11-23	

			期货公司会员	

名次		会员简称	成交量		增减		
1		华泰期货	33,935		8,898		
2		国泰君安	24,111		6,546		
3		中辉期货	15,146		6,657		
4		冠通期货	11,691		6,644		
5		东证期货	11,233		3,155		
6		弘业期货	8,916		1,614		
7		光大期货	8,435		3,082		
8		国富期货	8,256		3,040		
9		新湖期货	7,890		2,822		
10		五矿经易	6,080		1,848		
11		中信建投	5,874		2,635		
12		鲁证期货	5,246		2,658		
13		海通期货	4,961		-579		
14		国海良时	4,636		1,355		
15		中信期货	4,628		1,279		
16		宏源期货	4,262		2,247		
17		浙商期货	4,123		-217		
18		金瑞期货	3,985		567		
19		永安期货	3,803		1,263		
20		海证期货	3,693		3,631		
总计				180,904		59,145		

名次		会员简称	持买单量	增减		
1		鲁证期货	28,417		2		
2		一德期货	13,471		0		
3		国泰君安	11,000		-14		
4		中州期货	10,440		1,000		
5		中信建投	10,241		-617		
6		国富期货	7,881		247		
7		永安期货	3,837		28		
8		中辉期货	3,497		-2		
9		中信期货	2,619		64		
10		申银万国	2,296		496		
11		建信期货	2,200		2,200		
12		混沌天成	1,900		0		
13		东证期货	1,703		-47		
14		中大期货	1,572		134		
15		华泰期货	1,443		12		
16		国信期货	1,387		0		
17		海证期货	1,207		2		
18		倍特期货	1,118		1,046		
19		浙商期货	1,051		1		
20		海通期货	1,028		-8		
总计				108,308		4,544		

名次		会员简称	持卖单量	增减		
1		中信期货	11,886		84		
2		光大期货	11,782		-996		
3		东证期货	11,238		2,258		
4		金瑞期货	8,367		-1		
5		国投安信	6,290		-3		
6		东吴期货	6,063		-883		
7		鲁证期货	5,800		24		
8		徽商期货	5,049		182		
9		国泰君安	3,355		-21		
10		永安期货	3,046		101		
11		兴证期货	2,977		652		
12		东海期货	2,552		1		
13		华安期货	2,501		-52		
14		申银万国	2,370		602		
15		长江期货	2,181		51		
16		北京首创	2,092		359		
17		冠通期货	2,040		675		
18		中大期货	1,669		170		
19		金元期货	1,626		3		
20		海通期货	1,544		-75		
总计				94,428		3,131		



会员类别	总成交量	增减		
期货公司会员	180,904		59,145		

会员类别	总持买单量	增减		
期货公司会员	108,308		4,544		

会员类别	总持卖单量	增减		
期货公司会员	94,428		3,131		

