								大连商品交易所 成交量_买持仓_卖持仓排名	

合约代码：eb2102		Date：2020-11-23	

			期货公司会员	

名次		会员简称	成交量		增减		
1		兴证期货	22,245		3,795		
2		徽商期货	20,385		9,786		
3		鲁证期货	19,381		9,546		
4		创元期货	17,797		16,510		
5		山西三立	16,744		7,106		
6		国投安信	16,117		9,642		
7		冠通期货	15,937		11,825		
8		安粮期货	14,125		-655		
9		国金期货	9,484		-77		
10		天风期货	9,477		7,148		
11		宝城期货	9,394		190		
12		一德期货	9,303		34		
13		国贸期货	9,181		9,151		
14		中投期货	8,619		8,466		
15		江西瑞奇	8,500		8,462		
16		海通期货	7,813		-3,097		
17		混沌天成	6,185		-3,082		
18		中衍期货	6,051		6,033		
19		中辉期货	5,044		-2,519		
20		中信期货	3,649		1,526		
总计				235,431		99,790		

名次		会员简称	持买单量	增减		
1		中信期货	3,704		298		
2		国泰君安	2,814		28		
3		鲁证期货	2,494		27		
4		东吴期货	2,275		-2		
5		永安期货	1,720		149		
6		东证期货	1,490		-12		
7		华鑫期货	1,487		-2		
8		华泰期货	1,329		164		
9		信达期货	1,310		-703		
10		银河期货	1,108		24		
11		海通期货	901		106		
12		中财期货	792		69		
13		海证期货	705		3		
14		锦泰期货	685		155		
15		申银万国	619		15		
16		浙江新世纪	611		23		
17		招商期货	527		-27		
18		中银期货	485		-205		
19		浙商期货	469		226		
20		徽商期货	449		106		
总计				25,974		442		

名次		会员简称	持卖单量	增减		
1		华泰期货	5,428		164		
2		银河期货	4,090		43		
3		国泰君安	2,895		53		
4		中信期货	2,573		203		
5		华鑫期货	1,442		-6		
6		国信期货	1,400		-3		
7		东吴期货	1,342		100		
8		鲁证期货	1,282		84		
9		先锋期货	1,200		209		
10		海通期货	1,197		5		
11		东海期货	1,006		55		
12		东证期货	912		7		
13		天风期货	719		103		
14		海证期货	615		2		
15		浙商期货	610		-22		
16		国富期货	519		-1		
17		申银万国	517		74		
18		信达期货	500		0		
19		中粮期货	500		-25		
20		广发期货	450		60		
总计				29,197		1,105		



会员类别	总成交量	增减		
期货公司会员	235,431		99,790		

会员类别	总持买单量	增减		
期货公司会员	25,974		442		

会员类别	总持卖单量	增减		
期货公司会员	29,197		1,105		

