								大连商品交易所 成交量_买持仓_卖持仓排名	

合约代码：c2109		Date：2020-11-23	

			期货公司会员	

名次		会员简称	成交量		增减		
1		光大期货	13,774		10,070		
2		海证期货	10,631		10,549		
3		国盛期货	9,570		9,564		
4		东证期货	7,861		5,999		
5		国泰君安	7,666		4,895		
6		国投安信	6,451		6,033		
7		中信建投	6,374		6,117		
8		宏源期货	3,885		1,821		
9		金瑞期货	3,785		606		
10		中金期货	3,682		3,682		
11		华安期货	3,497		2,800		
12		徽商期货	3,230		2,283		
13		安粮期货	2,919		2,266		
14		方正中期	2,617		1,735		
15		兴证期货	2,487		1,387		
16		申银万国	2,391		2,170		
17		华融融达	2,059		1,546		
18		平安期货	2,012		1,983		
19		北京首创	1,991		1,639		
20		冠通期货	1,943		1,772		
总计				98,825		78,917		

名次		会员简称	持买单量	增减		
1		鲁证期货	31,258		-25		
2		国泰君安	25,042		3,254		
3		建信期货	16,155		1,106		
4		海通期货	11,155		978		
5		一德期货	10,710		-75		
6		中信建投	8,102		-33		
7		安粮期货	6,330		2,456		
8		东吴期货	5,867		49		
9		中州期货	5,101		8		
10		华融融达	2,621		2,012		
11		东海期货	2,553		-25		
12		混沌天成	2,366		250		
13		国投安信	2,348		1,581		
14		中粮期货	2,020		1,032		
15		华安期货	1,875		-354		
16		金瑞期货	1,745		0		
17		永安期货	1,697		384		
18		金元期货	1,616		0		
19		福能期货	1,282		-85		
20		兴证期货	1,220		152		
总计				141,063		12,665		

名次		会员简称	持卖单量	增减		
1		永安期货	17,551		-1		
2		国盛期货	17,504		9,568		
3		北京首创	17,008		1,973		
4		国投安信	13,173		2,454		
5		东证期货	12,100		859		
6		平安期货	11,555		1,934		
7		中信期货	6,686		148		
8		中金期货	5,966		3,682		
9		兴证期货	5,848		-761		
10		华融融达	5,835		35		
11		五矿经易	3,948		222		
12		浙商期货	2,839		37		
13		新湖期货	2,492		1,138		
14		信达期货	2,328		49		
15		华安期货	2,282		1,213		
16		长江期货	2,156		86		
17		申银万国	2,022		1,520		
18		光大期货	1,981		-5,665		
19		方正中期	1,828		156		
20		美尔雅期货	1,588		3		
总计				136,690		18,650		



会员类别	总成交量	增减		
期货公司会员	98,825		78,917		

会员类别	总持买单量	增减		
期货公司会员	141,063		12,665		

会员类别	总持卖单量	增减		
期货公司会员	136,690		18,650		

