								大连商品交易所 成交量_买持仓_卖持仓排名	

合约代码：y2109		Date：2020-11-23	

			期货公司会员	

名次		会员简称	成交量		增减		
1		光大期货	2,023		356		
2		宏源期货	1,820		304		
3		锦泰期货	1,577		163		
4		中粮期货	1,313		870		
5		东证期货	1,137		-146		
6		招金期货	943		-230		
7		银河期货	933		467		
8		北京首创	603		487		
9		华安期货	595		372		
10		中天期货	507		-298		
11		五矿经易	461		-881		
12		国泰君安	410		-408		
13		中信期货	369		103		
14		兴证期货	359		244		
15		摩根大通	359		65		
16		广发期货	358		223		
17		东航期货	326		169		
18		华泰期货	300		182		
19		浙商期货	298		232		
20		英大期货	294		-21		
总计				14,985		2,253		

名次		会员简称	持买单量	增减		
1		五矿经易	8,105		-33		
2		国泰君安	4,349		11		
3		东证期货	2,925		-59		
4		金元期货	2,602		0		
5		中财期货	2,252		63		
6		平安期货	2,175		0		
7		中州期货	1,507		2		
8		摩根大通	1,421		100		
9		银河期货	1,235		762		
10		一德期货	1,001		-31		
11		中信期货	835		10		
12		永安期货	822		30		
13		上海中期	666		64		
14		广发期货	620		310		
15		国投安信	591		-17		
16		弘业期货	533		215		
17		英大期货	519		294		
18		中粮期货	495		-130		
19		光大期货	481		94		
20		广州期货	479		-42		
总计				33,613		1,643		

名次		会员简称	持卖单量	增减		
1		摩根大通	9,687		259		
2		中粮期货	5,912		999		
3		国投安信	4,738		40		
4		一德期货	2,969		0		
5		永安期货	2,899		23		
6		信达期货	2,240		0		
7		光大期货	1,829		15		
8		北京首创	1,704		0		
9		银河期货	1,339		35		
10		华泰期货	1,239		70		
11		东证期货	1,167		-40		
12		中国国际	1,068		-6		
13		国泰君安	645		1		
14		宏源期货	625		46		
15		国富期货	516		-1		
16		前海期货	320		0		
17		中州期货	224		-4		
18		山西三立	220		0		
19		国联期货	206		199		
20		徽商期货	190		17		
总计				39,737		1,653		



会员类别	总成交量	增减		
期货公司会员	14,985		2,253		

会员类别	总持买单量	增减		
期货公司会员	33,613		1,643		

会员类别	总持卖单量	增减		
期货公司会员	39,737		1,653		

