								大连商品交易所 成交量_买持仓_卖持仓排名	

合约代码：v2101		Date：2020-11-23	

			期货公司会员	

名次		会员简称	成交量		增减		
1		东证期货	112,919		30,288		
2		兴证期货	40,335		348		
3		国泰君安	25,534		2,748		
4		海通期货	15,369		-785		
5		华金期货	15,179		-2,780		
6		国富期货	13,852		-1,502		
7		永安期货	13,746		3,350		
8		中信期货	12,717		-16,215		
9		申银万国	8,084		2,965		
10		中信建投	7,939		3,528		
11		国信期货	7,688		1,615		
12		华泰期货	6,938		418		
13		中辉期货	6,821		1,140		
14		浙商期货	6,391		3,020		
15		徽商期货	5,766		58		
16		方正中期	5,432		-1,457		
17		新湖期货	5,008		883		
18		中财期货	4,907		-819		
19		招商期货	4,715		1,662		
20		银河期货	4,405		273		
总计				323,745		28,738		

名次		会员简称	持买单量	增减		
1		永安期货	37,002		2,318		
2		中信期货	17,464		-557		
3		华泰期货	10,046		428		
4		国泰君安	9,783		-762		
5		国投安信	8,750		-929		
6		中粮期货	8,619		214		
7		银河期货	7,529		173		
8		东证期货	6,621		-3,176		
9		申银万国	6,551		498		
10		浙商期货	6,336		2,774		
11		南华期货	6,086		-495		
12		鲁证期货	5,870		1,055		
13		兴证期货	5,531		897		
14		方正中期	4,991		430		
15		瑞达期货	4,550		796		
16		一德期货	4,450		336		
17		宏源期货	4,302		49		
18		海通期货	4,138		876		
19		东航期货	4,101		-604		
20		招商期货	3,989		-715		
总计				166,709		3,606		

名次		会员简称	持卖单量	增减		
1		永安期货	30,966		1,470		
2		国信期货	14,995		1,986		
3		建信期货	12,891		1,321		
4		中财期货	12,856		-619		
5		兴业期货	11,457		-926		
6		中国国际	10,683		142		
7		浙商期货	8,596		61		
8		申银万国	8,534		2,056		
9		国贸期货	8,329		-137		
10		一德期货	8,260		-556		
11		东证期货	8,114		369		
12		中信建投	7,558		-1,672		
13		中信期货	7,065		198		
14		方正中期	6,706		-406		
15		国泰君安	6,262		68		
16		大地期货	5,320		279		
17		华泰期货	4,828		374		
18		广发期货	4,674		157		
19		银河期货	4,543		-32		
20		宏源期货	4,519		-359		
总计				187,156		3,774		



会员类别	总成交量	增减		
期货公司会员	323,745		28,738		

会员类别	总持买单量	增减		
期货公司会员	166,709		3,606		

会员类别	总持卖单量	增减		
期货公司会员	187,156		3,774		

