								大连商品交易所 成交量_买持仓_卖持仓排名	

合约代码：jd2102		Date：2020-11-23	

			期货公司会员	

名次		会员简称	成交量		增减		
1		东证期货	4,287		872		
2		光大期货	1,589		238		
3		国泰君安	1,263		321		
4		徽商期货	1,226		144		
5		申银万国	1,068		292		
6		金瑞期货	610		106		
7		宏源期货	582		-136		
8		美尔雅期货	576		389		
9		格林大华	511		276		
10		银河期货	501		389		
11		华安期货	500		-136		
12		汇鑫期货	468		396		
13		广发期货	440		167		
14		中信建投	423		-315		
15		先锋期货	421		75		
16		东方财富	411		-70		
17		中信期货	405		92		
18		浙商期货	401		168		
19		中辉期货	397		62		
20		国金期货	384		11		
总计				16,463		3,341		

名次		会员简称	持买单量	增减		
1		徽商期货	2,250		267		
2		汇鑫期货	1,963		456		
3		银河期货	1,584		7		
4		东方财富	1,561		134		
5		东吴期货	1,555		75		
6		国泰君安	1,488		131		
7		中信建投	1,196		13		
8		浙商期货	1,142		300		
9		中辉期货	1,138		14		
10		福能期货	1,120		185		
11		方正中期	1,067		122		
12		中信期货	1,042		83		
13		永安期货	1,009		4		
14		广发期货	1,005		143		
15		中粮期货	875		12		
16		光大期货	848		-76		
17		东证期货	811		-12		
18		美尔雅期货	810		-392		
19		申银万国	766		52		
20		中国国际	760		-131		
总计				23,990		1,387		

名次		会员简称	持卖单量	增减		
1		先锋期货	5,287		-121		
2		宏源期货	4,233		-82		
3		光大期货	2,935		29		
4		徽商期货	2,750		199		
5		永安期货	2,084		-114		
6		国泰君安	1,541		-162		
7		华安期货	1,534		101		
8		海航期货	1,363		69		
9		中原期货	1,316		48		
10		东海期货	1,146		50		
11		安粮期货	1,074		50		
12		中信建投	1,037		174		
13		盛达期货	900		33		
14		申银万国	705		178		
15		方正中期	687		13		
16		上海大陆	684		-1		
17		北京首创	683		1		
18		国金期货	613		9		
19		东吴期货	575		64		
20		招金期货	529		32		
总计				31,676		570		



会员类别	总成交量	增减		
期货公司会员	16,463		3,341		

会员类别	总持买单量	增减		
期货公司会员	23,990		1,387		

会员类别	总持卖单量	增减		
期货公司会员	31,676		570		

