								大连商品交易所 成交量_买持仓_卖持仓排名	

合约代码：pg2101		Date：2020-11-23	

			期货公司会员	

名次		会员简称	成交量		增减		
1		华泰期货	14,595		-9,094		
2		方正中期	5,661		-111		
3		中信期货	5,599		529		
4		光大期货	4,340		-1,197		
5		东海期货	4,146		-1,551		
6		银河期货	3,937		347		
7		海通期货	2,861		-63		
8		兴证期货	2,586		2,139		
9		徽商期货	2,389		-1,849		
10		国泰君安	2,169		-1,028		
11		东证期货	2,145		-1,832		
12		广发期货	2,119		-5,018		
13		华安期货	2,050		-805		
14		永安期货	2,034		-793		
15		美尔雅期货	1,662		387		
16		申银万国	1,631		-578		
17		财信期货	1,575		-348		
18		中信建投	1,510		-536		
19		安粮期货	1,255		79		
20		国信期货	1,202		738		
总计				65,466		-20,584		

名次		会员简称	持买单量	增减		
1		广发期货	5,822		-262		
2		银河期货	3,066		118		
3		方正中期	2,787		-644		
4		永安期货	2,561		284		
5		兴业期货	2,098		1		
6		东证期货	2,032		-152		
7		招金期货	1,800		-198		
8		中粮期货	1,679		221		
9		徽商期货	1,412		-255		
10		光大期货	1,328		-402		
11		浙商期货	1,283		-22		
12		国泰君安	1,187		116		
13		华安期货	1,095		-270		
14		国投安信	791		-15		
15		中信期货	766		-74		
16		海通期货	762		-68		
17		弘业期货	747		-40		
18		中辉期货	640		-98		
19		国元期货	581		57		
20		国盛期货	502		-2		
总计				32,939		-1,705		

名次		会员简称	持卖单量	增减		
1		中信期货	9,675		-77		
2		永安期货	6,866		-66		
3		东证期货	3,339		-291		
4		美尔雅期货	2,228		-810		
5		东吴期货	2,077		-28		
6		华泰期货	1,662		-115		
7		国投安信	1,213		-22		
8		中信建投	1,038		-282		
9		平安期货	868		-168		
10		海通期货	749		-23		
11		兴证期货	720		493		
12		浙商期货	715		12		
13		鲁证期货	644		91		
14		瑞达期货	622		-439		
15		东海期货	575		-51		
16		国泰君安	554		-171		
17		申银万国	466		138		
18		上海中期	444		0		
19		银河期货	389		-29		
20		方正中期	377		33		
总计				35,221		-1,805		



会员类别	总成交量	增减		
期货公司会员	65,466		-20,584		

会员类别	总持买单量	增减		
期货公司会员	32,939		-1,705		

会员类别	总持卖单量	增减		
期货公司会员	35,221		-1,805		

