								大连商品交易所 成交量_买持仓_卖持仓排名	

合约代码：b2011		Date：2020-09-14	

			期货公司会员	

名次		会员简称	成交量		增减		
1		华泰期货	34,577		5,519		
2		国富期货	9,858		2,859		
3		国泰君安	7,992		2,538		
4		海通期货	6,892		880		
5		中信期货	6,659		1,947		
6		方正中期	5,967		2,826		
7		东证期货	5,381		1,261		
8		徽商期货	5,268		1,916		
9		光大期货	5,248		2,146		
10		国投安信	4,540		1,411		
11		东方财富	4,526		2,341		
12		中天期货	4,411		2,771		
13		南华期货	3,991		1,536		
14		国元期货	3,376		2,532		
15		中信建投	2,844		-448		
16		华闻期货	2,820		406		
17		华安期货	2,681		-62		
18		宏源期货	2,539		-415		
19		申银万国	2,326		-31		
20		渤海期货	2,272		343		
总计				124,168		32,276		

名次		会员简称	持买单量	增减		
1		华泰期货	1,668		41		
2		国投安信	1,486		54		
3		光大期货	1,342		103		
4		中信期货	1,299		10		
5		东证期货	1,277		38		
6		海通期货	1,261		47		
7		申银万国	1,196		-57		
8		宏源期货	1,128		196		
9		国泰君安	1,123		-62		
10		徽商期货	1,104		624		
11		五矿经易	972		5		
12		方正中期	966		185		
13		东方财富	907		183		
14		南华期货	844		634		
15		中原期货	815		-21		
16		永安期货	744		103		
17		平安期货	731		31		
18		渤海期货	688		10		
19		弘业期货	688		69		
20		中粮期货	679		-12		
总计				20,918		2,181		

名次		会员简称	持卖单量	增减		
1		上海中期	2,647		629		
2		国投安信	1,756		160		
3		新湖期货	1,646		245		
4		宏源期货	1,572		179		
5		东证期货	1,508		191		
6		五矿经易	1,452		-12		
7		光大期货	1,166		-107		
8		北京首创	1,009		995		
9		先锋期货	961		77		
10		先融期货	837		-31		
11		美尔雅期货	829		304		
12		中州期货	828		262		
13		中原期货	801		-11		
14		南华期货	766		125		
15		方正中期	723		110		
16		中信建投	712		125		
17		广发期货	708		100		
18		华闻期货	704		14		
19		渤海期货	695		-24		
20		国海良时	665		-40		
总计				21,985		3,291		



会员类别	总成交量	增减		
期货公司会员	124,168		32,276		

会员类别	总持买单量	增减		
期货公司会员	20,918		2,181		

会员类别	总持卖单量	增减		
期货公司会员	21,985		3,291		

