								大连商品交易所 成交量_买持仓_卖持仓排名	

合约代码：c2011		Date：2020-09-14	

			期货公司会员	

名次		会员简称	成交量		增减		
1		华闻期货	30,174		12,080		
2		光大期货	20,086		6,572		
3		方正中期	18,334		6,326		
4		国泰君安	13,014		1,220		
5		中大期货	9,682		4,852		
6		中粮期货	9,168		3,376		
7		鲁证期货	8,787		2,975		
8		申银万国	8,786		6,148		
9		格林大华	7,107		2,335		
10		银河期货	5,822		45		
11		冠通期货	5,746		3,378		
12		东证期货	4,857		2,292		
13		永安期货	4,841		1,631		
14		弘业期货	4,177		2,020		
15		中信期货	3,994		1,070		
16		国海良时	3,904		122		
17		五矿经易	3,679		2,172		
18		华泰期货	3,440		-487		
19		中天期货	3,310		1,724		
20		国投安信	3,119		2,703		
总计				172,027		62,554		

名次		会员简称	持买单量	增减		
1		国投安信	14,431		2,879		
2		弘业期货	2,295		41		
3		中大期货	2,039		-1,013		
4		兴证期货	1,529		-2		
5		冠通期货	1,404		-378		
6		国泰君安	937		30		
7		中信期货	693		-48		
8		北京首创	650		288		
9		中辉期货	606		362		
10		永安期货	590		-18		
11		华安期货	424		-1		
12		格林大华	410		-48		
13		东吴期货	405		200		
14		中粮期货	372		15		
15		国富期货	323		0		
16		锦泰期货	317		-18		
17		光大期货	307		-89		
18		铜冠金源	300		300		
19		鲁证期货	299		-12		
20		南华期货	254		1		
总计				28,585		2,489		

名次		会员简称	持卖单量	增减		
1		民生期货	4,890		393		
2		银河期货	3,104		894		
3		弘业期货	2,307		4		
4		格林大华	2,253		785		
5		中信期货	1,782		202		
6		永安期货	1,684		-131		
7		国泰君安	1,583		390		
8		海通期货	1,583		85		
9		广州金控	1,107		-2		
10		中大期货	1,028		-519		
11		国投安信	975		-86		
12		一德期货	726		0		
13		南华期货	722		61		
14		中信建投	660		-64		
15		华安期货	476		-196		
16		中粮期货	438		5		
17		五矿经易	421		-121		
18		光大期货	400		15		
19		招商期货	391		52		
20		中融汇信	350		0		
总计				26,880		1,767		



会员类别	总成交量	增减		
期货公司会员	172,027		62,554		

会员类别	总持买单量	增减		
期货公司会员	28,585		2,489		

会员类别	总持卖单量	增减		
期货公司会员	26,880		1,767		

