								大连商品交易所 成交量_买持仓_卖持仓排名	

合约代码：c2103		Date：2020-09-14	

			期货公司会员	

名次		会员简称	成交量		增减		
1		广发期货	4,165		1,145		
2		东证期货	3,342		1,356		
3		华闻期货	2,775		-3,927		
4		鲁证期货	1,939		-5,245		
5		中粮期货	1,704		85		
6		海通期货	1,556		-2,694		
7		宏源期货	1,486		152		
8		中大期货	1,435		-119		
9		宝城期货	1,320		339		
10		徽商期货	1,293		855		
11		中信期货	1,218		-220		
12		国海良时	1,176		-567		
13		国泰君安	1,126		-3,725		
14		中天期货	1,099		591		
15		永安期货	964		95		
16		浙商期货	873		145		
17		弘业期货	857		96		
18		格林大华	658		-348		
19		光大期货	630		576		
20		冠通期货	627		83		
总计				30,243		-11,327		

名次		会员简称	持买单量	增减		
1		鲁证期货	6,732		6		
2		中信期货	2,809		-2		
3		一德期货	2,503		0		
4		浙商期货	2,045		-9		
5		海通期货	2,008		1		
6		东证期货	1,668		104		
7		中大期货	1,430		3		
8		永安期货	1,405		-2		
9		格林大华	1,317		-188		
10		中粮期货	1,050		321		
11		摩根大通	1,000		0		
12		五矿经易	931		0		
13		英大期货	550		0		
14		锦泰期货	470		0		
15		申银万国	355		6		
16		迈科期货	150		0		
17		国富期货	138		0		
18		宏源期货	131		-341		
19		中辉期货	86		10		
20		国海良时	73		-4		
总计				26,851		-95		

名次		会员简称	持卖单量	增减		
1		华安期货	3,023		17		
2		兴证期货	2,563		-1		
3		海通期货	2,011		1		
4		浙商期货	1,927		-8		
5		中信期货	1,805		-4		
6		东证期货	1,682		52		
7		中大期货	1,462		6		
8		永安期货	1,402		-2		
9		格林大华	1,317		-188		
10		中粮期货	1,179		327		
11		鲁证期货	1,071		1		
12		五矿经易	1,011		0		
13		国海良时	902		-4		
14		锦泰期货	565		5		
15		冠通期货	537		7		
16		东航期货	385		-2		
17		平安期货	336		-26		
18		银河期货	318		-1		
19		申银万国	314		1		
20		国信期货	272		0		
总计				24,082		181		



会员类别	总成交量	增减		
期货公司会员	30,243		-11,327		

会员类别	总持买单量	增减		
期货公司会员	26,851		-95		

会员类别	总持卖单量	增减		
期货公司会员	24,082		181		

