								大连商品交易所 成交量_买持仓_卖持仓排名	

合约代码：cs2011		Date：2020-09-14	

			期货公司会员	

名次		会员简称	成交量		增减		
1		华泰期货	15,370		6,259		
2		海通期货	5,644		-206		
3		光大期货	3,303		340		
4		中信期货	3,003		-56		
5		五矿经易	2,972		-263		
6		鲁证期货	2,969		-42		
7		国泰君安	2,337		799		
8		国富期货	1,911		-18		
9		中粮期货	1,900		-215		
10		南华期货	1,839		-191		
11		东证期货	1,831		30		
12		方正中期	1,481		-1,555		
13		浙商期货	1,401		89		
14		中信建投	1,390		-119		
15		华闻期货	1,387		-116		
16		金瑞期货	1,186		-57		
17		银河期货	908		373		
18		新湖期货	883		775		
19		招商期货	697		354		
20		格林大华	578		-1,407		
总计				52,990		4,774		

名次		会员简称	持买单量	增减		
1		中信期货	2,321		80		
2		五矿经易	2,145		0		
3		永安期货	1,469		43		
4		南华期货	1,454		4		
5		鲁证期货	1,291		-121		
6		银河期货	1,109		406		
7		光大期货	1,009		0		
8		招商期货	960		147		
9		国泰君安	930		-26		
10		华泰期货	907		11		
11		海通期货	831		-6		
12		格林大华	704		-99		
13		中粮期货	505		5		
14		新湖期货	321		-1		
15		华安期货	312		37		
16		东证期货	295		-5		
17		津投期货	285		171		
18		中钢期货	237		-73		
19		东吴期货	201		0		
20		兴证期货	192		-2		
总计				17,478		571		

名次		会员简称	持卖单量	增减		
1		五矿经易	2,943		-424		
2		中信期货	2,050		27		
3		国泰君安	1,847		-63		
4		金瑞期货	1,556		179		
5		鲁证期货	1,513		110		
6		中粮期货	1,305		5		
7		南华期货	1,105		1		
8		光大期货	1,023		11		
9		招商期货	1,000		192		
10		海通期货	821		-6		
11		华泰期货	779		227		
12		格林大华	702		-101		
13		东证期货	350		26		
14		国富期货	341		0		
15		新湖期货	310		0		
16		广州期货	303		0		
17		东吴期货	200		0		
18		华闻期货	74		8		
19		金信期货	68		64		
20		银河期货	65		-44		
总计				18,355		212		



会员类别	总成交量	增减		
期货公司会员	52,990		4,774		

会员类别	总持买单量	增减		
期货公司会员	17,478		571		

会员类别	总持卖单量	增减		
期货公司会员	18,355		212		

