								大连商品交易所 成交量_买持仓_卖持仓排名	

合约代码：c2105		Date：2020-09-14	

			期货公司会员	

名次		会员简称	成交量		增减		
1		东证期货	46,713		10,830		
2		华泰期货	44,295		6,644		
3		光大期货	26,429		9,817		
4		中信期货	19,334		4,796		
5		东海期货	13,889		6,795		
6		徽商期货	10,206		3,644		
7		金瑞期货	9,629		4,414		
8		中粮期货	8,734		5,640		
9		国泰君安	8,692		-1,752		
10		永安期货	8,392		2,274		
11		安粮期货	8,360		3,758		
12		华安期货	8,122		3,475		
13		浙商期货	7,655		442		
14		长江期货	6,964		2,452		
15		宏源期货	6,784		1,901		
16		海通期货	6,362		2,612		
17		中辉期货	5,994		3,207		
18		倍特期货	5,536		3,542		
19		国富期货	5,474		3,303		
20		银河期货	5,314		2,943		
总计				262,878		80,737		

名次		会员简称	持买单量	增减		
1		鲁证期货	42,180		-636		
2		北京首创	39,285		-3,877		
3		国泰君安	37,856		833		
4		一德期货	22,382		-1,367		
5		中信建投	20,617		-632		
6		光大期货	20,476		-163		
7		安粮期货	18,974		1,899		
8		中信期货	18,256		-2,046		
9		中州期货	13,272		18		
10		永安期货	12,521		817		
11		金瑞期货	12,076		-1,260		
12		海证期货	11,075		135		
13		华泰期货	10,694		959		
14		华融融达	10,180		-1,797		
15		中辉期货	9,462		312		
16		中粮期货	9,257		2,466		
17		国富期货	7,350		113		
18		东证期货	6,951		467		
19		银河期货	6,800		934		
20		摩根大通	6,319		0		
总计				335,983		-2,825		

名次		会员简称	持卖单量	增减		
1		永安期货	64,508		1,811		
2		中粮期货	39,183		378		
3		光大期货	34,493		676		
4		中信期货	33,850		-2,078		
5		华融融达	25,204		1,287		
6		南华期货	25,019		-4		
7		金瑞期货	23,894		-525		
8		浙商期货	20,827		388		
9		海证期货	18,250		92		
10		国投安信	14,998		306		
11		鲁证期货	14,365		-47		
12		国泰君安	13,317		813		
13		国盛期货	10,102		-38		
14		东证期货	8,665		24		
15		五矿经易	7,884		-950		
16		北京首创	5,929		-432		
17		美尔雅期货	5,358		108		
18		建信期货	5,155		13		
19		方正中期	4,690		6		
20		徽商期货	4,596		275		
总计				380,287		2,103		



会员类别	总成交量	增减		
期货公司会员	262,878		80,737		

会员类别	总持买单量	增减		
期货公司会员	335,983		-2,825		

会员类别	总持卖单量	增减		
期货公司会员	380,287		2,103		

