								大连商品交易所 成交量_买持仓_卖持仓排名	

合约代码：i2105		Date：2020-09-14	

			期货公司会员	

名次		会员简称	成交量		增减		
1		东证期货	7,923		1,223		
2		光大期货	6,701		258		
3		南华期货	3,296		305		
4		国泰君安	3,016		515		
5		中信期货	2,665		-1,684		
6		永安期货	1,976		-499		
7		浙商期货	1,806		1,118		
8		国贸期货	1,654		1,189		
9		国投安信	1,266		727		
10		安粮期货	1,102		-56		
11		渤海期货	942		-1,553		
12		银河期货	851		-927		
13		海通期货	843		-218		
14		弘业期货	838		255		
15		方正中期	833		79		
16		瑞达期货	833		797		
17		鲁证期货	819		582		
18		国富期货	813		63		
19		广发期货	780		538		
20		东海期货	769		460		
总计				39,726		3,172		

名次		会员简称	持买单量	增减		
1		国联期货	8,302		32		
2		永安期货	6,047		1,099		
3		冠通期货	3,911		14		
4		渤海期货	3,629		487		
5		海证期货	3,373		16		
6		银河期货	2,964		99		
7		华泰期货	2,559		73		
8		广发期货	1,867		-287		
9		国贸期货	1,763		1,475		
10		中辉期货	1,631		-16		
11		光大期货	1,321		-283		
12		国信期货	1,212		-41		
13		国泰君安	1,191		-32		
14		上海中期	1,104		62		
15		中信期货	1,099		144		
16		东航期货	1,086		-284		
17		道通期货	1,002		-499		
18		宝城期货	987		9		
19		南华期货	937		428		
20		大地期货	912		-69		
总计				46,897		2,427		

名次		会员简称	持卖单量	增减		
1		五矿经易	6,383		-297		
2		中信期货	4,331		53		
3		永安期货	2,946		133		
4		浙商期货	2,498		-258		
5		一德期货	2,314		-76		
6		鲁证期货	2,272		414		
7		国投安信	2,160		1,059		
8		广发期货	1,944		43		
9		北京首创	1,869		28		
10		海通期货	1,729		10		
11		中信建投	1,716		388		
12		冠通期货	1,701		0		
13		方正中期	1,536		119		
14		国富期货	1,447		-8		
15		银河期货	1,426		0		
16		东航期货	1,403		8		
17		汇鑫期货	1,336		-144		
18		渤海期货	1,312		-77		
19		光大期货	1,215		28		
20		国信期货	1,180		-3		
总计				42,718		1,420		



会员类别	总成交量	增减		
期货公司会员	39,726		3,172		

会员类别	总持买单量	增减		
期货公司会员	46,897		2,427		

会员类别	总持卖单量	增减		
期货公司会员	42,718		1,420		

