								大连商品交易所 成交量_买持仓_卖持仓排名	

合约代码：y2101		Date：2020-09-14	

			期货公司会员	

名次		会员简称	成交量		增减		
1		东证期货	191,173		6,096		
2		国泰君安	119,539		565		
3		国富期货	110,978		15,140		
4		光大期货	69,423		13,683		
5		中信期货	66,291		2,584		
6		兴证期货	58,888		-2,612		
7		申银万国	55,303		3,034		
8		海通期货	34,773		1,379		
9		华闻期货	34,134		5,517		
10		中粮期货	22,006		2,057		
11		华泰期货	21,976		-2,228		
12		华安期货	21,523		4,537		
13		银河期货	20,876		-4,147		
14		徽商期货	19,599		189		
15		方正中期	18,851		2,137		
16		国投安信	16,793		1,612		
17		广发期货	15,334		5,082		
18		永安期货	15,320		-1,139		
19		宏源期货	15,120		502		
20		华西期货	12,558		3,264		
总计				940,458		57,252		

名次		会员简称	持买单量	增减		
1		永安期货	44,347		1,692		
2		国泰君安	33,117		3,788		
3		银河期货	27,800		-171		
4		中粮期货	27,618		1,564		
5		一德期货	27,555		-817		
6		广发期货	26,916		2,716		
7		华泰期货	23,194		1,269		
8		五矿经易	22,828		-850		
9		浙商期货	21,626		-270		
10		中信期货	20,158		540		
11		大越期货	17,176		40		
12		海通期货	16,316		3,995		
13		申银万国	15,777		4,054		
14		东证期货	15,113		832		
15		天风期货	14,738		864		
16		国投安信	14,691		836		
17		大地期货	13,976		-140		
18		光大期货	13,070		-659		
19		方正中期	10,194		862		
20		国富期货	9,591		1,661		
总计				415,801		21,806		

名次		会员简称	持卖单量	增减		
1		中粮期货	121,420		4,336		
2		国投安信	70,500		1,795		
3		中信期货	35,505		2,459		
4		信达期货	32,018		11		
5		银河期货	28,953		127		
6		国泰君安	26,092		-915		
7		摩根大通	25,903		-1,220		
8		永安期货	20,907		434		
9		一德期货	19,942		-527		
10		广发期货	17,084		3,554		
11		南华期货	15,679		278		
12		海通期货	12,166		-760		
13		浙商期货	11,069		1,468		
14		上海中期	10,002		1,296		
15		鲁证期货	9,640		1,772		
16		新湖期货	9,199		55		
17		华泰期货	8,131		347		
18		五矿经易	7,957		531		
19		中大期货	7,781		297		
20		东证期货	6,891		-301		
总计				496,839		15,037		



会员类别	总成交量	增减		
期货公司会员	940,458		57,252		

会员类别	总持买单量	增减		
期货公司会员	415,801		21,806		

会员类别	总持卖单量	增减		
期货公司会员	496,839		15,037		

