								大连商品交易所 成交量_买持仓_卖持仓排名	

合约代码：pp2102		Date：2020-09-14	

			期货公司会员	

名次		会员简称	成交量		增减		
1		东证期货	30,579		1,795		
2		光大期货	12,018		3,239		
3		国富期货	8,537		-700		
4		中信期货	6,753		349		
5		东海期货	6,090		-2,126		
6		五矿经易	4,936		-178		
7		国泰君安	4,736		-135		
8		恒泰期货	4,662		-10,855		
9		迈科期货	3,948		-1,200		
10		银河期货	3,261		-3,460		
11		申银万国	3,182		-741		
12		国海良时	3,123		-945		
13		鲁证期货	2,959		-431		
14		国元期货	2,941		-1,273		
15		广发期货	2,449		-3,779		
16		中粮期货	2,368		-2,452		
17		南华期货	2,220		-6,136		
18		格林大华	2,119		-4,377		
19		国投安信	2,094		-774		
20		方正中期	1,900		-709		
总计				110,875		-34,888		

名次		会员简称	持买单量	增减		
1		华泰期货	2,038		-8		
2		南华期货	1,520		6		
3		恒泰期货	1,309		-176		
4		中信期货	1,026		5		
5		鲁证期货	1,010		0		
6		五矿经易	691		-5		
7		东吴期货	499		-6		
8		申银万国	310		5		
9		格林大华	300		100		
10		中粮期货	200		8		
11		瑞达期货	162		47		
12		国海良时	132		9		
13		北京首创	128		-14		
14		西南期货	101		-60		
15		东证期货	92		46		
16		海通期货	70		-168		
17		光大期货	68		55		
18		浙商期货	67		7		
19		锦泰期货	61		-9		
20		国信期货	57		-17		
总计				9,841		-175		

名次		会员简称	持卖单量	增减		
1		华泰期货	2,158		-44		
2		南华期货	1,513		0		
3		恒泰期货	1,269		-180		
4		鲁证期货	1,132		-7		
5		中信期货	1,059		-2		
6		五矿经易	651		-1		
7		东吴期货	513		14		
8		申银万国	320		27		
9		格林大华	300		85		
10		中粮期货	283		60		
11		金瑞期货	160		-137		
12		瑞达期货	159		57		
13		北京首创	133		11		
14		国海良时	131		8		
15		东证期货	62		-33		
16		国泰君安	60		38		
17		锦泰期货	60		-12		
18		浙商期货	46		2		
19		国信期货	35		-35		
20		招商期货	34		-12		
总计				10,078		-161		



会员类别	总成交量	增减		
期货公司会员	110,875		-34,888		

会员类别	总持买单量	增减		
期货公司会员	9,841		-175		

会员类别	总持卖单量	增减		
期货公司会员	10,078		-161		

