								大连商品交易所 成交量_买持仓_卖持仓排名	

合约代码：m2103		Date：2020-10-09	

			期货公司会员	

名次		会员简称	成交量		增减		
1		华闻期货	4,951		876		
2		海通期货	3,748		792		
3		申银万国	3,733		1,436		
4		方正中期	3,694		-835		
5		国泰君安	2,705		1,023		
6		鲁证期货	2,014		242		
7		招商期货	2,006		474		
8		中粮期货	1,837		671		
9		国海良时	1,802		306		
10		国投安信	1,742		625		
11		南华期货	1,612		276		
12		五矿经易	1,520		-123		
13		格林大华	1,466		434		
14		弘业期货	1,387		-890		
15		宏源期货	1,331		682		
16		中信期货	1,235		1,154		
17		新湖期货	1,179		-365		
18		东证期货	1,014		-1,434		
19		浙商期货	996		-175		
20		国富期货	811		585		
总计				40,783		5,754		

名次		会员简称	持买单量	增减		
1		美尔雅期货	1,661		-323		
2		国投安信	1,650		24		
3		南华期货	1,307		-44		
4		五矿经易	1,274		-35		
5		福能期货	937		-58		
6		安粮期货	928		502		
7		中信期货	749		15		
8		海通期货	725		17		
9		鑫鼎盛期货	656		-4		
10		中粮期货	655		-11		
11		瑞达期货	631		-19		
12		广发期货	607		88		
13		永安期货	602		401		
14		招商期货	529		-8		
15		上海中期	522		0		
16		鲁证期货	479		-4		
17		国泰君安	475		-7		
18		银河期货	466		7		
19		国海良时	432		-2		
20		国富期货	405		81		
总计				15,690		620		

名次		会员简称	持卖单量	增减		
1		国泰君安	4,007		6		
2		中粮期货	3,446		336		
3		国投安信	1,878		-626		
4		摩根大通	1,700		0		
5		中信期货	1,442		1,166		
6		方正中期	1,386		-319		
7		五矿经易	1,067		5		
8		南华期货	1,000		100		
9		广发期货	879		2		
10		东吴期货	660		10		
11		海通期货	637		9		
12		国金期货	510		10		
13		金瑞期货	500		0		
14		招商期货	456		30		
15		盛达期货	390		25		
16		鲁证期货	364		28		
17		弘业期货	334		-1		
18		浙商期货	315		-399		
19		国海良时	305		-4		
20		一德期货	250		0		
总计				21,526		378		



会员类别	总成交量	增减		
期货公司会员	40,783		5,754		

会员类别	总持买单量	增减		
期货公司会员	15,690		620		

会员类别	总持卖单量	增减		
期货公司会员	21,526		378		

