								大连商品交易所 成交量_买持仓_卖持仓排名	

合约代码：jd2012		Date：2020-10-09	

			期货公司会员	

名次		会员简称	成交量		增减		
1		东证期货	3,900		-830		
2		宏源期货	3,729		2,157		
3		光大期货	3,396		1,606		
4		徽商期货	3,136		2,252		
5		南华期货	2,916		2,760		
6		鲁证期货	2,329		1,184		
7		中辉期货	2,297		1,736		
8		中信建投	2,266		1,997		
9		福能期货	2,046		1,882		
10		方正中期	1,952		873		
11		华安期货	1,816		450		
12		瑞达期货	1,652		917		
13		华泰期货	1,425		1,333		
14		国泰君安	1,406		384		
15		天风期货	1,367		408		
16		中信期货	1,280		522		
17		中粮期货	1,157		1,009		
18		安粮期货	1,139		305		
19		海证期货	957		729		
20		格林大华	947		-209		
总计				41,113		21,465		

名次		会员简称	持买单量	增减		
1		福能期货	5,555		1,821		
2		鲁证期货	2,302		144		
3		汇鑫期货	1,993		126		
4		中信期货	1,622		206		
5		海证期货	1,471		800		
6		东证期货	1,142		489		
7		中信建投	1,134		753		
8		方正中期	882		-443		
9		中辉期货	794		90		
10		华泰期货	757		220		
11		宏源期货	753		-120		
12		海通期货	745		-73		
13		南华期货	710		2		
14		永安期货	686		36		
15		中粮期货	656		294		
16		徽商期货	645		-133		
17		东兴期货	507		25		
18		瑞达期货	462		243		
19		广发期货	416		104		
20		光大期货	375		321		
总计				23,607		4,905		

名次		会员简称	持卖单量	增减		
1		方正中期	2,295		823		
2		长江期货	2,067		-21		
3		永安期货	1,732		-107		
4		宏源期货	1,648		557		
5		鲁证期货	1,588		107		
6		中信期货	1,346		60		
7		徽商期货	1,342		501		
8		中信建投	1,116		55		
9		光大期货	892		43		
10		华融融达	867		-308		
11		华安期货	825		-41		
12		海通期货	810		-14		
13		华泰期货	795		701		
14		中辉期货	762		491		
15		先锋期货	630		164		
16		北京首创	626		14		
17		中粮期货	582		213		
18		南华期货	569		0		
19		广发期货	561		-96		
20		银河期货	534		-15		
总计				21,587		3,127		



会员类别	总成交量	增减		
期货公司会员	41,113		21,465		

会员类别	总持买单量	增减		
期货公司会员	23,607		4,905		

会员类别	总持卖单量	增减		
期货公司会员	21,587		3,127		

