								大连商品交易所 成交量_买持仓_卖持仓排名	

合约代码：m2101		Date：2020-10-09	

			期货公司会员	

名次		会员简称	成交量		增减		
1		东证期货	211,663		-178,167	
2		国泰君安	184,267		-61,937		
3		永安期货	97,180		69,240		
4		银河期货	78,316		52,415		
5		中信期货	76,736		23,619		
6		海通期货	71,171		29,705		
7		国富期货	58,555		-586		
8		方正中期	51,416		7,291		
9		华闻期货	46,655		35,056		
10		中信建投	38,241		19,247		
11		华泰期货	37,801		5,375		
12		申银万国	36,080		13,684		
13		中粮期货	35,922		12,278		
14		国投安信	34,647		7,099		
15		一德期货	32,928		20,217		
16		中辉期货	32,221		16,900		
17		新湖期货	30,049		4,366		
18		宏源期货	27,443		10,992		
19		华安期货	25,885		11,509		
20		深圳金汇	25,698		24,484		
总计				1,232,874	122,787		

名次		会员简称	持买单量	增减		
1		永安期货	156,569		39,261		
2		五矿经易	89,876		-2,418		
3		中粮期货	69,826		-504		
4		中信期货	61,020		4,282		
5		一德期货	54,923		7,577		
6		国投安信	53,414		-3,698		
7		国泰君安	51,014		1,804		
8		海通期货	37,810		5,902		
9		华泰期货	34,404		8,347		
10		申银万国	33,889		-541		
11		东证期货	28,102		2,121		
12		浙商期货	27,515		2,294		
13		中信建投	27,504		17,807		
14		南华期货	26,619		696		
15		摩根大通	25,803		-6,719		
16		瑞达期货	25,767		375		
17		宏源期货	24,691		2,602		
18		兴证期货	20,164		6,931		
19		广发期货	18,662		-477		
20		光大期货	17,805		363		
总计				885,377		86,005		

名次		会员简称	持卖单量	增减		
1		中粮期货	181,636		3,291		
2		国投安信	181,308		3,755		
3		中信期货	76,022		1,157		
4		银河期货	74,060		14,463		
5		摩根大通	71,873		906		
6		国泰君安	68,326		-2,873		
7		南华期货	45,223		-448		
8		鲁证期货	44,401		626		
9		一德期货	43,929		827		
10		平安期货	42,971		2,506		
11		新湖期货	34,430		-2,111		
12		东证期货	32,323		2,055		
13		海通期货	29,417		2,159		
14		民生期货	27,226		41		
15		浙商期货	26,690		1,549		
16		建信期货	22,140		780		
17		美尔雅期货	19,520		-1,053		
18		广发期货	16,751		636		
19		信达期货	16,485		194		
20		中天期货	16,186		12		
总计				1,070,917	28,472		



会员类别	总成交量	增减		
期货公司会员	1,232,874	122,787		

会员类别	总持买单量	增减		
期货公司会员	885,377		86,005		

会员类别	总持卖单量	增减		
期货公司会员	1,070,917	28,472		

