								大连商品交易所 成交量_买持仓_卖持仓排名	

合约代码：pg2011		Date：2020-10-09	

			期货公司会员	

名次		会员简称	成交量		增减		
1		国富期货	13,271		1,926		
2		华泰期货	11,517		-14,198		
3		海通期货	8,130		-5,220		
4		国泰君安	5,972		791		
5		中信期货	4,623		-15,532		
6		兴证期货	4,059		-269		
7		东证期货	4,001		-2,941		
8		东海期货	3,701		1,327		
9		银河期货	3,633		-2,561		
10		申银万国	3,428		-422		
11		华西期货	3,320		-1,749		
12		光大期货	3,016		-3,461		
13		国投安信	2,780		18		
14		方正中期	2,639		-2,103		
15		徽商期货	2,593		-4,246		
16		东吴期货	2,460		-777		
17		华安期货	2,385		-1,844		
18		浙商期货	2,301		-474		
19		南华期货	2,279		-1,115		
20		宏源期货	2,066		-1,071		
总计				88,174		-53,921		

名次		会员简称	持买单量	增减		
1		中大期货	5,259		-1,668		
2		永安期货	2,706		59		
3		中信期货	1,375		-138		
4		中信建投	1,340		96		
5		银河期货	1,305		-389		
6		浙商期货	1,264		283		
7		华泰期货	1,214		671		
8		国泰君安	1,041		-683		
9		东证期货	953		463		
10		中财期货	890		-181		
11		国投安信	675		-12		
12		中粮期货	654		-13		
13		徽商期货	594		-113		
14		方正中期	551		-89		
15		兴证期货	542		321		
16		瑞达期货	542		164		
17		一德期货	507		-90		
18		南华期货	454		133		
19		东海期货	428		259		
20		光大期货	421		-130		
总计				22,715		-1,057		

名次		会员简称	持卖单量	增减		
1		广发期货	2,997		169		
2		银河期货	2,958		10		
3		国泰君安	2,361		-181		
4		永安期货	2,215		-144		
5		东证期货	1,754		-664		
6		华安期货	1,586		12		
7		华泰期货	1,270		-108		
8		中信期货	1,064		-243		
9		国投安信	833		-1,354		
10		方正中期	745		122		
11		一德期货	675		116		
12		中大期货	650		29		
13		宏源期货	636		33		
14		先锋期货	596		131		
15		海通期货	496		-52		
16		光大期货	495		145		
17		兴证期货	480		102		
18		徽商期货	476		76		
19		兴业期货	432		147		
20		国海良时	399		20		
总计				23,118		-1,634		



会员类别	总成交量	增减		
期货公司会员	88,174		-53,921		

会员类别	总持买单量	增减		
期货公司会员	22,715		-1,057		

会员类别	总持卖单量	增减		
期货公司会员	23,118		-1,634		

