								大连商品交易所 成交量_买持仓_卖持仓排名	

合约代码：p2101		Date：2020-10-09	

			期货公司会员	

名次		会员简称	成交量		增减		
1		东证期货	112,056		-211,573	
2		国富期货	93,806		12,143		
3		光大期货	50,923		-114,447	
4		中信期货	50,128		-34,901		
5		国泰君安	48,652		-100,240	
6		申银万国	38,138		-6,215		
7		海通期货	37,859		-18,612		
8		银河期货	30,453		-7,846		
9		兴证期货	21,885		-7,675		
10		方正中期	21,723		-41,204		
11		中粮期货	21,198		8,320		
12		华泰期货	19,774		-9,535		
13		华安期货	18,794		-13,408		
14		徽商期货	17,478		-14,683		
15		永安期货	17,143		-15,174		
16		国盛期货	16,072		14,845		
17		中辉期货	15,591		-8,419		
18		国元期货	14,938		-1,338		
19		广发期货	14,740		-27		
20		宏源期货	14,372		-7,971		
总计				675,723		-577,960	

名次		会员简称	持买单量	增减		
1		永安期货	26,051		-1,292		
2		银河期货	23,227		1,641		
3		五矿经易	20,808		6,392		
4		中信期货	15,244		2,131		
5		中粮期货	14,808		9,637		
6		浙商期货	14,180		-433		
7		国投安信	13,086		-587		
8		天风期货	10,049		946		
9		光大期货	9,336		-924		
10		海通期货	9,025		2,786		
11		一德期货	8,250		918		
12		大越期货	7,307		-121		
13		东证期货	7,294		-50		
14		国泰君安	6,540		-1,193		
15		广发期货	6,499		835		
16		华泰期货	6,195		3,207		
17		大地期货	6,130		232		
18		宝城期货	5,824		-1,742		
19		国富期货	5,341		1,732		
20		方正中期	5,105		101		
总计				220,299		24,216		

名次		会员简称	持卖单量	增减		
1		中粮期货	38,739		-277		
2		国投安信	31,706		269		
3		广发期货	19,867		-2,167		
4		国贸期货	16,491		131		
5		银河期货	15,987		1,946		
6		中信期货	14,034		73		
7		国富期货	12,731		132		
8		国泰君安	12,282		3,195		
9		东证期货	11,599		-638		
10		海通期货	11,540		-1,217		
11		永安期货	10,551		-1,507		
12		弘业期货	6,558		1,556		
13		一德期货	6,476		-1,643		
14		摩根大通	5,814		-600		
15		中天期货	5,632		201		
16		华融融达	5,484		346		
17		北京首创	5,380		1,004		
18		五矿经易	4,468		-537		
19		中国国际	3,907		1,592		
20		华泰期货	3,779		1,099		
总计				243,025		2,958		



会员类别	总成交量	增减		
期货公司会员	675,723		-577,960	

会员类别	总持买单量	增减		
期货公司会员	220,299		24,216		

会员类别	总持卖单量	增减		
期货公司会员	243,025		2,958		

