								大连商品交易所 成交量_买持仓_卖持仓排名	

合约代码：jd2011		Date：2020-10-09	

			期货公司会员	

名次		会员简称	成交量		增减		
1		国富期货	23,235		8,795		
2		东证期货	20,837		-21,618		
3		徽商期货	18,399		-2,287		
4		中信期货	16,643		6,403		
5		银河期货	16,360		7,883		
6		宏源期货	16,129		1,863		
7		国泰君安	13,587		222		
8		海通期货	12,742		-268		
9		华泰期货	11,718		678		
10		华安期货	11,414		1,607		
11		东吴期货	11,151		1,835		
12		中辉期货	10,801		1,201		
13		中信建投	10,622		1,878		
14		方正中期	10,478		516		
15		华闻期货	8,817		5,647		
16		申银万国	8,565		-3,862		
17		光大期货	7,036		-46		
18		兴证期货	6,974		-150		
19		南华期货	6,078		-664		
20		东方财富	5,914		-14		
总计				247,500		9,619		

名次		会员简称	持买单量	增减		
1		中信期货	5,415		1,619		
2		国泰君安	4,595		1,238		
3		中信建投	4,512		-259		
4		方正中期	3,595		-213		
5		宏源期货	3,495		-61		
6		徽商期货	3,483		-488		
7		华泰期货	3,405		839		
8		海通期货	3,355		365		
9		永安期货	3,033		-173		
10		福能期货	2,469		1,435		
11		华安期货	2,260		-544		
12		银河期货	2,226		601		
13		光大期货	2,045		148		
14		申银万国	1,749		161		
15		弘业期货	1,585		-58		
16		汇鑫期货	1,570		52		
17		兴证期货	1,535		114		
18		东吴期货	1,509		746		
19		南华期货	1,487		-704		
20		长江期货	1,468		41		
总计				54,791		4,859		

名次		会员简称	持卖单量	增减		
1		方正中期	5,252		109		
2		宏源期货	4,692		-124		
3		永安期货	4,302		-179		
4		中信建投	4,053		-689		
5		格林大华	4,016		-53		
6		英大期货	3,423		203		
7		银河期货	3,335		-75		
8		长江期货	3,234		421		
9		徽商期货	3,102		63		
10		中信期货	2,586		340		
11		国泰君安	2,579		35		
12		华泰期货	2,531		921		
13		鲁证期货	2,506		262		
14		美尔雅期货	2,489		57		
15		浙商期货	2,222		-137		
16		华安期货	1,864		128		
17		海通期货	1,800		-313		
18		建信期货	1,737		383		
19		兴证期货	1,697		-510		
20		光大期货	1,578		128		
总计				58,998		970		



会员类别	总成交量	增减		
期货公司会员	247,500		9,619		

会员类别	总持买单量	增减		
期货公司会员	54,791		4,859		

会员类别	总持卖单量	增减		
期货公司会员	58,998		970		

