								大连商品交易所 成交量_买持仓_卖持仓排名	

合约代码：i2102		Date：2020-10-09	

			期货公司会员	

名次		会员简称	成交量		增减		
1		国富期货	33,802		-61,200		
2		光大期货	12,209		-17,666		
3		海通期货	11,568		-10,941		
4		东证期货	11,506		-16,000		
5		国泰君安	8,709		-994		
6		国信期货	8,258		7,426		
7		鲁证期货	7,247		5,129		
8		华西期货	7,138		5,230		
9		申银万国	7,049		-5,760		
10		一德期货	5,737		5,702		
11		中辉期货	5,653		-7,628		
12		上海大陆	4,796		4,444		
13		银河期货	4,292		-1,731		
14		迈科期货	3,646		3,565		
15		东海期货	3,014		-5,291		
16		浙商期货	2,938		-17,701		
17		先锋期货	2,327		2,273		
18		南华期货	2,271		-8,202		
19		华闻期货	2,209		791		
20		长安期货	2,156		2,156		
总计				146,525		-116,398	

名次		会员简称	持买单量	增减		
1		申银万国	13,063		13		
2		东吴期货	1,949		-4		
3		国投安信	1,557		28		
4		鲁证期货	1,233		254		
5		弘业期货	1,122		-6		
6		华安期货	1,066		4		
7		宏源期货	995		35		
8		中信期货	957		80		
9		招商期货	809		-12		
10		海通期货	759		215		
11		方正中期	751		-121		
12		永安期货	689		-148		
13		中信建投	600		-11		
14		华泰期货	572		168		
15		宝城期货	536		32		
16		浙商期货	469		-30		
17		国富期货	377		17		
18		五矿经易	377		0		
19		新湖期货	375		1		
20		南华期货	300		-5		
总计				28,556		510		

名次		会员简称	持卖单量	增减		
1		申银万国	13,049		4		
2		东吴期货	1,999		23		
3		国投安信	1,621		-15		
4		鲁证期货	1,259		287		
5		弘业期货	1,131		2		
6		华安期货	1,082		0		
7		宏源期货	1,028		22		
8		招商期货	892		30		
9		中信建投	830		101		
10		中信期货	804		-89		
11		海通期货	780		219		
12		永安期货	712		79		
13		华泰期货	575		29		
14		宝城期货	559		18		
15		浙商期货	459		-2		
16		方正中期	440		-165		
17		银河期货	394		11		
18		新湖期货	380		5		
19		五矿经易	377		0		
20		南华期货	312		-2		
总计				28,683		557		



会员类别	总成交量	增减		
期货公司会员	146,525		-116,398	

会员类别	总持买单量	增减		
期货公司会员	28,556		510		

会员类别	总持卖单量	增减		
期货公司会员	28,683		557		

