								大连商品交易所 成交量_买持仓_卖持仓排名	

合约代码：c2105		Date：2020-10-09	

			期货公司会员	

名次		会员简称	成交量		增减		
1		华泰期货	30,559		-10,519		
2		东证期货	20,187		-24,727		
3		国泰君安	18,071		10,008		
4		中信期货	14,880		992		
5		光大期货	10,965		-11,235		
6		海通期货	10,185		4,270		
7		安粮期货	10,167		-579		
8		永安期货	9,697		3,887		
9		建信期货	9,280		6,792		
10		宏源期货	7,377		3,317		
11		华安期货	6,960		3,400		
12		东海期货	6,895		3,850		
13		东吴期货	5,583		1,854		
14		中金期货	5,527		5,515		
15		方正中期	4,265		2,585		
16		华融融达	4,207		3,246		
17		银河期货	4,205		-1,435		
18		先锋期货	4,036		2,112		
19		摩根大通	3,879		3,758		
20		中辉期货	3,761		1,344		
总计				190,686		8,435		

名次		会员简称	持买单量	增减		
1		鲁证期货	43,643		-472		
2		国泰君安	43,390		635		
3		北京首创	34,942		-950		
4		光大期货	26,198		464		
5		一德期货	22,854		-765		
6		中信建投	22,722		341		
7		中州期货	20,102		1,904		
8		五矿经易	19,748		-293		
9		安粮期货	19,674		2,002		
10		永安期货	17,638		401		
11		中信期货	16,143		496		
12		东证期货	13,531		1,470		
13		海证期货	13,220		-1,017		
14		华泰期货	12,168		77		
15		华融融达	11,783		538		
16		金瑞期货	11,157		-81		
17		中辉期货	10,655		780		
18		国富期货	10,535		793		
19		建信期货	9,877		93		
20		华安期货	9,489		-127		
总计				389,469		6,289		

名次		会员简称	持卖单量	增减		
1		中粮期货	59,926		229		
2		永安期货	59,205		-1,968		
3		南华期货	46,685		143		
4		光大期货	40,681		25		
5		中信期货	29,205		296		
6		金瑞期货	22,654		-39		
7		华融融达	22,553		2,177		
8		东证期货	20,891		1,499		
9		海证期货	19,424		-210		
10		国投安信	14,799		-223		
11		浙商期货	14,193		4		
12		鲁证期货	14,156		101		
13		国盛期货	13,572		-39		
14		摩根大通	10,378		3,879		
15		中金期货	8,738		5,400		
16		国泰君安	7,655		-3,800		
17		五矿经易	6,636		712		
18		北京首创	5,477		-215		
19		国海良时	4,879		432		
20		华安期货	4,662		-389		
总计				426,369		8,014		



会员类别	总成交量	增减		
期货公司会员	190,686		8,435		

会员类别	总持买单量	增减		
期货公司会员	389,469		6,289		

会员类别	总持卖单量	增减		
期货公司会员	426,369		8,014		

