								大连商品交易所 成交量_买持仓_卖持仓排名	

合约代码：i2105		Date：2020-10-09	

			期货公司会员	

名次		会员简称	成交量		增减		
1		南华期货	8,214		3,431		
2		光大期货	5,886		-9,467		
3		东证期货	4,221		-4,511		
4		中信期货	3,938		-4,177		
5		渤海期货	2,818		-6,421		
6		浙商期货	2,499		1,637		
7		国泰君安	2,402		-13,932		
8		方正中期	2,343		-1,335		
9		国富期货	2,176		543		
10		宏源期货	2,029		-417		
11		银河期货	1,953		-1,747		
12		华闻期货	1,933		-115		
13		永安期货	1,685		-2,336		
14		美尔雅期货	1,624		-2,084		
15		广发期货	1,414		-1,027		
16		英大期货	1,365		1,299		
17		长安期货	1,305		1,299		
18		东吴期货	1,204		-1,281		
19		道通期货	1,103		1,097		
20		一德期货	959		388		
总计				51,071		-39,156		

名次		会员简称	持买单量	增减		
1		鲁证期货	8,365		64		
2		东海期货	5,215		-4		
3		银河期货	5,165		122		
4		国贸期货	5,088		128		
5		海证期货	4,552		28		
6		冠通期货	3,912		0		
7		国泰君安	3,852		-12		
8		申银万国	3,820		-56		
9		弘业期货	3,513		-6		
10		永安期货	3,210		-324		
11		金瑞期货	3,006		3		
12		英大期货	2,887		-1,301		
13		长江期货	2,657		-806		
14		华泰期货	2,578		85		
15		浙商期货	2,415		160		
16		格林大华	2,168		20		
17		广发期货	1,992		74		
18		国联期货	1,930		6		
19		上海中期	1,705		21		
20		道通期货	1,689		2		
总计				69,719		-1,796		

名次		会员简称	持卖单量	增减		
1		永安期货	7,678		-207		
2		海通期货	4,972		4		
3		国投安信	4,056		-175		
4		方正中期	3,892		-946		
5		鲁证期货	3,713		38		
6		华泰期货	3,457		59		
7		一德期货	3,403		-75		
8		浙商期货	3,160		-1,565		
9		大地期货	2,984		76		
10		大有期货	2,930		-10		
11		国海良时	2,759		48		
12		广发期货	2,606		98		
13		中信期货	2,484		689		
14		银河期货	2,281		13		
15		中信建投	1,965		-190		
16		国贸期货	1,950		76		
17		国泰君安	1,893		16		
18		汇鑫期货	1,802		2		
19		冠通期货	1,728		-6		
20		五矿经易	1,646		269		
总计				61,359		-1,786		



会员类别	总成交量	增减		
期货公司会员	51,071		-39,156		

会员类别	总持买单量	增减		
期货公司会员	69,719		-1,796		

会员类别	总持卖单量	增减		
期货公司会员	61,359		-1,786		

