								大连商品交易所 成交量_买持仓_卖持仓排名	

合约代码：c2011		Date：2020-10-09	

			期货公司会员	

名次		会员简称	成交量		增减		
1		冠通期货	4,512		3,407		
2		弘业期货	4,004		3,208		
3		华安期货	2,041		-876		
4		海通期货	1,705		979		
5		银河期货	1,326		-740		
6		锦泰期货	1,228		972		
7		中信期货	1,105		-1,163		
8		广发期货	944		-887		
9		国投安信	907		866		
10		光大期货	901		-119		
11		永安期货	834		-352		
12		中粮期货	830		-669		
13		徽商期货	771		668		
14		华闻期货	571		-1,828		
15		一德期货	548		530		
16		华泰期货	440		231		
17		五矿经易	349		-725		
18		国泰君安	301		-98		
19		北京首创	278		-208		
20		方正中期	264		-563		
总计				23,859		2,633		

名次		会员简称	持买单量	增减		
1		国投安信	18,535		904		
2		华安期货	9,416		1,878		
3		兴证期货	2,718		6		
4		永安期货	2,414		-403		
5		冠通期货	2,276		654		
6		东证期货	1,657		96		
7		北京首创	1,483		23		
8		中大期货	857		0		
9		东吴期货	746		-98		
10		中辉期货	575		0		
11		弘业期货	522		-2,001		
12		中粮期货	506		240		
13		锦泰期货	462		166		
14		南华期货	240		-8		
15		光大期货	237		100		
16		迈科期货	224		-14		
17		创元期货	173		0		
18		国联期货	155		4		
19		国富期货	144		8		
20		国海良时	140		0		
总计				43,480		1,555		

名次		会员简称	持卖单量	增减		
1		中信期货	7,298		959		
2		银河期货	6,319		1,207		
3		民生期货	5,120		7		
4		一德期货	3,540		538		
5		中粮期货	3,312		386		
6		永安期货	2,273		190		
7		海通期货	2,127		59		
8		国投安信	1,549		-3		
9		广州金控	1,454		4		
10		国泰君安	1,011		40		
11		中信建投	1,010		27		
12		中大期货	870		0		
13		九州期货	700		0		
14		金瑞期货	639		95		
15		招商期货	619		124		
16		长安期货	577		70		
17		光大期货	567		-9		
18		徽商期货	541		-76		
19		新湖期货	497		5		
20		中融汇信	350		0		
总计				40,373		3,623		



会员类别	总成交量	增减		
期货公司会员	23,859		2,633		

会员类别	总持买单量	增减		
期货公司会员	43,480		1,555		

会员类别	总持卖单量	增减		
期货公司会员	40,373		3,623		

