								大连商品交易所 成交量_买持仓_卖持仓排名	

合约代码：m2105		Date：2020-10-09	

			期货公司会员	

名次		会员简称	成交量		增减		
1		东证期货	74,315		-47,847		
2		国泰君安	43,068		34,571		
3		永安期货	33,946		20,378		
4		五矿经易	29,639		25,884		
5		银河期货	28,327		22,783		
6		国富期货	27,305		22,229		
7		国投安信	26,811		7,654		
8		浙商期货	24,819		20,000		
9		海通期货	22,068		10,213		
10		弘业期货	21,461		14,131		
11		光大期货	21,164		7,453		
12		中信期货	20,155		-2,596		
13		北京首创	16,076		13,897		
14		华泰期货	15,137		9,247		
15		广发期货	13,743		11,277		
16		中粮期货	12,162		4,608		
17		宏源期货	11,930		6,888		
18		方正中期	11,355		-1,961		
19		国盛期货	11,253		-1,616		
20		安粮期货	9,988		-3,156		
总计				474,722		174,037		

名次		会员简称	持买单量	增减		
1		永安期货	66,072		12,286		
2		浙商期货	48,196		1,869		
3		五矿经易	39,067		19,384		
4		宏源期货	32,161		4,413		
5		中粮期货	25,725		-1,238		
6		一德期货	24,683		-863		
7		摩根大通	24,072		-9,458		
8		申银万国	23,757		126		
9		国富期货	22,188		752		
10		大地期货	21,579		-558		
11		东证期货	21,341		-395		
12		国投安信	20,269		-2,456		
13		东吴期货	19,111		-229		
14		华泰期货	18,922		3,577		
15		国泰君安	18,918		-375		
16		银河期货	18,532		-2,077		
17		光大期货	18,497		1,281		
18		海通期货	14,904		-1,138		
19		方正中期	12,756		-3,631		
20		中信期货	12,755		-1,318		
总计				503,505		19,952		

名次		会员简称	持卖单量	增减		
1		中粮期货	274,112		1,840		
2		国投安信	122,821		4,211		
3		银河期货	60,690		984		
4		摩根大通	31,151		0		
5		海通期货	28,729		-212		
6		新湖期货	27,442		197		
7		平安期货	27,374		2		
8		鲁证期货	26,210		788		
9		渤海期货	26,083		42		
10		广发期货	26,051		122		
11		南华期货	23,714		143		
12		国泰君安	21,084		117		
13		一德期货	20,271		90		
14		中信期货	16,785		663		
15		北京首创	16,618		2,612		
16		五矿经易	14,919		179		
17		永安期货	14,359		-1,088		
18		建信期货	13,169		-324		
19		中天期货	10,386		-272		
20		北京金鹏	8,499		-140		
总计				810,467		9,954		



会员类别	总成交量	增减		
期货公司会员	474,722		174,037		

会员类别	总持买单量	增减		
期货公司会员	503,505		19,952		

会员类别	总持卖单量	增减		
期货公司会员	810,467		9,954		

