								大连商品交易所 成交量_买持仓_卖持仓排名	

合约代码：eg2102		Date：2020-11-04	

			期货公司会员	

名次		会员简称	成交量		增减		
1		东证期货	35,025		2,123		
2		申银万国	16,989		13,831		
3		方正中期	16,420		12,073		
4		海通期货	14,954		11,437		
5		东海期货	12,972		9,295		
6		银河期货	12,758		10,793		
7		东吴期货	9,630		8,334		
8		国泰君安	5,613		2,365		
9		光大期货	5,534		2,818		
10		华闻期货	5,436		-90		
11		华西期货	5,362		1,171		
12		国富期货	3,933		-26,469		
13		迈科期货	3,719		182		
14		五矿经易	3,072		-1,331		
15		中信期货	2,998		-273		
16		国投安信	2,870		1,262		
17		招商期货	2,333		678		
18		华泰期货	1,542		-2,337		
19		锦泰期货	1,538		661		
20		平安期货	1,222		-679		
总计				163,920		45,844		

名次		会员简称	持买单量	增减		
1		国投安信	2,583		-88		
2		申银万国	2,111		101		
3		东证期货	1,465		6		
4		招商期货	1,204		1		
5		华泰期货	1,178		136		
6		中信期货	1,016		7		
7		五矿经易	892		0		
8		方正中期	640		44		
9		东吴期货	529		-75		
10		创元期货	423		-2		
11		冠通期货	264		-120		
12		中大期货	200		200		
13		徽商期货	179		169		
14		国泰君安	138		15		
15		平安期货	114		-76		
16		国富期货	101		33		
17		福能期货	84		52		
18		浙商期货	76		9		
19		光大期货	64		24		
20		先锋期货	63		11		
总计				13,324		447		

名次		会员简称	持卖单量	增减		
1		国投安信	2,643		12		
2		申银万国	1,849		-66		
3		东证期货	1,423		-41		
4		华泰期货	1,317		174		
5		招商期货	1,211		0		
6		五矿经易	892		0		
7		方正中期	620		42		
8		东吴期货	509		-101		
9		中信期货	476		11		
10		创元期货	421		-1		
11		锦泰期货	354		8		
12		徽商期货	324		235		
13		冠通期货	314		-136		
14		北京首创	235		-16		
15		中大期货	200		200		
16		迈科期货	147		57		
17		平安期货	137		-104		
18		银河期货	109		28		
19		国富期货	99		4		
20		中银期货	55		30		
总计				13,335		336		



会员类别	总成交量	增减		
期货公司会员	163,920		45,844		

会员类别	总持买单量	增减		
期货公司会员	13,324		447		

会员类别	总持卖单量	增减		
期货公司会员	13,335		336		

