								大连商品交易所 成交量_买持仓_卖持仓排名	

合约代码：p2101		Date：2020-11-04	

			期货公司会员	

名次		会员简称	成交量		增减		
1		东证期货	447,794		12,795		
2		光大期货	234,834		49,096		
3		国富期货	206,325		52,420		
4		国泰君安	132,411		14,936		
5		中信期货	131,607		21,464		
6		申银万国	98,361		39,589		
7		华西期货	88,147		18,224		
8		海通期货	72,378		7,594		
9		永安期货	56,032		19,935		
10		华安期货	52,873		10,103		
11		银河期货	50,094		4,301		
12		华泰期货	47,622		9,364		
13		徽商期货	43,705		3,464		
14		方正中期	41,400		5,494		
15		兴证期货	35,796		15,251		
16		国投安信	35,782		3,155		
17		东方财富	35,563		9,232		
18		宏源期货	27,011		10,017		
19		华闻期货	26,397		9,684		
20		东吴期货	23,889		8,430		
总计				1,888,021	324,548		

名次		会员简称	持买单量	增减		
1		海通期货	21,342		509		
2		中信期货	17,377		-609		
3		银河期货	17,090		-6,568		
4		永安期货	16,578		-9,369		
5		天风期货	14,368		-315		
6		国泰君安	14,192		2,603		
7		浙商期货	13,588		-759		
8		东证期货	13,406		1,578		
9		五矿经易	12,104		322		
10		国投安信	11,580		121		
11		华泰期货	10,792		2,699		
12		一德期货	7,990		-621		
13		大越期货	7,919		55		
14		方正中期	7,603		-366		
15		广发期货	6,041		-182		
16		大地期货	5,738		61		
17		申银万国	5,612		2,145		
18		海证期货	5,542		38		
19		宏源期货	5,398		451		
20		金瑞期货	5,298		168		
总计				219,558		-8,039		

名次		会员简称	持卖单量	增减		
1		中粮期货	37,635		-517		
2		国投安信	28,925		-2,099		
3		银河期货	18,612		940		
4		国贸期货	18,190		903		
5		中信期货	15,924		864		
6		国富期货	14,722		637		
7		东证期货	13,350		378		
8		海通期货	13,125		-817		
9		弘业期货	9,020		-361		
10		一德期货	8,927		1,204		
11		永安期货	8,689		-1,857		
12		华融融达	8,340		2,547		
13		五矿经易	7,949		-885		
14		中天期货	7,634		33		
15		广发期货	6,331		211		
16		国泰君安	5,812		282		
17		中融汇信	5,246		-3		
18		中信建投	5,135		-1,446		
19		申银万国	4,865		302		
20		华泰期货	4,797		-589		
总计				243,228		-273		



会员类别	总成交量	增减		
期货公司会员	1,888,021	324,548		

会员类别	总持买单量	增减		
期货公司会员	219,558		-8,039		

会员类别	总持卖单量	增减		
期货公司会员	243,228		-273		

