								大连商品交易所 成交量_买持仓_卖持仓排名	

合约代码：eg2101		Date：2020-11-04	

			期货公司会员	

名次		会员简称	成交量		增减		
1		东证期货	71,877		441		
2		国富期货	31,801		7,072		
3		国泰君安	21,366		-597		
4		中信期货	18,772		26		
5		华泰期货	10,966		-4,459		
6		海通期货	10,581		1,245		
7		方正中期	8,081		-283		
8		徽商期货	7,448		-1,357		
9		瑞达期货	6,755		1,939		
10		东吴期货	6,375		751		
11		永安期货	5,863		-2,497		
12		银河期货	5,749		-946		
13		浙商期货	5,703		3,277		
14		申银万国	5,574		1,295		
15		东方财富	5,154		355		
16		华安期货	4,963		-904		
17		新湖期货	4,951		393		
18		一德期货	4,795		2,337		
19		国元期货	4,709		1,048		
20		华西期货	4,511		-411		
总计				245,994		8,725		

名次		会员简称	持买单量	增减		
1		信达期货	10,158		-185		
2		永安期货	7,798		-565		
3		通惠期货	7,256		-67		
4		弘业期货	7,084		2,365		
5		兴业期货	6,633		-67		
6		华泰期货	6,627		251		
7		宏源期货	5,434		51		
8		东证期货	5,222		1,053		
9		建信期货	5,042		51		
10		华闻期货	4,701		-150		
11		新湖期货	4,474		-109		
12		中信建投	4,110		428		
13		国泰君安	4,074		218		
14		中信期货	3,974		100		
15		福能期货	3,957		333		
16		方正中期	3,470		-310		
17		国投安信	3,375		206		
18		南华期货	3,191		-283		
19		中财期货	2,889		114		
20		一德期货	2,714		-263		
总计				102,183		3,171		

名次		会员简称	持卖单量	增减		
1		永安期货	21,190		1,400		
2		中信期货	10,236		270		
3		国贸期货	6,726		-827		
4		国泰君安	5,989		-224		
5		华泰期货	5,362		-737		
6		国投安信	5,025		563		
7		宝城期货	4,932		-48		
8		瑞达期货	4,451		-130		
9		国元期货	4,114		246		
10		兴业期货	3,781		90		
11		申银万国	3,665		-32		
12		天风期货	3,616		89		
13		宏源期货	3,503		77		
14		银河期货	3,401		198		
15		兴证期货	3,392		1,149		
16		东吴期货	3,262		692		
17		南华期货	3,127		201		
18		东海期货	3,030		-172		
19		中辉期货	2,892		-155		
20		国海良时	2,869		116		
总计				104,563		2,766		



会员类别	总成交量	增减		
期货公司会员	245,994		8,725		

会员类别	总持买单量	增减		
期货公司会员	102,183		3,171		

会员类别	总持卖单量	增减		
期货公司会员	104,563		2,766		

