								大连商品交易所 成交量_买持仓_卖持仓排名	

合约代码：p2105		Date：2020-11-04	

			期货公司会员	

名次		会员简称	成交量		增减		
1		光大期货	23,092		5,224		
2		东证期货	15,201		-10,397		
3		五矿经易	10,384		10,150		
4		宏源期货	7,904		2,371		
5		中信期货	7,445		-660		
6		国泰君安	7,233		3,070		
7		华泰期货	6,207		-594		
8		国投安信	4,667		2,573		
9		国元期货	4,447		404		
10		永安期货	4,365		-168		
11		国富期货	3,892		-467		
12		银河期货	3,740		-1,513		
13		一德期货	3,584		1,169		
14		华安期货	3,457		-900		
15		徽商期货	3,174		1,511		
16		华融融达	2,930		2,256		
17		中粮期货	2,903		331		
18		东吴期货	2,804		70		
19		天风期货	2,789		363		
20		中财期货	2,677		412		
总计				122,895		15,205		

名次		会员简称	持买单量	增减		
1		五矿经易	11,712		10,213		
2		永安期货	9,277		-1,896		
3		大地期货	8,782		20		
4		国投安信	6,407		-2,061		
5		中信期货	5,999		-62		
6		中粮期货	5,905		-918		
7		华泰期货	5,867		18		
8		浙商期货	4,391		226		
9		光大期货	4,017		-102		
10		东证期货	3,820		-1,408		
11		一德期货	3,327		46		
12		大越期货	3,007		-1		
13		广发期货	2,980		-40		
14		国富期货	2,536		-392		
15		国盛期货	2,511		1,347		
16		东兴期货	2,254		-7		
17		东海期货	1,955		-1,047		
18		南华期货	1,878		-31		
19		中财期货	1,637		58		
20		天风期货	1,602		-112		
总计				89,864		3,851		

名次		会员简称	持卖单量	增减		
1		银河期货	12,436		-446		
2		一德期货	11,382		970		
3		中粮期货	9,201		1,125		
4		永安期货	7,406		43		
5		上海中期	6,805		-711		
6		中融汇信	6,560		646		
7		国投安信	5,268		1,530		
8		中信期货	5,050		-455		
9		摩根大通	4,603		832		
10		弘业期货	4,021		463		
11		东证期货	3,969		725		
12		华融融达	3,739		984		
13		广发期货	2,631		161		
14		海证期货	2,459		-518		
15		华泰期货	1,939		267		
16		北京首创	1,912		15		
17		首创京都	1,608		-101		
18		英大期货	1,560		12		
19		美尔雅期货	1,557		-446		
20		国泰君安	1,498		-1,278		
总计				95,604		3,818		



会员类别	总成交量	增减		
期货公司会员	122,895		15,205		

会员类别	总持买单量	增减		
期货公司会员	89,864		3,851		

会员类别	总持卖单量	增减		
期货公司会员	95,604		3,818		

