								大连商品交易所 成交量_买持仓_卖持仓排名	

合约代码：eb2102		Date：2020-11-04	

			期货公司会员	

名次		会员简称	成交量		增减		
1		东证期货	47,448		18,733		
2		中信期货	10,357		2,617		
3		国泰君安	10,354		1,730		
4		申银万国	9,963		3,592		
5		五矿经易	6,740		2,950		
6		银河期货	5,995		1,466		
7		迈科期货	5,912		1,910		
8		海通期货	5,172		1,253		
9		鲁证期货	5,121		1,892		
10		锦泰期货	4,259		-1,053		
11		瑞达期货	3,805		1,695		
12		方正中期	1,642		-189		
13		光大期货	1,603		216		
14		华泰期货	1,404		939		
15		先锋期货	610		574		
16		华闻期货	573		-390		
17		格林大华	460		182		
18		东方财富	423		322		
19		徽商期货	326		-68		
20		宏源期货	324		-122		
总计				122,491		38,249		

名次		会员简称	持买单量	增减		
1		锦泰期货	2,487		-391		
2		中信期货	1,576		226		
3		华泰期货	1,447		-5		
4		鲁证期货	1,124		8		
5		五矿经易	1,034		366		
6		国泰君安	1,022		70		
7		银河期货	965		104		
8		东证期货	955		35		
9		东吴期货	697		5		
10		瑞达期货	513		210		
11		中钢期货	500		0		
12		先锋期货	351		-26		
13		申银万国	322		81		
14		徽商期货	291		44		
15		中银期货	285		17		
16		中财期货	280		45		
17		海通期货	235		121		
18		中衍期货	194		1		
19		兴证期货	185		37		
20		天风期货	183		1		
总计				14,646		949		

名次		会员简称	持卖单量	增减		
1		锦泰期货	2,407		-338		
2		华泰期货	2,368		919		
3		中信期货	1,368		47		
4		东证期货	1,350		35		
5		国泰君安	1,143		-176		
6		鲁证期货	1,111		-1		
7		信达期货	781		-19		
8		银河期货	774		93		
9		永安期货	770		-28		
10		国富期货	759		0		
11		东吴期货	676		1		
12		先锋期货	522		520		
13		瑞达期货	501		201		
14		先融期货	483		0		
15		五矿经易	325		166		
16		申银万国	247		38		
17		建信期货	215		0		
18		海通期货	103		1		
19		浙商期货	92		31		
20		格林大华	76		10		
总计				16,071		1,500		



会员类别	总成交量	增减		
期货公司会员	122,491		38,249		

会员类别	总持买单量	增减		
期货公司会员	14,646		949		

会员类别	总持卖单量	增减		
期货公司会员	16,071		1,500		

