								大连商品交易所 成交量_买持仓_卖持仓排名	

合约代码：pp2105		Date：2020-11-04	

			期货公司会员	

名次		会员简称	成交量		增减		
1		东证期货	2,953		1,003		
2		宏源期货	1,546		413		
3		国投安信	1,376		212		
4		华安期货	1,251		-428		
5		上海大陆	928		-443		
6		中信期货	800		-199		
7		五矿经易	695		297		
8		南华期货	693		215		
9		浙江新世纪	674		252		
10		华闻期货	576		237		
11		国泰君安	543		-762		
12		光大期货	503		65		
13		徽商期货	494		24		
14		海通期货	421		-569		
15		方正中期	411		-89		
16		国富期货	374		-60		
17		永安期货	330		-203		
18		财信期货	306		279		
19		国海良时	301		86		
20		广发期货	296		-16		
总计				15,471		314		

名次		会员简称	持买单量	增减		
1		永安期货	3,859		36		
2		中信期货	2,518		188		
3		瑞达期货	2,478		-45		
4		鲁证期货	2,271		1		
5		国泰君安	1,635		-17		
6		国投安信	1,456		205		
7		东证期货	1,303		71		
8		华泰期货	1,052		5		
9		宏源期货	1,031		203		
10		东海期货	838		63		
11		华安期货	796		170		
12		一德期货	753		0		
13		南华期货	550		83		
14		中粮期货	538		-1		
15		浙商期货	538		-8		
16		中银期货	531		0		
17		方正中期	477		24		
18		银河期货	452		34		
19		兴业期货	398		83		
20		海通期货	371		-54		
总计				23,845		1,041		

名次		会员简称	持卖单量	增减		
1		华泰期货	5,222		20		
2		国投安信	2,110		199		
3		浙商期货	1,950		11		
4		永安期货	1,433		-92		
5		东海期货	1,397		-12		
6		方正中期	1,185		69		
7		中大期货	1,089		0		
8		国信期货	1,017		3		
9		南华期货	882		290		
10		国泰君安	813		14		
11		信达期货	683		17		
12		中信期货	674		-44		
13		国海良时	641		-60		
14		兴证期货	585		10		
15		五矿经易	578		451		
16		招金期货	560		50		
17		中州期货	500		0		
18		申银万国	484		17		
19		宏源期货	478		9		
20		徽商期货	451		33		
总计				22,732		985		



会员类别	总成交量	增减		
期货公司会员	15,471		314		

会员类别	总持买单量	增减		
期货公司会员	23,845		1,041		

会员类别	总持卖单量	增减		
期货公司会员	22,732		985		

