								大连商品交易所 成交量_买持仓_卖持仓排名	

合约代码：c2103		Date：2020-11-04	

			期货公司会员	

名次		会员简称	成交量		增减		
1		华闻期货	5,818		1,030		
2		国富期货	4,893		2,817		
3		格林大华	4,856		2,387		
4		中大期货	4,844		2,700		
5		海通期货	3,345		1,013		
6		弘业期货	2,990		829		
7		申银万国	2,865		545		
8		东证期货	2,800		340		
9		五矿经易	2,446		-286		
10		光大期货	2,429		-525		
11		国海良时	2,320		644		
12		中信期货	2,013		502		
13		鲁证期货	1,567		-272		
14		宏源期货	1,542		-427		
15		银河期货	1,532		-118		
16		永安期货	1,495		306		
17		浙商期货	1,302		462		
18		西部期货	961		-92		
19		方正中期	851		-1,485		
20		华安期货	755		-114		
总计				51,624		10,256		

名次		会员简称	持买单量	增减		
1		鲁证期货	6,531		0		
2		中信期货	5,114		-26		
3		海通期货	3,014		-17		
4		永安期货	2,968		0		
5		一德期货	2,500		0		
6		东证期货	2,140		486		
7		申银万国	1,884		21		
8		五矿经易	1,605		0		
9		中大期货	1,316		0		
10		弘业期货	1,105		14		
11		光大期货	1,082		5		
12		宝城期货	1,057		0		
13		国富期货	1,038		-21		
14		摩根大通	1,000		0		
15		浙商期货	644		-24		
16		国投安信	501		0		
17		格林大华	501		-31		
18		国海良时	242		-17		
19		西部期货	207		43		
20		迈科期货	173		0		
总计				34,622		433		

名次		会员简称	持卖单量	增减		
1		华安期货	6,217		-18		
2		东证期货	3,404		640		
3		中信期货	3,166		45		
4		海通期货	3,160		-18		
5		光大期货	2,290		206		
6		申银万国	1,891		20		
7		五矿经易	1,607		0		
8		永安期货	1,489		1		
9		安粮期货	1,381		-30		
10		中大期货	1,344		-2		
11		弘业期货	1,147		18		
12		国海良时	1,077		-17		
13		宝城期货	1,073		-1		
14		国富期货	1,039		-18		
15		鲁证期货	977		15		
16		浙商期货	528		-24		
17		格林大华	502		-11		
18		一德期货	388		-4		
19		银河期货	332		33		
20		国元期货	327		11		
总计				33,339		846		



会员类别	总成交量	增减		
期货公司会员	51,624		10,256		

会员类别	总持买单量	增减		
期货公司会员	34,622		433		

会员类别	总持卖单量	增减		
期货公司会员	33,339		846		

