								大连商品交易所 成交量_买持仓_卖持仓排名	

合约代码：rr2101		Date：2020-11-04	

			期货公司会员	

名次		会员简称	成交量		增减		
1		东证期货	4,791		919		
2		海通期货	1,783		-902		
3		国泰君安	1,746		-327		
4		国信期货	1,076		155		
5		方正中期	928		-381		
6		中信期货	852		556		
7		五矿经易	786		-56		
8		申银万国	666		-104		
9		浙商期货	604		-3,118		
10		锦泰期货	572		-185		
11		光大期货	452		-444		
12		永安期货	437		-121		
13		国海良时	426		-315		
14		中信建投	408		11		
15		东海期货	386		-437		
16		鲁证期货	371		-511		
17		宏源期货	311		114		
18		徽商期货	305		-26		
19		江苏东华	208		102		
20		国投安信	194		-121		
总计				17,302		-5,191		

名次		会员简称	持买单量	增减		
1		永安期货	1,462		-37		
2		海通期货	1,078		-71		
3		国泰君安	1,072		259		
4		方正中期	1,051		90		
5		光大期货	1,006		122		
6		东证期货	966		-51		
7		国信期货	816		32		
8		国海良时	622		8		
9		五矿经易	619		5		
10		东海期货	499		164		
11		东航期货	361		-5		
12		申银万国	286		-10		
13		浙商期货	282		-6		
14		美尔雅期货	266		-27		
15		平安期货	239		-2		
16		中信建投	192		-18		
17		中辉期货	161		-5		
18		民生期货	151		1		
19		东方财富	135		-11		
20		兴证期货	128		-10		
总计				11,392		428		

名次		会员简称	持卖单量	增减		
1		海通期货	2,020		-56		
2		鲁证期货	1,659		95		
3		永安期货	1,213		-42		
4		东证期货	1,093		-16		
5		国泰君安	1,004		267		
6		北京首创	899		0		
7		方正中期	801		0		
8		天风期货	754		-137		
9		光大期货	710		130		
10		渤海期货	653		-55		
11		五矿经易	600		5		
12		国海良时	600		-12		
13		国信期货	516		78		
14		浙商期货	225		-2		
15		和合期货	191		-34		
16		申银万国	159		-24		
17		中融汇信	150		0		
18		东吴期货	126		0		
19		中信建投	101		0		
20		中信期货	86		0		
总计				13,560		197		



会员类别	总成交量	增减		
期货公司会员	17,302		-5,191		

会员类别	总持买单量	增减		
期货公司会员	11,392		428		

会员类别	总持卖单量	增减		
期货公司会员	13,560		197		

