								大连商品交易所 成交量_买持仓_卖持仓排名	

合约代码：pg2012		Date：2020-11-04	

			期货公司会员	

名次		会员简称	成交量		增减		
1		华泰期货	34,886		4,326		
2		国富期货	15,525		4,778		
3		中信期货	14,917		3,288		
4		海通期货	11,581		2,881		
5		国泰君安	8,122		1,205		
6		申银万国	7,856		464		
7		方正中期	7,489		-2,826		
8		光大期货	6,524		-609		
9		银河期货	6,464		1,027		
10		东海期货	5,732		2,872		
11		东证期货	5,039		-1,545		
12		华安期货	4,675		-165		
13		国投安信	4,486		252		
14		徽商期货	4,294		-1,390		
15		美尔雅期货	4,241		2,359		
16		中信建投	4,061		1,059		
17		华闻期货	3,948		-2,541		
18		兴证期货	3,943		389		
19		东吴期货	3,815		368		
20		永安期货	3,423		455		
总计				161,021		16,647		

名次		会员简称	持买单量	增减		
1		华泰期货	2,004		131		
2		永安期货	1,980		601		
3		兴业期货	1,761		664		
4		中信期货	1,261		35		
5		一德期货	1,245		143		
6		华闻期货	1,194		-18		
7		方正中期	1,186		222		
8		海通期货	1,068		254		
9		华安期货	933		75		
10		江苏东华	928		272		
11		东证期货	875		69		
12		申银万国	829		193		
13		南华期货	791		-98		
14		徽商期货	757		-58		
15		招金期货	753		-22		
16		瑞达期货	737		-186		
17		美尔雅期货	718		85		
18		宏源期货	716		-105		
19		银河期货	688		140		
20		浙商期货	685		-76		
总计				21,109		2,321		

名次		会员简称	持卖单量	增减		
1		中信期货	11,193		-1,202		
2		永安期货	3,942		112		
3		东证期货	3,815		-264		
4		国投安信	3,221		183		
5		国泰君安	1,014		109		
6		南华期货	943		274		
7		浙商期货	845		-588		
8		申银万国	723		37		
9		中信建投	670		392		
10		银河期货	622		-220		
11		东海期货	618		-385		
12		兴业期货	551		-11		
13		海通期货	530		85		
14		方正中期	510		-87		
15		中财期货	413		-196		
16		新晟期货	402		-47		
17		招商期货	376		-33		
18		国信期货	375		326		
19		光大期货	288		10		
20		中粮期货	286		247		
总计				31,337		-1,258		



会员类别	总成交量	增减		
期货公司会员	161,021		16,647		

会员类别	总持买单量	增减		
期货公司会员	21,109		2,321		

会员类别	总持卖单量	增减		
期货公司会员	31,337		-1,258		

