								大连商品交易所 成交量_买持仓_卖持仓排名	

合约代码：v2101		Date：2020-11-04	

			期货公司会员	

名次		会员简称	成交量		增减		
1		东证期货	153,866		16,594		
2		兴证期货	56,999		-7,160		
3		美尔雅期货	25,590		21,664		
4		海通期货	19,795		12,882		
5		国泰君安	19,198		1,370		
6		永安期货	18,464		1,924		
7		中信期货	17,922		4,267		
8		银河期货	15,453		-993		
9		华金期货	15,381		4,297		
10		国富期货	14,183		2,762		
11		中信建投	12,985		-2,930		
12		中辉期货	8,768		3,789		
13		华泰期货	7,697		-352		
14		徽商期货	7,048		2,047		
15		方正中期	7,009		1,460		
16		安粮期货	6,212		-127		
17		申银万国	6,130		-1,689		
18		国贸期货	5,817		3,807		
19		南华期货	5,566		2,510		
20		国元期货	5,514		3,162		
总计				429,597		69,284		

名次		会员简称	持买单量	增减		
1		永安期货	55,004		-1,919		
2		中信期货	20,986		-48		
3		国泰君安	10,988		-1,017		
4		国投安信	10,023		1,409		
5		华泰期货	9,020		-636		
6		一德期货	8,705		401		
7		天风期货	8,657		381		
8		国海良时	8,359		663		
9		中信建投	7,843		-153		
10		申银万国	7,790		-366		
11		东证期货	7,261		-1,839		
12		兴证期货	6,376		-102		
13		浙商期货	6,129		288		
14		银河期货	6,031		178		
15		瑞达期货	5,831		-2,106		
16		北京首创	5,715		-125		
17		中粮期货	5,389		86		
18		海通期货	5,352		-1,506		
19		东航期货	5,088		-413		
20		方正中期	4,898		1,359		
总计				205,445		-5,465		

名次		会员简称	持卖单量	增减		
1		永安期货	34,632		651		
2		国信期货	21,470		37		
3		国贸期货	14,898		-482		
4		中财期货	11,831		-365		
5		大地期货	11,772		-119		
6		兴业期货	11,564		-11		
7		广发期货	10,028		-398		
8		一德期货	9,405		666		
9		建信期货	9,325		-1,994		
10		华泰期货	9,138		-23		
11		国泰君安	8,764		-171		
12		浙商期货	8,212		-936		
13		中国国际	7,844		-680		
14		中信期货	7,491		358		
15		申银万国	7,487		-212		
16		银河期货	6,775		27		
17		中信建投	6,595		332		
18		东证期货	6,528		-1		
19		方正中期	6,224		-128		
20		宏源期货	5,081		-183		
总计				215,064		-3,632		



会员类别	总成交量	增减		
期货公司会员	429,597		69,284		

会员类别	总持买单量	增减		
期货公司会员	205,445		-5,465		

会员类别	总持卖单量	增减		
期货公司会员	215,064		-3,632		

