								大连商品交易所 成交量_买持仓_卖持仓排名	

合约代码：i2101		Date：2020-11-04	

			期货公司会员	

名次		会员简称	成交量		增减		
1		国富期货	220,546		45,257		
2		中信期货	113,862		39,364		
3		国泰君安	110,192		26,732		
4		海通期货	85,967		44,742		
5		方正中期	65,345		15,204		
6		申银万国	64,269		23,181		
7		东证期货	48,522		12,749		
8		永安期货	48,442		22,934		
9		华闻期货	47,007		13,719		
10		银河期货	46,314		6,268		
11		光大期货	38,289		4,648		
12		华泰期货	35,564		11,658		
13		南华期货	32,555		8,918		
14		中辉期货	30,534		16,135		
15		徽商期货	29,925		5,365		
16		浙商期货	27,086		4,565		
17		兴证期货	25,624		7,375		
18		一德期货	25,161		17,940		
19		东海期货	24,977		19,706		
20		广发期货	22,485		2,626		
总计				1,142,666	349,086		

名次		会员简称	持买单量	增减		
1		中信期货	60,113		2,692		
2		永安期货	53,742		-1,695		
3		银河期货	45,366		-669		
4		摩根大通	30,037		2,675		
5		一德期货	28,468		-9,759		
6		东证期货	22,779		-642		
7		申银万国	22,740		-12,601		
8		浙商期货	19,447		-920		
9		鲁证期货	19,343		-3,288		
10		国泰君安	17,972		-2,918		
11		兴证期货	17,950		825		
12		方正中期	16,200		-3,161		
13		华泰期货	14,821		-729		
14		东海期货	14,713		-14,953		
15		五矿经易	10,999		3,738		
16		弘业期货	9,303		-211		
17		国海良时	9,122		-539		
18		海证期货	8,762		-1,828		
19		国投安信	7,199		12		
20		光大期货	7,149		-964		
总计				436,225		-44,935		

名次		会员简称	持卖单量	增减		
1		中信期货	43,947		-1,244		
2		鲁证期货	36,207		1,012		
3		一德期货	31,446		-5,654		
4		华泰期货	25,262		-1,843		
5		银河期货	24,328		-3,253		
6		东证期货	22,902		-6,148		
7		浙商期货	22,440		-1,260		
8		永安期货	20,508		-8,015		
9		大地期货	19,232		-234		
10		南华期货	16,904		-982		
11		广发期货	15,630		216		
12		五矿经易	15,102		-876		
13		东兴期货	15,028		-143		
14		天风期货	13,156		-2,959		
15		中钢期货	12,101		-88		
16		中辉期货	12,041		-1,359		
17		大越期货	11,850		-142		
18		道通期货	11,185		-231		
19		国泰君安	11,176		442		
20		方正中期	11,081		1,902		
总计				391,526		-30,859		



会员类别	总成交量	增减		
期货公司会员	1,142,666	349,086		

会员类别	总持买单量	增减		
期货公司会员	436,225		-44,935		

会员类别	总持卖单量	增减		
期货公司会员	391,526		-30,859		

