								大连商品交易所 成交量_买持仓_卖持仓排名	

合约代码：cs2105		Date：2020-11-04	

			期货公司会员	

名次		会员简称	成交量		增减		
1		北京首创	2,016		795		
2		中信期货	1,443		261		
3		国泰君安	1,389		-359		
4		光大期货	1,319		211		
5		华闻期货	1,218		77		
6		中辉期货	1,051		436		
7		兴证期货	797		635		
8		华安期货	757		205		
9		永安期货	739		-490		
10		华泰期货	654		426		
11		中信建投	636		341		
12		东证期货	523		-173		
13		浙商期货	395		-162		
14		方正中期	371		-264		
15		新湖期货	341		49		
16		长江期货	296		135		
17		天风期货	272		248		
18		国贸期货	225		62		
19		徽商期货	216		-417		
20		宏源期货	190		-200		
总计				14,848		1,816		

名次		会员简称	持买单量	增减		
1		鲁证期货	9,618		104		
2		一德期货	5,961		73		
3		中州期货	4,025		0		
4		中辉期货	1,864		-4		
5		光大期货	1,551		10		
6		华泰期货	1,361		376		
7		华安期货	1,290		131		
8		倍特期货	714		-3		
9		宏源期货	648		40		
10		中信期货	545		185		
11		永安期货	454		2		
12		兴证期货	427		361		
13		中国国际	425		0		
14		锦泰期货	353		-1		
15		徽商期货	319		8		
16		先锋期货	276		-47		
17		上海大陆	250		35		
18		新湖期货	220		86		
19		东兴期货	207		-1		
20		银河期货	191		0		
总计				30,699		1,355		

名次		会员简称	持卖单量	增减		
1		弘业期货	4,567		-66		
2		中粮期货	4,203		0		
3		永安期货	2,074		621		
4		国富期货	1,731		5		
5		中辉期货	1,475		465		
6		华泰期货	1,268		140		
7		银河期货	1,246		27		
8		国泰君安	1,178		-9		
9		光大期货	816		21		
10		国联期货	673		23		
11		宏源期货	553		-12		
12		中信期货	549		98		
13		鲁证期货	518		26		
14		海证期货	515		48		
15		中天期货	495		6		
16		中信建投	492		408		
17		华闻期货	434		-22		
18		天风期货	400		-201		
19		一德期货	389		-78		
20		华安期货	370		10		
总计				23,946		1,510		



会员类别	总成交量	增减		
期货公司会员	14,848		1,816		

会员类别	总持买单量	增减		
期货公司会员	30,699		1,355		

会员类别	总持卖单量	增减		
期货公司会员	23,946		1,510		

