								大连商品交易所 成交量_买持仓_卖持仓排名	

合约代码：eb2101		Date：2020-11-04	

			期货公司会员	

名次		会员简称	成交量		增减		
1		东证期货	112,940		44,866		
2		国富期货	89,534		48,575		
3		国泰君安	35,731		17,711		
4		海通期货	31,953		12,145		
5		徽商期货	28,334		14,318		
6		华泰期货	27,608		9,218		
7		中信期货	23,254		7,689		
8		方正中期	21,991		10,298		
9		永安期货	19,583		10,736		
10		东方财富	18,434		11,148		
11		华安期货	16,416		8,383		
12		东吴期货	15,855		7,635		
13		中信建投	13,175		6,504		
14		天风期货	12,289		9,728		
15		申银万国	12,241		4,369		
16		华闻期货	12,123		5,947		
17		银河期货	11,253		5,120		
18		光大期货	10,742		4,351		
19		中辉期货	10,702		5,450		
20		南华期货	10,290		4,814		
总计				534,448		249,005		

名次		会员简称	持买单量	增减		
1		永安期货	12,738		-1,727		
2		国泰君安	10,539		5,722		
3		浙商期货	8,486		2,344		
4		信达期货	6,924		296		
5		东证期货	6,154		4,781		
6		方正中期	6,066		293		
7		中信期货	5,031		458		
8		申银万国	4,566		332		
9		华泰期货	4,310		770		
10		国投安信	4,296		-555		
11		中财期货	3,966		310		
12		中信建投	3,671		128		
13		瑞达期货	3,387		591		
14		鲁证期货	3,245		68		
15		徽商期货	3,124		267		
16		宏源期货	3,029		145		
17		东航期货	3,013		-545		
18		海通期货	2,872		825		
19		兴证期货	2,845		218		
20		天风期货	2,783		-773		
总计				101,045		13,948		

名次		会员简称	持卖单量	增减		
1		银河期货	11,999		1,151		
2		永安期货	11,648		140		
3		华泰期货	10,485		732		
4		国投安信	8,212		603		
5		浙商期货	7,474		476		
6		东海期货	6,576		444		
7		建信期货	6,533		-392		
8		天风期货	6,186		-254		
9		东证期货	5,418		-141		
10		国泰君安	4,874		1,055		
11		中财期货	3,506		68		
12		东吴期货	3,471		301		
13		徽商期货	3,292		981		
14		国海良时	3,200		469		
15		南华期货	3,108		711		
16		华融融达	3,106		-627		
17		五矿经易	2,774		288		
18		方正中期	2,762		430		
19		宝城期货	2,756		1,198		
20		一德期货	2,468		-221		
总计				109,848		7,412		



会员类别	总成交量	增减		
期货公司会员	534,448		249,005		

会员类别	总持买单量	增减		
期货公司会员	101,045		13,948		

会员类别	总持卖单量	增减		
期货公司会员	109,848		7,412		

