								大连商品交易所 成交量_买持仓_卖持仓排名	

合约代码：b2010		Date：2020-08-21	

			期货公司会员	

名次		会员简称	成交量		增减		
1		华泰期货	17,530		-378		
2		国泰君安	6,115		-202		
3		国富期货	5,399		-1,235		
4		海通期货	3,145		-1,392		
5		光大期货	2,761		-251		
6		方正中期	2,699		462		
7		中信期货	2,648		-193		
8		东方财富	2,563		-78		
9		东证期货	2,449		-609		
10		徽商期货	2,027		139		
11		华闻期货	1,816		763		
12		南华期货	1,684		-337		
13		申银万国	1,525		-358		
14		永安期货	1,506		722		
15		国投安信	1,422		-642		
16		渤海期货	1,389		263		
17		先锋期货	1,361		946		
18		华安期货	1,342		-312		
19		宏源期货	1,301		290		
20		弘业期货	1,129		-2		
总计				61,811		-2,404		

名次		会员简称	持买单量	增减		
1		海通期货	3,362		-29		
2		南华期货	2,308		98		
3		深圳金汇	2,300		14		
4		国投安信	1,369		41		
5		方正中期	1,367		-113		
6		五矿经易	1,222		9		
7		光大期货	1,151		69		
8		申银万国	1,128		-9		
9		中原期货	1,053		-1		
10		华泰期货	998		-248		
11		国泰君安	834		87		
12		东证期货	795		484		
13		渤海期货	713		-13		
14		弘业期货	589		-26		
15		中粮期货	550		4		
16		东方财富	529		-50		
17		中信期货	499		0		
18		永安期货	373		41		
19		中信建投	308		-253		
20		金瑞期货	302		144		
总计				21,750		249		

名次		会员简称	持卖单量	增减		
1		海通期货	3,025		-140		
2		摩根大通	2,100		100		
3		南华期货	2,043		-2		
4		五矿经易	1,888		-73		
5		国投安信	1,639		187		
6		方正中期	1,216		-28		
7		中原期货	1,012		6		
8		光大期货	915		-102		
9		渤海期货	828		-42		
10		北京首创	702		-304		
11		一德期货	651		0		
12		东证期货	623		-13		
13		中州期货	560		294		
14		弘业期货	518		19		
15		美尔雅期货	501		-68		
16		先融期货	501		295		
17		中信建投	490		-470		
18		宏源期货	467		1		
19		国泰君安	440		76		
20		中天期货	431		-2		
总计				20,550		-266		



会员类别	总成交量	增减		
期货公司会员	61,811		-2,404		

会员类别	总持买单量	增减		
期货公司会员	21,750		249		

会员类别	总持卖单量	增减		
期货公司会员	20,550		-266		

