								大连商品交易所 成交量_买持仓_卖持仓排名	

合约代码：v2101		Date：2020-08-21	

			期货公司会员	

名次		会员简称	成交量		增减		
1		东证期货	68,784		-10,291		
2		兴证期货	17,804		-6,271		
3		国泰君安	9,804		-14,976		
4		中信期货	7,929		-2,896		
5		国富期货	5,837		-6,748		
6		华金期货	5,551		-3,546		
7		海通期货	5,237		-554		
8		华融融达	4,374		-3,006		
9		永安期货	4,216		-2,464		
10		建信期货	3,700		673		
11		方正中期	3,669		-765		
12		华泰期货	3,596		-2,931		
13		申银万国	3,127		-1,173		
14		广发期货	3,065		-171		
15		平安期货	3,046		2,083		
16		银河期货	2,228		266		
17		中财期货	2,193		-633		
18		徽商期货	2,170		-378		
19		中信建投	2,156		182		
20		金瑞期货	1,989		1,160		
总计				160,475		-52,439		

名次		会员简称	持买单量	增减		
1		中信期货	28,527		-398		
2		永安期货	17,975		615		
3		一德期货	10,362		6		
4		国泰君安	7,200		-260		
5		华泰期货	7,166		-1,173		
6		银河期货	6,574		-565		
7		南华期货	5,792		137		
8		中国国际	4,694		37		
9		鲁证期货	4,503		183		
10		国投安信	4,260		254		
11		东证期货	4,046		166		
12		兴证期货	3,956		-305		
13		瑞达期货	3,229		563		
14		海通期货	3,105		-907		
15		中信建投	2,936		-615		
16		方正中期	2,780		-588		
17		宏源期货	2,490		-85		
18		申银万国	2,445		267		
19		信达期货	2,409		103		
20		倍特期货	2,026		930		
总计				126,475		-1,635		

名次		会员简称	持卖单量	增减		
1		国信期货	20,608		84		
2		国贸期货	17,285		-563		
3		永安期货	13,753		519		
4		信达期货	8,590		107		
5		中财期货	8,230		387		
6		浙商期货	7,553		-346		
7		大地期货	7,477		-63		
8		申银万国	6,546		-334		
9		银河期货	5,445		109		
10		国投安信	5,232		-74		
11		方正中期	5,013		-183		
12		华泰期货	4,963		891		
13		东证期货	4,736		1,102		
14		中信期货	3,863		925		
15		新湖期货	3,849		75		
16		大越期货	3,671		120		
17		中信建投	3,170		727		
18		中粮期货	2,826		-36		
19		西南期货	2,604		57		
20		国泰君安	2,503		64		
总计				137,917		3,568		



会员类别	总成交量	增减		
期货公司会员	160,475		-52,439		

会员类别	总持买单量	增减		
期货公司会员	126,475		-1,635		

会员类别	总持卖单量	增减		
期货公司会员	137,917		3,568		

