								大连商品交易所 成交量_买持仓_卖持仓排名	

合约代码：i2101		Date：2020-08-21	

			期货公司会员	

名次		会员简称	成交量		增减		
1		国泰君安	141,902		30,551		
2		国富期货	129,407		29,978		
3		中信期货	75,167		3,085		
4		申银万国	74,805		10,041		
5		海通期货	59,932		20,792		
6		东证期货	55,570		4,440		
7		中辉期货	52,795		14,835		
8		方正中期	48,877		-2,314		
9		银河期货	48,416		-3,533		
10		华闻期货	46,233		6,689		
11		华泰期货	43,948		15,292		
12		永安期货	43,651		10,285		
13		徽商期货	39,566		2,647		
14		光大期货	39,524		1,441		
15		一德期货	37,916		14,762		
16		五矿经易	34,087		20,509		
17		华安期货	28,213		3,597		
18		东海期货	28,068		15,629		
19		冠通期货	25,735		8,256		
20		招金期货	25,553		9,910		
总计				1,079,365	216,892		

名次		会员简称	持买单量	增减		
1		摩根大通	37,101		7,725		
2		申银万国	36,039		-285		
3		中信期货	33,856		1,279		
4		银河期货	32,529		1,492		
5		永安期货	32,413		-173		
6		国泰君安	30,995		-6,255		
7		华泰期货	28,308		3,968		
8		东海期货	24,644		2,867		
9		鲁证期货	23,882		3,508		
10		东证期货	23,457		1,686		
11		安粮期货	19,688		2,127		
12		一德期货	18,994		-535		
13		海通期货	15,189		1,339		
14		上海东亚	13,451		2,054		
15		方正中期	11,157		-1,689		
16		海证期货	10,453		-172		
17		中信建投	9,569		-17		
18		浙商期货	9,306		-1,824		
19		天风期货	8,981		-757		
20		光大期货	8,784		1,549		
总计				428,796		17,887		

名次		会员简称	持卖单量	增减		
1		浙商期货	50,901		-216		
2		永安期货	35,139		-5,386		
3		一德期货	31,076		-157		
4		道通期货	24,862		357		
5		华泰期货	23,931		-1,278		
6		鲁证期货	21,819		-745		
7		广发期货	18,854		-370		
8		大地期货	18,783		289		
9		东证期货	17,967		1,394		
10		中信期货	16,535		-536		
11		方正中期	16,483		-2,244		
12		弘业期货	15,785		-338		
13		五矿经易	15,754		4,523		
14		东兴期货	15,423		171		
15		天风期货	14,975		-873		
16		中辉期货	14,687		-894		
17		国投安信	14,042		-9		
18		银河期货	13,039		32		
19		海通期货	12,412		119		
20		中钢期货	12,307		-116		
总计				404,774		-6,277		



会员类别	总成交量	增减		
期货公司会员	1,079,365	216,892		

会员类别	总持买单量	增减		
期货公司会员	428,796		17,887		

会员类别	总持卖单量	增减		
期货公司会员	404,774		-6,277		

