								大连商品交易所 成交量_买持仓_卖持仓排名	

合约代码：pp2101		Date：2020-08-21	

			期货公司会员	

名次		会员简称	成交量		增减		
1		东证期货	159,448		31,406		
2		中信期货	43,352		6,463		
3		国泰君安	42,597		-3,124		
4		海通期货	36,647		7,633		
5		华泰期货	22,888		1,005		
6		方正中期	22,396		-844		
7		国富期货	20,711		-1,874		
8		银河期货	16,552		5,017		
9		兴证期货	16,443		6,734		
10		永安期货	15,678		-239		
11		徽商期货	14,559		-687		
12		国信期货	14,301		5,222		
13		浙商期货	14,148		2,123		
14		华安期货	13,660		-2,154		
15		南华期货	12,933		6,956		
16		宏源期货	10,482		-415		
17		申银万国	9,932		1,265		
18		中辉期货	9,503		768		
19		广发期货	9,155		2,471		
20		弘业期货	8,690		2,921		
总计				514,075		70,647		

名次		会员简称	持买单量	增减		
1		永安期货	36,330		-20		
2		中信期货	31,851		-15		
3		银河期货	10,497		323		
4		新湖期货	10,403		-107		
5		东证期货	8,913		-144		
6		东海期货	6,405		8		
7		华泰期货	5,285		-4,087		
8		宏源期货	5,208		-97		
9		中信建投	5,207		469		
10		华安期货	5,106		1,250		
11		浙商期货	5,105		-741		
12		海通期货	4,283		-2,775		
13		国泰君安	4,151		-3,866		
14		大地期货	4,069		-450		
15		兴证期货	3,667		-2,406		
16		国投安信	3,655		-435		
17		方正中期	3,503		-1,265		
18		申银万国	3,401		-469		
19		摩根大通	3,383		-91		
20		瑞达期货	3,335		230		
总计				163,757		-14,688		

名次		会员简称	持卖单量	增减		
1		浙商期货	16,917		-2,701		
2		国泰君安	14,155		-1,175		
3		国投安信	12,828		-405		
4		永安期货	12,435		-2,822		
5		华泰期货	10,994		1,815		
6		南华期货	10,134		-343		
7		中银期货	9,458		-318		
8		东证期货	9,179		1,258		
9		中信期货	7,211		-1,425		
10		建信期货	7,051		-1,568		
11		鲁证期货	6,728		814		
12		瑞达期货	6,641		-107		
13		银河期货	6,625		-881		
14		国信期货	5,046		-3,946		
15		华融融达	4,982		295		
16		广发期货	4,117		-687		
17		中信建投	3,878		-131		
18		海通期货	3,846		1,584		
19		东海期货	3,770		-702		
20		中粮期货	3,613		-486		
总计				159,608		-11,931		



会员类别	总成交量	增减		
期货公司会员	514,075		70,647		

会员类别	总持买单量	增减		
期货公司会员	163,757		-14,688		

会员类别	总持卖单量	增减		
期货公司会员	159,608		-11,931		

