								大连商品交易所 成交量_买持仓_卖持仓排名	

合约代码：jd2101		Date：2020-08-21	

			期货公司会员	

名次		会员简称	成交量		增减		
1		东证期货	8,135		-1,504		
2		申银万国	2,894		-439		
3		中信期货	2,508		717		
4		华安期货	2,243		210		
5		徽商期货	2,236		-527		
6		中辉期货	2,017		281		
7		永安期货	1,885		878		
8		宏源期货	1,863		171		
9		光大期货	1,838		60		
10		方正中期	1,476		-364		
11		安粮期货	1,347		-596		
12		金瑞期货	1,336		-119		
13		汇鑫期货	1,198		452		
14		国泰君安	1,189		384		
15		中信建投	1,108		-1,493		
16		东吴期货	958		413		
17		华泰期货	944		-282		
18		鲁证期货	914		218		
19		英大期货	909		592		
20		北京首创	860		517		
总计				37,858		-431		

名次		会员简称	持买单量	增减		
1		永安期货	3,438		-214		
2		徽商期货	2,556		-95		
3		中辉期货	2,208		93		
4		方正中期	1,832		231		
5		国泰君安	1,562		244		
6		华安期货	1,458		167		
7		中信期货	1,415		190		
8		宏源期货	1,384		362		
9		东航期货	1,312		28		
10		中信建投	1,312		81		
11		申银万国	1,231		54		
12		安粮期货	1,191		155		
13		浙商期货	967		19		
14		银河期货	901		41		
15		福能期货	838		-5		
16		新湖期货	806		50		
17		国投安信	804		108		
18		海通期货	803		111		
19		弘业期货	794		95		
20		九州期货	760		122		
总计				27,572		1,837		

名次		会员简称	持卖单量	增减		
1		永安期货	3,182		389		
2		福能期货	3,056		-8		
3		美尔雅期货	2,619		145		
4		中信建投	2,428		407		
5		英大期货	1,861		221		
6		华泰期货	1,835		-220		
7		海通期货	1,574		46		
8		国泰君安	1,476		115		
9		方正中期	1,457		-165		
10		华安期货	1,430		14		
11		东航期货	1,298		31		
12		北京首创	1,297		318		
13		宏源期货	1,174		49		
14		徽商期货	1,170		61		
15		海证期货	1,127		433		
16		中信期货	1,114		476		
17		鲁证期货	1,097		327		
18		国海良时	1,048		28		
19		中银期货	894		-23		
20		新湖期货	859		59		
总计				31,996		2,703		



会员类别	总成交量	增减		
期货公司会员	37,858		-431		

会员类别	总持买单量	增减		
期货公司会员	27,572		1,837		

会员类别	总持卖单量	增减		
期货公司会员	31,996		2,703		

