								大连商品交易所 成交量_买持仓_卖持仓排名	

合约代码：v2009		Date：2020-08-21	

			期货公司会员	

名次		会员简称	成交量		增减		
1		东证期货	10,316		-5,523		
2		中信期货	1,665		-1,960		
3		永安期货	1,550		-1,041		
4		华泰期货	1,070		-401		
5		国富期货	957		-1,069		
6		光大期货	754		-862		
7		中财期货	630		-650		
8		锦泰期货	627		-123		
9		国信期货	487		-667		
10		国泰君安	453		-98		
11		安粮期货	412		-354		
12		方正中期	397		111		
13		金瑞期货	365		-397		
14		东海期货	300		-40		
15		长江期货	282		-37		
16		海通期货	258		109		
17		宏源期货	253		-328		
18		美尔雅期货	253		127		
19		华西期货	244		-116		
20		鲁证期货	218		-80		
总计				21,491		-13,399		

名次		会员简称	持买单量	增减		
1		国投安信	3,658		-34		
2		永安期货	2,437		-464		
3		新湖期货	2,097		18		
4		浙商期货	1,481		-54		
5		中粮期货	1,454		-8		
6		中信期货	1,150		-135		
7		银河期货	1,093		-9		
8		大地期货	833		-1		
9		盛达期货	756		-5		
10		华泰期货	502		-293		
11		国泰君安	423		-279		
12		中财期货	420		-20		
13		东证期货	412		70		
14		长城期货	400		0		
15		一德期货	362		0		
16		金瑞期货	309		72		
17		五矿经易	304		0		
18		宏源期货	254		-69		
19		南华期货	248		-149		
20		鲁证期货	232		-14		
总计				18,825		-1,374		

名次		会员简称	持卖单量	增减		
1		中财期货	2,939		202		
2		大地期货	2,061		-7		
3		国投安信	1,477		-146		
4		华泰期货	894		-107		
5		永安期货	849		-628		
6		东海期货	674		0		
7		宝城期货	654		0		
8		华金期货	597		-170		
9		国泰君安	537		-78		
10		瑞达期货	504		-66		
11		建信期货	489		0		
12		光大期货	486		-16		
13		长江期货	456		2		
14		一德期货	423		0		
15		兴证期货	421		32		
16		中辉期货	418		0		
17		中大期货	418		-1		
18		中融汇信	387		-119		
19		中信期货	341		-78		
20		兴业期货	327		-61		
总计				15,352		-1,241		



会员类别	总成交量	增减		
期货公司会员	21,491		-13,399		

会员类别	总持买单量	增减		
期货公司会员	18,825		-1,374		

会员类别	总持卖单量	增减		
期货公司会员	15,352		-1,241		

