								大连商品交易所 成交量_买持仓_卖持仓排名	

合约代码：c2009		Date：2020-08-21	

			期货公司会员	

名次		会员简称	成交量		增减		
1		华闻期货	3,169		2,851		
2		永安期货	2,969		1,921		
3		东证期货	2,449		-1,647		
4		中信期货	2,285		97		
5		国泰君安	1,730		479		
6		银河期货	1,285		747		
7		兴证期货	1,249		1,124		
8		华泰期货	1,118		-3,282		
9		国富期货	1,100		103		
10		国投安信	944		-2,700		
11		广发期货	926		254		
12		光大期货	814		-1,122		
13		山金期货	690		61		
14		国贸期货	690		508		
15		信达期货	673		209		
16		长江期货	581		-210		
17		中投期货	581		384		
18		中衍期货	479		-50		
19		平安期货	466		63		
20		宏源期货	445		-498		
总计				24,643		-708		

名次		会员简称	持买单量	增减		
1		国投安信	11,396		140		
2		鲁证期货	3,418		-5		
3		混沌天成	2,512		1		
4		中国国际	2,110		-7		
5		永安期货	2,008		-2,593		
6		华泰期货	1,947		-968		
7		创元期货	1,274		19		
8		一德期货	1,186		0		
9		摩根大通	1,084		0		
10		银河期货	1,073		831		
11		光大期货	806		-125		
12		华安期货	773		3		
13		中信期货	727		-105		
14		建信期货	461		-81		
15		徽商期货	447		-62		
16		北京首创	400		-59		
17		浙商期货	388		-240		
18		南华期货	369		0		
19		先锋期货	360		-50		
20		申银万国	359		-203		
总计				33,098		-3,504		

名次		会员简称	持卖单量	增减		
1		金瑞期货	6,357		-150		
2		中粮期货	5,041		-66		
3		银河期货	3,621		-22		
4		信达期货	2,291		-498		
5		国泰君安	2,082		-83		
6		中国国际	1,939		-34		
7		华泰期货	1,912		-124		
8		永安期货	1,790		-168		
9		鲁证期货	1,266		-255		
10		瑞达期货	931		7		
11		海通期货	793		8		
12		中融汇信	641		0		
13		创元期货	561		-22		
14		渤海期货	473		-6		
15		平安期货	448		-287		
16		广州金控	427		-20		
17		中信期货	405		-80		
18		华安期货	398		-131		
19		西南期货	392		-154		
20		光大期货	382		-123		
总计				32,150		-2,208		



会员类别	总成交量	增减		
期货公司会员	24,643		-708		

会员类别	总持买单量	增减		
期货公司会员	33,098		-3,504		

会员类别	总持卖单量	增减		
期货公司会员	32,150		-2,208		

