								大连商品交易所 成交量_买持仓_卖持仓排名	

合约代码：c2011		Date：2020-09-28	

			期货公司会员	

名次		会员简称	成交量		增减		
1		东证期货	4,160		963		
2		华安期货	4,157		4,021		
3		中粮期货	3,894		2,023		
4		冠通期货	3,660		1,643		
5		银河期货	2,948		-1,070		
6		广发期货	2,903		-807		
7		格林大华	2,330		820		
8		鲁证期货	2,200		332		
9		新湖期货	1,900		900		
10		浙商期货	1,829		302		
11		华闻期货	1,753		457		
12		永安期货	1,473		-1,062		
13		国海良时	1,454		163		
14		中信期货	1,400		233		
15		光大期货	1,358		-5,383		
16		海通期货	1,200		-377		
17		北京首创	1,139		169		
18		弘业期货	1,085		532		
19		五矿经易	1,075		-171		
20		申银万国	1,000		725		
总计				42,918		4,413		

名次		会员简称	持买单量	增减		
1		国投安信	18,141		156		
2		华安期货	4,770		3,939		
3		兴证期货	2,916		1		
4		弘业期货	2,691		-98		
5		北京首创	2,016		-462		
6		冠通期货	1,865		-450		
7		东证期货	1,642		36		
8		永安期货	1,179		-154		
9		中大期货	919		0		
10		东吴期货	916		-39		
11		中辉期货	606		-2		
12		中粮期货	452		87		
13		锦泰期货	350		-32		
14		南华期货	240		-6		
15		迈科期货	238		-2		
16		中信建投	191		-5		
17		创元期货	180		20		
18		国海良时	156		-3		
19		国联期货	155		-2		
20		光大期货	144		-31		
总计				39,767		2,953		

名次		会员简称	持卖单量	增减		
1		中信期货	6,321		-62		
2		民生期货	5,114		0		
3		银河期货	4,930		186		
4		一德期货	3,006		-3		
5		弘业期货	2,272		5		
6		海通期货	2,237		326		
7		永安期货	2,007		21		
8		中粮期货	1,728		360		
9		国投安信	1,513		391		
10		广州金控	1,450		0		
11		中信建投	978		115		
12		中大期货	934		0		
13		国泰君安	915		-166		
14		徽商期货	679		142		
15		光大期货	571		-35		
16		长安期货	507		1		
17		招商期货	487		128		
18		金瑞期货	458		323		
19		新湖期货	408		10		
20		五矿经易	353		-33		
总计				36,868		1,709		



会员类别	总成交量	增减		
期货公司会员	42,918		4,413		

会员类别	总持买单量	增减		
期货公司会员	39,767		2,953		

会员类别	总持卖单量	增减		
期货公司会员	36,868		1,709		

