								大连商品交易所 成交量_买持仓_卖持仓排名	

合约代码：jd2010		Date：2020-09-28	

			期货公司会员	

名次		会员简称	成交量		增减		
1		天风期货	3,625		-2,022		
2		徽商期货	3,349		-5,554		
3		国泰君安	3,041		-2,794		
4		华安期货	2,557		-2,751		
5		银河期货	2,518		-2,148		
6		宏源期货	2,170		-1,907		
7		方正中期	1,798		-3,113		
8		中信期货	1,689		-1,910		
9		光大期货	1,688		-2,953		
10		国富期货	1,623		-1,404		
11		华泰期货	1,397		-911		
12		海通期货	1,385		-878		
13		中信建投	1,321		-1,744		
14		美尔雅期货	1,215		-79		
15		安粮期货	1,140		-1,560		
16		东吴期货	1,109		-1,523		
17		永安期货	1,083		-2,602		
18		长江期货	1,051		-934		
19		中辉期货	970		-1,890		
20		国元期货	945		-98		
总计				35,674		-38,775		

名次		会员简称	持买单量	增减		
1		国泰君安	1,480		-345		
2		中信建投	1,435		-275		
3		方正中期	1,423		-316		
4		华安期货	1,190		-434		
5		东方财富	1,181		-263		
6		徽商期货	1,119		-520		
7		永安期货	1,118		-242		
8		银河期货	1,044		-640		
9		光大期货	978		-328		
10		中信期货	890		-250		
11		广发期货	869		-281		
12		南华期货	769		-202		
13		鲁证期货	768		-223		
14		中粮期货	694		-38		
15		国元期货	691		-49		
16		中衍期货	666		-154		
17		东证期货	664		-400		
18		平安期货	634		-297		
19		瑞达期货	617		-38		
20		长江期货	615		-165		
总计				18,845		-5,460		

名次		会员简称	持卖单量	增减		
1		方正中期	4,508		-392		
2		格林大华	2,605		-170		
3		英大期货	2,453		-54		
4		宏源期货	1,998		-667		
5		中信建投	1,789		-144		
6		长江期货	1,670		-278		
7		美尔雅期货	1,556		-389		
8		华安期货	1,511		-747		
9		银河期货	1,272		-342		
10		弘业期货	1,027		-73		
11		徽商期货	1,012		-987		
12		申银万国	953		-34		
13		宝城期货	749		-29		
14		光大期货	567		-120		
15		东证期货	516		-224		
16		永安期货	515		-159		
17		中辉期货	500		-120		
18		南华期货	449		-63		
19		先锋期货	430		-151		
20		国泰君安	409		-340		
总计				26,489		-5,483		



会员类别	总成交量	增减		
期货公司会员	35,674		-38,775		

会员类别	总持买单量	增减		
期货公司会员	18,845		-5,460		

会员类别	总持卖单量	增减		
期货公司会员	26,489		-5,483		

