								大连商品交易所 成交量_买持仓_卖持仓排名	

合约代码：c2107		Date：2020-09-28	

			期货公司会员	

名次		会员简称	成交量		增减		
1		光大期货	31,450		12,116		
2		华泰期货	27,495		16,103		
3		国泰君安	25,849		3,362		
4		国富期货	19,545		7,238		
5		中辉期货	14,562		4,382		
6		鲁证期货	9,523		8,108		
7		东证期货	6,856		3,935		
8		五矿经易	4,559		2,467		
9		格林大华	3,762		3,653		
10		海通期货	3,512		2,030		
11		浙商期货	3,288		2,802		
12		冠通期货	3,044		2,563		
13		华闻期货	2,930		1,368		
14		国海良时	2,602		1,302		
15		宝城期货	2,213		1,414		
16		申银万国	2,198		1,000		
17		宏源期货	2,159		1,703		
18		东海期货	2,024		1,924		
19		永安期货	1,892		1,064		
20		银河期货	1,784		-109		
总计				171,247		78,425		

名次		会员简称	持买单量	增减		
1		鲁证期货	25,554		5,493		
2		一德期货	12,858		-800		
3		中信建投	7,173		392		
4		中州期货	7,002		0		
5		宝城期货	3,913		12		
6		中辉期货	3,407		-72		
7		东证期货	3,033		-62		
8		中信期货	3,015		-5		
9		永安期货	2,920		-2		
10		申银万国	2,792		-6		
11		东吴期货	1,945		0		
12		银河期货	1,199		-25		
13		海通期货	1,135		-390		
14		浙商期货	1,068		14		
15		混沌天成	1,000		0		
16		中大期货	812		-1		
17		海证期货	798		5		
18		招金期货	601		1		
19		五矿经易	595		0		
20		新湖期货	519		-1		
总计				81,339		4,553		

名次		会员简称	持卖单量	增减		
1		光大期货	12,193		15		
2		中信期货	11,184		77		
3		东证期货	8,158		-782		
4		金瑞期货	8,094		-1		
5		鲁证期货	6,170		16		
6		国投安信	5,804		1,009		
7		徽商期货	4,380		147		
8		宝城期货	3,938		45		
9		北京首创	3,295		70		
10		申银万国	2,681		-6		
11		永安期货	2,252		20		
12		东海期货	1,696		1,194		
13		海证期货	1,556		38		
14		海通期货	1,467		-226		
15		中大期货	1,135		97		
16		兴证期货	1,102		2		
17		浙商期货	1,095		32		
18		一德期货	614		234		
19		五矿经易	609		3		
20		冠通期货	546		298		
总计				77,969		2,282		



会员类别	总成交量	增减		
期货公司会员	171,247		78,425		

会员类别	总持买单量	增减		
期货公司会员	81,339		4,553		

会员类别	总持卖单量	增减		
期货公司会员	77,969		2,282		

