								大连商品交易所 成交量_买持仓_卖持仓排名	

合约代码：rr2012		Date：2020-09-28	

			期货公司会员	

名次		会员简称	成交量		增减		
1		东证期货	8,865		4,375		
2		海通期货	5,002		2,902		
3		国海良时	3,512		382		
4		国泰君安	2,668		1,568		
5		格林大华	1,959		1,350		
6		五矿经易	1,926		1,211		
7		中信建投	1,910		687		
8		美尔雅期货	1,785		107		
9		申银万国	1,771		655		
10		鲁证期货	1,718		575		
11		中原期货	1,556		504		
12		浙商期货	1,311		267		
13		光大期货	1,295		459		
14		永安期货	1,245		533		
15		北京首创	886		686		
16		上海东亚	882		-302		
17		国投安信	856		789		
18		中信期货	763		-51		
19		徽商期货	604		-80		
20		天风期货	431		85		
总计				40,945		16,702		

名次		会员简称	持买单量	增减		
1		宏源期货	2,196		-25		
2		五矿经易	2,050		12		
3		永安期货	1,869		481		
4		东证期货	1,686		373		
5		安粮期货	999		-54		
6		国泰君安	836		-273		
7		海通期货	822		276		
8		浙商期货	530		5		
9		光大期货	486		143		
10		国海良时	469		-53		
11		江西瑞奇	407		-193		
12		瑞达期货	369		-36		
13		中原期货	320		1		
14		国信期货	273		27		
15		中信期货	267		48		
16		广发期货	264		1		
17		申银万国	259		-103		
18		中信建投	258		-4		
19		徽商期货	229		9		
20		方正中期	202		26		
总计				14,791		661		

名次		会员简称	持卖单量	增减		
1		五矿经易	2,104		106		
2		东证期货	1,889		394		
3		北京首创	1,650		150		
4		永安期货	1,460		398		
5		东海期货	1,137		-1		
6		海通期货	805		60		
7		渤海期货	740		0		
8		金元期货	732		-17		
9		国泰君安	686		-161		
10		光大期货	607		146		
11		中信期货	528		-33		
12		浙商期货	515		4		
13		鲁证期货	505		-279		
14		申银万国	410		-316		
15		长江期货	392		26		
16		中原期货	306		-1		
17		国海良时	304		-99		
18		和合期货	287		27		
19		天风期货	266		144		
20		国投安信	265		264		
总计				15,588		812		



会员类别	总成交量	增减		
期货公司会员	40,945		16,702		

会员类别	总持买单量	增减		
期货公司会员	14,791		661		

会员类别	总持卖单量	增减		
期货公司会员	15,588		812		

