								大连商品交易所 成交量_买持仓_卖持仓排名	

合约代码：p2101		Date：2020-09-28	

			期货公司会员	

名次		会员简称	成交量		增减		
1		东证期货	307,457		-32,279		
2		国泰君安	161,984		15,031		
3		光大期货	157,984		-9,223		
4		中信期货	81,310		-5,446		
5		国富期货	77,794		13,794		
6		海通期货	70,903		-1,509		
7		方正中期	65,862		-21,288		
8		申银万国	47,575		-8,787		
9		银河期货	46,613		-3,938		
10		徽商期货	39,887		-13,251		
11		五矿经易	38,693		28,426		
12		华安期货	35,647		-2,108		
13		兴证期货	32,760		-1,270		
14		华泰期货	31,155		-758		
15		山西三立	26,960		12,496		
16		华西期货	24,693		-2,686		
17		中辉期货	23,903		-2,584		
18		中粮期货	23,495		12,265		
19		安粮期货	23,412		58		
20		国元期货	22,440		5,515		
总计				1,340,527	-17,542		

名次		会员简称	持买单量	增减		
1		永安期货	25,382		-2,293		
2		银河期货	22,073		-1,819		
3		中信期货	16,557		795		
4		国盛期货	15,592		43		
5		浙商期货	14,589		7		
6		五矿经易	13,697		808		
7		国投安信	11,853		-134		
8		光大期货	10,620		547		
9		天风期货	9,484		-782		
10		海通期货	9,091		-2,402		
11		国泰君安	9,001		-2,627		
12		宝城期货	8,746		-139		
13		一德期货	8,436		-318		
14		东证期货	7,615		-1,098		
15		大越期货	7,602		-207		
16		方正中期	7,268		138		
17		广发期货	6,671		-677		
18		大地期货	6,291		158		
19		华安期货	6,062		954		
20		安粮期货	5,612		3,121		
总计				222,242		-5,925		

名次		会员简称	持卖单量	增减		
1		中粮期货	41,735		-2,211		
2		国投安信	35,084		1,025		
3		广发期货	26,046		1,033		
4		海通期货	22,253		5,135		
5		国贸期货	16,618		3,273		
6		银河期货	15,791		-1,808		
7		中信期货	15,649		-363		
8		国富期货	15,525		-1,048		
9		东证期货	12,569		-243		
10		永安期货	12,383		-270		
11		国泰君安	10,589		-3,777		
12		一德期货	9,222		-105		
13		摩根大通	7,473		-1,006		
14		弘业期货	6,294		340		
15		兴证期货	5,402		975		
16		中天期货	5,338		98		
17		华融融达	5,331		-471		
18		五矿经易	5,286		-8,497		
19		鲁证期货	5,204		-651		
20		中国国际	5,108		-282		
总计				278,900		-8,853		



会员类别	总成交量	增减		
期货公司会员	1,340,527	-17,542		

会员类别	总持买单量	增减		
期货公司会员	222,242		-5,925		

会员类别	总持卖单量	增减		
期货公司会员	278,900		-8,853		

