								大连商品交易所 成交量_买持仓_卖持仓排名	

合约代码：jd2101		Date：2020-09-28	

			期货公司会员	

名次		会员简称	成交量		增减		
1		东证期货	8,479		-3,660		
2		徽商期货	3,545		-1,227		
3		申银万国	3,517		-2,546		
4		华安期货	3,219		-505		
5		中信期货	2,712		-184		
6		国富期货	2,356		-326		
7		光大期货	2,317		-1,011		
8		方正中期	2,026		-151		
9		华泰期货	1,727		666		
10		宏源期货	1,689		-161		
11		国泰君安	1,551		-407		
12		金瑞期货	1,539		-154		
13		中信建投	1,532		-128		
14		广州金控	1,436		199		
15		永安期货	1,361		-386		
16		海通期货	1,300		-280		
17		银河期货	1,240		-815		
18		美尔雅期货	1,225		215		
19		安粮期货	1,041		-657		
20		东吴期货	1,027		-947		
总计				44,839		-12,465		

名次		会员简称	持买单量	增减		
1		福能期货	4,337		6		
2		海通期货	3,405		-32		
3		永安期货	3,047		103		
4		汇鑫期货	2,652		-2		
5		徽商期货	2,111		-32		
6		中信建投	2,064		493		
7		中信期货	1,912		-50		
8		中辉期货	1,883		54		
9		方正中期	1,795		-160		
10		国泰君安	1,635		-16		
11		光大期货	1,569		11		
12		新湖期货	1,480		-92		
13		申银万国	1,463		451		
14		宏源期货	1,448		-83		
15		东证期货	1,334		12		
16		东航期货	1,323		-38		
17		海证期货	1,144		50		
18		鲁证期货	972		-53		
19		财信期货	962		25		
20		华泰期货	922		-53		
总计				37,458		594		

名次		会员简称	持卖单量	增减		
1		宏源期货	4,103		-656		
2		徽商期货	3,201		-117		
3		华安期货	3,130		-574		
4		永安期货	2,514		-70		
5		中信建投	2,437		85		
6		方正中期	2,039		-64		
7		国泰君安	1,976		93		
8		银河期货	1,783		108		
9		中辉期货	1,635		170		
10		英大期货	1,492		59		
11		东航期货	1,410		-17		
12		安粮期货	1,319		75		
13		北京首创	1,307		-19		
14		华泰期货	1,255		-70		
15		南华期货	1,250		-93		
16		长江期货	1,232		-227		
17		国富期货	1,158		-362		
18		中信期货	1,089		190		
19		瑞达期货	1,013		191		
20		中国国际	1,010		-37		
总计				36,353		-1,335		



会员类别	总成交量	增减		
期货公司会员	44,839		-12,465		

会员类别	总持买单量	增减		
期货公司会员	37,458		594		

会员类别	总持卖单量	增减		
期货公司会员	36,353		-1,335		

