								大连商品交易所 成交量_买持仓_卖持仓排名	

合约代码：c2101		Date：2020-09-28	

			期货公司会员	

名次		会员简称	成交量		增减		
1		国泰君安	277,558		95,170		
2		东证期货	142,296		17,920		
3		华泰期货	132,347		33,155		
4		永安期货	87,040		62,577		
5		国富期货	48,215		9,979		
6		中信期货	40,242		12,455		
7		中辉期货	39,992		19,990		
8		中信建投	39,494		4,899		
9		冠通期货	39,247		26,590		
10		银河期货	31,428		6,676		
11		广发期货	29,488		-804		
12		华闻期货	28,530		12,126		
13		光大期货	28,146		15,573		
14		徽商期货	27,959		13,222		
15		兴证期货	27,126		14,355		
16		华安期货	24,733		7,949		
17		申银万国	22,939		-1,354		
18		鲁证期货	22,913		14,561		
19		中粮期货	21,301		9,897		
20		新湖期货	20,261		5,703		
总计				1,131,255	380,639		

名次		会员简称	持买单量	增减		
1		永安期货	134,305		-8,685		
2		东证期货	72,174		-6,348		
3		鲁证期货	64,633		-10,717		
4		中信期货	61,889		5,156		
5		国盛期货	58,864		289		
6		中粮期货	53,813		1,220		
7		五矿经易	51,292		-1,079		
8		光大期货	50,795		138		
9		国泰君安	48,389		-13,795		
10		一德期货	41,563		-2,069		
11		华融融达	40,976		-88		
12		国投安信	38,696		-336		
13		北京首创	38,271		-1,049		
14		国富期货	35,782		-1,776		
15		海证期货	33,263		1,694		
16		华泰期货	30,769		1,562		
17		申银万国	25,284		3,183		
18		中信建投	19,466		84		
19		东吴期货	18,057		-2,805		
20		浙商期货	17,834		-5,724		
总计				936,115		-41,145		

名次		会员简称	持卖单量	增减		
1		中粮期货	216,074		11,971		
2		中信期货	108,482		4,495		
3		永安期货	74,705		-15,612		
4		光大期货	69,541		-1,652		
5		南华期货	63,923		-3,472		
6		中辉期货	62,395		-292		
7		国投安信	61,996		-2,124		
8		东证期货	41,627		-1,066		
9		北京首创	39,530		98		
10		中国国际	39,455		228		
11		国富期货	31,126		-1,025		
12		鲁证期货	26,550		-1,338		
13		国泰君安	26,207		188		
14		摩根大通	26,149		0		
15		华泰期货	25,290		-3,935		
16		浙商期货	24,699		-1,221		
17		广发期货	22,888		5,817		
18		中金期货	21,667		-3,326		
19		国贸期货	21,543		57		
20		银河期货	18,378		-1,170		
总计				1,022,225	-13,379		



会员类别	总成交量	增减		
期货公司会员	1,131,255	380,639		

会员类别	总持买单量	增减		
期货公司会员	936,115		-41,145		

会员类别	总持卖单量	增减		
期货公司会员	1,022,225	-13,379		

