								大连商品交易所 成交量_买持仓_卖持仓排名	

合约代码：p2102		Date：2020-09-28	

			期货公司会员	

名次		会员简称	成交量		增减		
1		东证期货	93,584		56,986		
2		国富期货	52,764		17,798		
3		银河期货	51,923		35,489		
4		申银万国	35,440		22,314		
5		海通期货	31,296		15,819		
6		光大期货	30,823		-653		
7		中衍期货	27,968		27,958		
8		国金期货	26,320		26,125		
9		创元期货	25,858		22,718		
10		国泰君安	22,762		13,873		
11		华闻期货	19,062		8,305		
12		浙商期货	18,156		13,088		
13		宝城期货	17,862		13,594		
14		东吴期货	17,818		13,342		
15		安粮期货	17,745		13,271		
16		宏源期货	17,272		12,929		
17		和合期货	13,310		10,110		
18		先融期货	12,762		12,760		
19		海证期货	10,469		9,910		
20		江西瑞奇	9,998		9,998		
总计				553,192		355,734		

名次		会员简称	持买单量	增减		
1		鲁证期货	1,182		0		
2		海通期货	1,028		-86		
3		五矿经易	1,000		0		
4		华安期货	910		-20		
5		中信期货	909		-18		
6		招商期货	709		5		
7		国泰君安	600		8		
8		冠通期货	472		0		
9		光大期货	402		-54		
10		浙商期货	401		-7		
11		新湖期货	327		0		
12		格林大华	304		18		
13		中信建投	291		-8		
14		国金期货	270		9		
15		东吴期货	252		-1		
16		瑞达期货	216		20		
17		宏源期货	168		52		
18		中财期货	150		130		
19		中衍期货	102		0		
20		锦泰期货	74		-103		
总计				9,767		-55		

名次		会员简称	持卖单量	增减		
1		鲁证期货	1,295		-50		
2		海通期货	1,040		-58		
3		五矿经易	1,000		0		
4		中信期货	936		-8		
5		华安期货	910		-62		
6		国泰君安	894		-14		
7		招商期货	725		11		
8		冠通期货	472		0		
9		浙商期货	411		-1		
10		光大期货	374		-61		
11		新湖期货	324		-8		
12		中信建投	282		0		
13		东吴期货	255		5		
14		东方财富	244		-2		
15		瑞达期货	213		19		
16		格林大华	202		1		
17		中衍期货	100		0		
18		华泰期货	94		-22		
19		金瑞期货	83		-122		
20		徽商期货	80		70		
总计				9,934		-302		



会员类别	总成交量	增减		
期货公司会员	553,192		355,734		

会员类别	总持买单量	增减		
期货公司会员	9,767		-55		

会员类别	总持卖单量	增减		
期货公司会员	9,934		-302		

