								大连商品交易所 成交量_买持仓_卖持仓排名	

合约代码：p2105		Date：2020-09-28	

			期货公司会员	

名次		会员简称	成交量		增减		
1		光大期货	9,196		534		
2		华泰期货	4,661		-75		
3		华安期货	4,123		1,704		
4		中信期货	3,543		-735		
5		一德期货	3,343		507		
6		摩根大通	3,176		3,176		
7		国元期货	2,672		-80		
8		中财期货	2,518		-127		
9		五矿经易	2,469		-366		
10		宏源期货	2,044		472		
11		东证期货	2,018		-1,027		
12		上海中期	1,694		-516		
13		广发期货	1,690		655		
14		东吴期货	1,623		309		
15		海通期货	1,456		186		
16		国泰君安	1,165		-184		
17		中州期货	1,117		584		
18		永安期货	1,016		-2,825		
19		中信建投	948		444		
20		银河期货	899		167		
总计				51,371		2,803		

名次		会员简称	持买单量	增减		
1		大地期货	8,055		-106		
2		华泰期货	5,843		-74		
3		国投安信	4,150		56		
4		五矿经易	4,094		-133		
5		中财期货	3,770		473		
6		浙商期货	3,340		72		
7		国富期货	3,164		71		
8		大越期货	3,044		-68		
9		广发期货	2,624		90		
10		摩根大通	2,376		1,376		
11		永安期货	2,293		-101		
12		一德期货	2,274		19		
13		东兴期货	2,252		8		
14		中粮期货	2,072		249		
15		中辉期货	1,644		6		
16		中信期货	1,621		142		
17		天风期货	1,460		0		
18		银河期货	1,443		257		
19		海通期货	1,430		97		
20		南华期货	1,217		-115		
总计				58,166		2,319		

名次		会员简称	持卖单量	增减		
1		一德期货	9,823		2,444		
2		永安期货	8,416		143		
3		银河期货	6,593		130		
4		摩根大通	4,659		-1,600		
5		中粮期货	4,278		17		
6		上海中期	3,815		-262		
7		国投安信	3,773		200		
8		中融汇信	3,628		1		
9		中信期货	3,168		475		
10		华安期货	2,293		1,603		
11		国富期货	1,869		110		
12		华泰期货	1,801		-585		
13		中辉期货	1,799		235		
14		英大期货	1,525		3		
15		瑞达期货	1,307		125		
16		国贸期货	1,150		1		
17		华融融达	1,059		93		
18		华联期货	1,005		-2		
19		东证期货	922		31		
20		海证期货	884		213		
总计				63,767		3,375		



会员类别	总成交量	增减		
期货公司会员	51,371		2,803		

会员类别	总持买单量	增减		
期货公司会员	58,166		2,319		

会员类别	总持卖单量	增减		
期货公司会员	63,767		3,375		

