								大连商品交易所 成交量_买持仓_卖持仓排名	

合约代码：jd2012		Date：2020-09-28	

			期货公司会员	

名次		会员简称	成交量		增减		
1		东证期货	4,669		814		
2		光大期货	2,863		-1,038		
3		国泰君安	2,407		-573		
4		中粮期货	1,682		-669		
5		鲁证期货	1,676		-219		
6		中州期货	1,552		65		
7		南华期货	1,531		-886		
8		华闻期货	1,407		-670		
9		方正中期	1,198		-685		
10		徽商期货	1,198		131		
11		天风期货	1,173		-89		
12		宏源期货	1,132		-249		
13		中信期货	1,063		-930		
14		中信建投	854		424		
15		华安期货	845		-515		
16		先锋期货	806		208		
17		瑞达期货	805		-897		
18		格林大华	783		-324		
19		永安期货	716		-59		
20		国富期货	556		88		
总计				28,916		-6,073		

名次		会员简称	持买单量	增减		
1		福能期货	3,799		33		
2		鲁证期货	2,154		4		
3		汇鑫期货	1,725		0		
4		中信期货	1,403		-41		
5		方正中期	912		-125		
6		徽商期货	766		-38		
7		宏源期货	764		-205		
8		永安期货	661		-42		
9		瑞达期货	646		25		
10		中辉期货	641		-84		
11		南华期货	639		-27		
12		海通期货	590		-29		
13		海证期货	569		1		
14		华泰期货	553		-5		
15		招商期货	497		215		
16		东兴期货	482		0		
17		中信建投	443		8		
18		国联期货	421		294		
19		中粮期货	417		98		
20		上海大陆	354		14		
总计				18,436		96		

名次		会员简称	持卖单量	增减		
1		长江期货	2,012		-83		
2		方正中期	1,843		23		
3		鲁证期货	1,588		124		
4		中信期货	1,217		28		
5		华融融达	1,216		-10		
6		华安期货	1,107		74		
7		中信建投	1,106		392		
8		宏源期货	892		-611		
9		永安期货	885		-6		
10		徽商期货	780		-22		
11		瑞达期货	625		20		
12		国泰君安	624		-600		
13		北京首创	613		-13		
14		先锋期货	592		-3		
15		南华期货	561		2		
16		广发期货	543		119		
17		银河期货	518		5		
18		海通期货	419		126		
19		招商期货	414		62		
20		中粮期货	381		42		
总计				17,936		-331		



会员类别	总成交量	增减		
期货公司会员	28,916		-6,073		

会员类别	总持买单量	增减		
期货公司会员	18,436		96		

会员类别	总持卖单量	增减		
期货公司会员	17,936		-331		

