								大连商品交易所 成交量_买持仓_卖持仓排名	

合约代码：pp2101		Date：2020-09-28	

			期货公司会员	

名次		会员简称	成交量		增减		
1		东证期货	206,637		-18,145		
2		海通期货	81,558		19,220		
3		中信期货	63,144		-2,010		
4		国泰君安	47,425		-1,249		
5		国富期货	33,126		-1,544		
6		华泰期货	32,711		-5,937		
7		方正中期	28,047		2,637		
8		兴证期货	24,784		-6,106		
9		银河期货	24,148		4,059		
10		永安期货	21,214		-4,592		
11		申银万国	20,327		2,067		
12		徽商期货	19,931		949		
13		华安期货	17,864		-3,591		
14		光大期货	13,517		-1,855		
15		南华期货	13,443		1,875		
16		国信期货	13,342		-273		
17		中信建投	12,057		-202		
18		国投安信	11,779		-2,744		
19		广发期货	11,372		-221		
20		宏源期货	11,176		-1,507		
总计				707,602		-19,169		

名次		会员简称	持买单量	增减		
1		永安期货	57,845		-591		
2		中信期货	36,820		-1,944		
3		华泰期货	14,375		1,123		
4		东证期货	10,606		-2,007		
5		国泰君安	10,403		-536		
6		东海期货	9,689		-93		
7		新湖期货	9,410		-262		
8		申银万国	6,579		-1,351		
9		兴证期货	6,267		1,663		
10		银河期货	6,226		429		
11		瑞达期货	5,876		267		
12		鲁证期货	5,516		393		
13		海通期货	5,470		931		
14		华安期货	4,781		947		
15		中粮期货	4,627		-55		
16		方正中期	4,563		-562		
17		国投安信	4,172		388		
18		南华期货	4,028		252		
19		宏源期货	3,679		1,287		
20		中银期货	3,608		55		
总计				214,540		334		

名次		会员简称	持卖单量	增减		
1		国泰君安	18,151		833		
2		浙商期货	17,472		463		
3		永安期货	17,189		915		
4		鲁证期货	10,304		-45		
5		国投安信	10,027		525		
6		南华期货	9,510		-47		
7		华泰期货	9,019		-186		
8		国信期货	8,914		1,757		
9		瑞达期货	8,574		-639		
10		中信期货	8,400		884		
11		建信期货	8,319		370		
12		中信建投	6,938		1,397		
13		信达期货	6,537		962		
14		中银期货	6,192		323		
15		方正中期	5,765		-417		
16		广发期货	5,744		-565		
17		银河期货	5,656		357		
18		东证期货	5,581		-54		
19		国海良时	5,562		-158		
20		华安期货	5,511		-607		
总计				179,365		6,068		



会员类别	总成交量	增减		
期货公司会员	707,602		-19,169		

会员类别	总持买单量	增减		
期货公司会员	214,540		334		

会员类别	总持卖单量	增减		
期货公司会员	179,365		6,068		

