								大连商品交易所 成交量_买持仓_卖持仓排名	

合约代码：a2101		Date：2020-09-28	

			期货公司会员	

名次		会员简称	成交量		增减		
1		华泰期货	46,689		1,088		
2		海通期货	25,453		-598		
3		中信期货	15,808		2,301		
4		国富期货	14,384		2,802		
5		光大期货	13,044		2,223		
6		申银万国	12,861		-850		
7		方正中期	11,841		1,503		
8		东证期货	9,674		-2,233		
9		兴证期货	8,913		-1,361		
10		国泰君安	7,554		-1,407		
11		华安期货	7,487		2,476		
12		南华期货	6,956		2,249		
13		先锋期货	5,725		1,060		
14		徽商期货	5,227		-91		
15		中信建投	5,036		423		
16		国信期货	4,587		1,107		
17		北京首创	4,274		1,214		
18		永安期货	4,251		915		
19		银河期货	4,207		-217		
20		东吴期货	3,918		2,506		
总计				217,889		15,110		

名次		会员简称	持买单量	增减		
1		永安期货	12,939		-686		
2		中信期货	10,068		1,281		
3		信达期货	5,479		10		
4		东证期货	4,296		1,327		
5		华泰期货	4,096		272		
6		国泰君安	3,895		-279		
7		兴证期货	3,795		-701		
8		五矿经易	3,788		-54		
9		宏源期货	3,351		116		
10		中粮期货	2,908		6		
11		国投安信	2,898		-248		
12		深圳金汇	2,680		-670		
13		申银万国	2,675		211		
14		大有期货	2,666		474		
15		方正中期	1,903		343		
16		中信建投	1,648		434		
17		国信期货	1,638		-242		
18		东吴期货	1,590		568		
19		海通期货	1,457		-101		
20		先锋期货	1,285		25		
总计				75,055		2,086		

名次		会员简称	持卖单量	增减		
1		一德期货	9,630		235		
2		银河期货	9,498		4		
3		鲁证期货	8,913		882		
4		国投安信	7,463		-579		
5		永安期货	5,220		-367		
6		广发期货	5,094		119		
7		天风期货	4,797		797		
8		南华期货	4,204		182		
9		华安期货	4,089		-2,177		
10		北京首创	3,250		-77		
11		中信期货	3,009		-369		
12		国泰君安	2,446		-483		
13		东吴期货	2,384		364		
14		格林大华	2,355		168		
15		新纪元期货	1,990		-8		
16		光大期货	1,982		-87		
17		中粮期货	1,919		-6		
18		兴证期货	1,769		474		
19		宏源期货	1,657		-249		
20		中州期货	1,456		-3		
总计				83,125		-1,180		



会员类别	总成交量	增减		
期货公司会员	217,889		15,110		

会员类别	总持买单量	增减		
期货公司会员	75,055		2,086		

会员类别	总持卖单量	增减		
期货公司会员	83,125		-1,180		

