								大连商品交易所 成交量_买持仓_卖持仓排名	

合约代码：a2111		Date：2021-06-22	

			期货公司会员	

名次		会员简称	成交量		增减		
1		华泰期货	6,107		1,270		
2		东证期货	4,156		1,171		
3		中信期货	2,838		914		
4		华闻期货	2,136		62		
5		鲁证期货	2,012		961		
6		恒泰期货	1,791		445		
7		宏源期货	1,636		92		
8		方正中期	1,450		729		
9		申银万国	1,185		290		
10		浙商期货	1,119		447		
11		招商期货	835		-76		
12		瑞达期货	666		57		
13		国泰君安	549		253		
14		西南期货	528		-8		
15		财信期货	508		450		
16		金瑞期货	481		-97		
17		光大期货	456		123		
18		中投期货	281		187		
19		国信期货	245		100		
20		上海中期	220		199		
总计				29,199		7,569		

名次		会员简称	持买单量	增减		
1		东证期货	5,147		115		
2		宏源期货	2,570		100		
3		鲁证期货	2,493		9		
4		招商期货	2,192		-2		
5		光大期货	2,009		4		
6		恒泰期货	1,809		0		
7		瑞达期货	1,792		13		
8		中信期货	1,791		-5		
9		方正中期	1,764		8		
10		大有期货	1,581		0		
11		浙商期货	1,535		-67		
12		深圳金汇	1,500		0		
13		财信期货	679		508		
14		中投期货	291		91		
15		上海中期	245		205		
16		国投安信	192		0		
17		美尔雅期货	169		19		
18		永安期货	106		46		
19		银河期货	105		-5		
20		西南期货	85		-142		
总计				28,055		897		

名次		会员简称	持卖单量	增减		
1		东证期货	6,186		147		
2		鲁证期货	2,681		75		
3		宏源期货	2,552		98		
4		招商期货	2,224		-5		
5		中信期货	2,018		95		
6		光大期货	2,007		-4		
7		方正中期	1,889		24		
8		瑞达期货	1,807		7		
9		恒泰期货	1,801		-9		
10		浙商期货	1,615		80		
11		国泰君安	760		13		
12		西南期货	557		384		
13		华安期货	327		-2		
14		华泰期货	258		118		
15		金瑞期货	233		194		
16		银河期货	218		-8		
17		美尔雅期货	169		-3		
18		中信建投	140		-17		
19		中投期货	125		-16		
20		弘业期货	112		-1		
总计				27,679		1,170		



会员类别	总成交量	增减		
期货公司会员	29,199		7,569		

会员类别	总持买单量	增减		
期货公司会员	28,055		897		

会员类别	总持卖单量	增减		
期货公司会员	27,679		1,170		

