								大连商品交易所 成交量_买持仓_卖持仓排名	

合约代码：v2109		Date：2021-06-22	

			期货公司会员	

名次		会员简称	成交量		增减		
1		东证期货	181,100		223		
2		国富期货	112,947		-24,276		
3		国投安信	90,876		-48,592		
4		国泰君安	86,790		21,577		
5		新湖期货	66,487		-27,990		
6		中信期货	60,215		-11,704		
7		永安期货	41,417		-30,541		
8		申银万国	33,073		-9,205		
9		海通期货	31,587		-9,961		
10		五矿期货	26,750		-8,833		
11		光大期货	19,814		-5,027		
12		中信建投	18,585		-22,144		
13		浙商期货	16,210		-2,586		
14		华金期货	15,241		-611		
15		华泰期货	14,377		-4,871		
16		银河期货	14,187		2,451		
17		华闻期货	11,475		-3,083		
18		广发期货	11,200		-7,395		
19		国盛期货	11,097		-3,258		
20		兴证期货	10,771		-2,018		
总计				874,199		-197,844	

名次		会员简称	持买单量	增减		
1		永安期货	80,363		8,517		
2		中信期货	39,228		-1,808		
3		国泰君安	21,812		-1,928		
4		申银万国	14,985		3,010		
5		银河期货	11,996		187		
6		南华期货	10,175		2,069		
7		中粮期货	9,525		1,282		
8		平安期货	9,467		2,701		
9		华泰期货	9,348		-1,675		
10		瑞达期货	8,744		7		
11		海证期货	8,130		412		
12		五矿期货	7,920		158		
13		浙商期货	7,087		251		
14		中投期货	6,209		227		
15		广发期货	6,030		558		
16		招商期货	5,856		-679		
17		光大期货	5,457		105		
18		盛达期货	5,259		1,196		
19		东证期货	4,982		-2,540		
20		国投安信	4,890		160		
总计				277,463		12,210		

名次		会员简称	持卖单量	增减		
1		中信期货	21,804		7,731		
2		国泰君安	21,011		3,383		
3		建信期货	17,697		-484		
4		东证期货	17,689		-304		
5		一德期货	14,604		2,866		
6		东海期货	14,443		0		
7		华泰期货	11,566		502		
8		五矿期货	11,293		4,450		
9		中国国际	11,231		-4,311		
10		中财期货	10,829		-3,063		
11		永安期货	10,415		-6,076		
12		华融融达	10,244		-207		
13		浙商期货	10,223		997		
14		信达期货	8,956		46		
15		格林大华	8,005		3,070		
16		宝城期货	7,833		5,863		
17		方正中期	7,572		-146		
18		新湖期货	7,479		-249		
19		银河期货	7,443		436		
20		兴业期货	7,328		123		
总计				237,665		14,627		



会员类别	总成交量	增减		
期货公司会员	874,199		-197,844	

会员类别	总持买单量	增减		
期货公司会员	277,463		12,210		

会员类别	总持卖单量	增减		
期货公司会员	237,665		14,627		

