								大连商品交易所 成交量_买持仓_卖持仓排名	

合约代码：cs2107		Date：2021-06-22	

			期货公司会员	

名次		会员简称	成交量		增减		
1		东证期货	35,049		-17,832		
2		中信期货	20,958		-11,282		
3		华泰期货	13,248		-6,124		
4		国富期货	7,571		-4,214		
5		国泰君安	6,190		-5,295		
6		光大期货	4,139		-3,013		
7		申银万国	4,042		-276		
8		东方财富	3,919		-2,156		
9		银河期货	3,848		-1,316		
10		北京首创	3,054		2,361		
11		徽商期货	3,023		-1,373		
12		兴证期货	2,696		-7,573		
13		海通期货	2,277		-4,008		
14		华安期货	2,131		-316		
15		金瑞期货	1,998		-658		
16		东航期货	1,819		-155		
17		上海中期	1,754		985		
18		中融汇信	1,636		1,276		
19		方正中期	1,589		-1,231		
20		倍特期货	1,349		1,168		
总计				122,290		-61,032		

名次		会员简称	持买单量	增减		
1		国泰君安	6,002		279		
2		华泰期货	5,775		-687		
3		中信期货	4,074		-1,189		
4		中粮期货	3,066		-610		
5		东证期货	2,763		-63		
6		五矿期货	1,491		-96		
7		国金期货	1,306		-18		
8		东兴期货	1,022		1		
9		广发期货	848		-9		
10		上海东亚	845		-74		
11		国富期货	718		408		
12		中融汇信	681		-538		
13		永安期货	666		-123		
14		西部期货	614		4		
15		方正中期	612		4		
16		银河期货	567		-126		
17		浙商期货	548		-4		
18		国投安信	469		35		
19		中国国际	431		8		
20		上海中期	421		-64		
总计				32,919		-2,862		

名次		会员简称	持卖单量	增减		
1		中信期货	4,584		-113		
2		华泰期货	2,427		171		
3		兴证期货	1,848		-213		
4		宏源期货	1,726		-251		
5		国泰君安	1,690		-583		
6		东证期货	1,659		-818		
7		国富期货	1,076		-667		
8		金元期货	1,057		-23		
9		银河期货	947		-576		
10		华联期货	920		-94		
11		国信期货	916		-258		
12		东航期货	912		4		
13		中粮期货	830		-11		
14		金瑞期货	805		683		
15		招商期货	704		4		
16		中信建投	677		-197		
17		海证期货	674		-106		
18		北京首创	648		16		
19		海通期货	624		-384		
20		上海东亚	595		-14		
总计				25,319		-3,430		



会员类别	总成交量	增减		
期货公司会员	122,290		-61,032		

会员类别	总持买单量	增减		
期货公司会员	32,919		-2,862		

会员类别	总持卖单量	增减		
期货公司会员	25,319		-3,430		

