								大连商品交易所 成交量_买持仓_卖持仓排名	

合约代码：c2109		Date：2021-06-22	

			期货公司会员	

名次		会员简称	成交量		增减		
1		东证期货	154,153		-62,396		
2		中信期货	63,865		-21,541		
3		国泰君安	53,469		-44,621		
4		华泰期货	51,484		-18,003		
5		国富期货	38,720		-23,902		
6		天风期货	25,777		-12,022		
7		新湖期货	22,342		-11,071		
8		光大期货	20,446		-7,689		
9		银河期货	15,747		-13,514		
10		徽商期货	14,520		-3,935		
11		兴证期货	13,762		-3,595		
12		永安期货	12,850		-17,873		
13		海通期货	11,163		-8,450		
14		宏源期货	11,064		-4,956		
15		国投安信	10,784		1,215		
16		东方财富	10,074		-1,203		
17		国盛期货	9,581		-3,552		
18		华闻期货	9,097		-4,194		
19		申银万国	8,919		-15,605		
20		中信建投	8,850		-5,140		
总计				566,667		-282,047	

名次		会员简称	持买单量	增减		
1		永安期货	89,042		-1,403		
2		中信期货	69,902		2,188		
3		国投安信	27,614		565		
4		国泰君安	24,421		109		
5		光大期货	24,030		-1,763		
6		北京首创	23,736		-2,427		
7		银河期货	21,209		372		
8		南华期货	18,455		5,424		
9		中粮期货	17,364		-743		
10		西部期货	16,957		114		
11		东证期货	15,451		-963		
12		华泰期货	14,276		-334		
13		中信建投	13,892		775		
14		海通期货	11,203		351		
15		宏源期货	8,752		-1,370		
16		福能期货	8,099		119		
17		民生期货	7,354		-387		
18		国元期货	7,048		-62		
19		浙商期货	6,949		1,798		
20		国盛期货	6,638		67		
总计				432,392		2,430		

名次		会员简称	持卖单量	增减		
1		中信期货	104,453		417		
2		国富期货	66,713		150		
3		国泰君安	49,064		4,462		
4		华泰期货	21,808		-590		
5		永安期货	21,234		-577		
6		国投安信	21,219		293		
7		东证期货	16,076		5,978		
8		中国国际	15,249		399		
9		浙商期货	14,329		75		
10		银河期货	13,972		-247		
11		国贸期货	12,080		-1,225		
12		宝城期货	10,944		-517		
13		兴证期货	10,331		-1,677		
14		光大期货	10,316		-129		
15		摩根大通	9,823		-278		
16		瑞达期货	7,961		390		
17		宏源期货	7,677		94		
18		中投期货	7,379		-5		
19		海通期货	7,085		342		
20		中信建投	6,772		-1		
总计				434,485		7,354		



会员类别	总成交量	增减		
期货公司会员	566,667		-282,047	

会员类别	总持买单量	增减		
期货公司会员	432,392		2,430		

会员类别	总持卖单量	增减		
期货公司会员	434,485		7,354		

