								大连商品交易所 成交量_买持仓_卖持仓排名	

合约代码：i2201		Date：2021-06-22	

			期货公司会员	

名次		会员简称	成交量		增减		
1		东吴期货	8,026		-764		
2		东证期货	5,882		-190		
3		中信期货	5,743		426		
4		申银万国	5,628		-1,334		
5		光大期货	5,223		-1,026		
6		永安期货	4,995		1,510		
7		国泰君安	4,584		-2,077		
8		海通期货	4,458		-2,771		
9		方正中期	3,717		-237		
10		国富期货	3,148		573		
11		南华期货	2,473		-2,197		
12		华安期货	2,241		171		
13		徽商期货	2,086		158		
14		中财期货	2,067		-308		
15		银河期货	1,848		221		
16		华泰期货	1,812		-180		
17		鲁证期货	1,767		131		
18		宏源期货	1,653		-752		
19		一德期货	1,623		-946		
20		中粮期货	1,603		1,327		
总计				70,577		-8,265		

名次		会员简称	持买单量	增减		
1		申银万国	13,549		801		
2		一德期货	7,208		1,092		
3		永安期货	4,906		1,409		
4		海通期货	4,551		18		
5		国泰君安	4,220		186		
6		冠通期货	3,938		-344		
7		西南期货	3,389		3		
8		东证期货	2,864		0		
9		中辉期货	2,655		-62		
10		东吴期货	2,568		289		
11		中信期货	2,396		210		
12		道通期货	2,011		32		
13		大通期货	1,957		0		
14		浙商期货	1,936		-39		
15		海证期货	1,689		19		
16		瑞达期货	1,648		-17		
17		大地期货	1,645		208		
18		新湖期货	1,452		7		
19		广发期货	1,355		-82		
20		中信建投	1,333		288		
总计				67,270		4,018		

名次		会员简称	持卖单量	增减		
1		浙商期货	7,657		-72		
2		永安期货	6,831		1,440		
3		方正中期	5,650		1,574		
4		申银万国	5,503		687		
5		鲁证期货	3,364		877		
6		东证期货	3,209		-40		
7		广发期货	3,171		-134		
8		一德期货	2,707		111		
9		中辉期货	2,609		-56		
10		国泰君安	2,560		-198		
11		国投安信	2,488		0		
12		大有期货	2,457		258		
13		新湖期货	1,880		-41		
14		东吴期货	1,829		-393		
15		瑞达期货	1,790		-10		
16		中粮期货	1,611		1,342		
17		南华期货	1,448		-18		
18		海证期货	1,430		-131		
19		金石期货	1,391		4		
20		银河期货	1,388		-43		
总计				60,973		5,157		



会员类别	总成交量	增减		
期货公司会员	70,577		-8,265		

会员类别	总持买单量	增减		
期货公司会员	67,270		4,018		

会员类别	总持卖单量	增减		
期货公司会员	60,973		5,157		

