								大连商品交易所 成交量_买持仓_卖持仓排名	

合约代码：jd2108		Date：2021-06-22	

			期货公司会员	

名次		会员简称	成交量		增减		
1		东证期货	2,798		-724		
2		光大期货	1,500		-654		
3		华闻期货	930		-837		
4		中信期货	862		210		
5		渤海期货	667		464		
6		海通期货	653		-56		
7		华安期货	642		34		
8		徽商期货	582		-1		
9		方正中期	575		32		
10		美尔雅期货	552		-885		
11		国富期货	550		-208		
12		申银万国	481		-424		
13		国泰君安	404		-55		
14		中辉期货	392		-437		
15		一德期货	386		40		
16		招金期货	349		23		
17		东吴期货	328		-288		
18		宏源期货	324		-166		
19		中衍期货	324		129		
20		混沌天成	273		-7		
总计				13,572		-3,810		

名次		会员简称	持买单量	增减		
1		中财期货	3,406		60		
2		中信期货	2,091		568		
3		海证期货	1,665		-27		
4		中信建投	1,452		66		
5		方正中期	1,387		6		
6		徽商期货	1,274		-69		
7		中辉期货	1,273		43		
8		中衍期货	1,150		146		
9		光大期货	1,137		42		
10		华安期货	933		46		
11		北京首创	908		58		
12		一德期货	732		-248		
13		上海大陆	701		-1		
14		永安期货	687		-4		
15		汇鑫期货	682		36		
16		华闻期货	682		-52		
17		华融融达	661		147		
18		九州期货	661		0		
19		鲁证期货	642		42		
20		物产中大	627		2		
总计				22,751		861		

名次		会员简称	持卖单量	增减		
1		长江期货	2,032		12		
2		银河期货	1,956		90		
3		中信建投	1,779		43		
4		格林大华	1,552		-4		
5		海通期货	1,319		20		
6		宏源期货	1,170		53		
7		南华期货	1,096		93		
8		上海大陆	1,093		69		
9		中财期货	1,048		28		
10		中辉期货	998		-3		
11		中银期货	972		27		
12		东吴期货	928		-50		
13		徽商期货	924		125		
14		方正中期	914		-17		
15		广发期货	828		-20		
16		华安期货	821		122		
17		宁证期货	774		38		
18		浙商期货	747		8		
19		国富期货	741		85		
20		物产中大	716		-120		
总计				22,408		599		



会员类别	总成交量	增减		
期货公司会员	13,572		-3,810		

会员类别	总持买单量	增减		
期货公司会员	22,751		861		

会员类别	总持卖单量	增减		
期货公司会员	22,408		599		

