								大连商品交易所 成交量_买持仓_卖持仓排名	

合约代码：y2111		Date：2021-06-22	

			期货公司会员	

名次		会员简称	成交量		增减		
1		东证期货	7,707		1,644		
2		锦泰期货	6,653		-1,877		
3		华安期货	5,703		2,252		
4		国泰君安	4,938		184		
5		方正中期	4,597		2,563		
6		五矿期货	3,752		481		
7		鲁证期货	3,505		678		
8		申银万国	2,331		-1,613		
9		浙商期货	1,802		-351		
10		中天期货	1,503		470		
11		中信期货	1,446		31		
12		创元期货	1,334		1,208		
13		招商期货	1,122		-61		
14		华泰期货	1,088		86		
15		华闻期货	1,067		675		
16		光大期货	922		-105		
17		东航期货	667		610		
18		国联期货	441		167		
19		宏源期货	407		-48		
20		东吴期货	260		64		
总计				51,245		7,058		

名次		会员简称	持买单量	增减		
1		中信期货	4,159		105		
2		光大期货	3,015		84		
3		国泰君安	2,831		13		
4		鲁证期货	2,444		-18		
5		申银万国	1,809		4		
6		五矿期货	1,688		0		
7		方正中期	1,617		3		
8		招商期货	1,521		-9		
9		东证期货	1,454		3		
10		银河期货	1,427		-3		
11		弘业期货	1,396		-4		
12		华泰期货	1,366		0		
13		华安期货	1,258		-32		
14		浙商期货	1,161		-23		
15		海通期货	835		2		
16		中辉期货	618		-2		
17		先锋期货	571		0		
18		国投安信	536		15		
19		新湖期货	512		0		
20		平安期货	495		-3		
总计				30,713		135		

名次		会员简称	持卖单量	增减		
1		中信期货	4,154		101		
2		光大期货	3,000		88		
3		国泰君安	2,763		13		
4		鲁证期货	2,441		-19		
5		申银万国	1,815		3		
6		五矿期货	1,635		0		
7		方正中期	1,628		8		
8		浙商期货	1,556		-3		
9		招商期货	1,490		-9		
10		弘业期货	1,392		0		
11		银河期货	1,351		-38		
12		华泰期货	1,333		-4		
13		华安期货	1,194		-33		
14		东证期货	1,037		4		
15		国信期货	1,006		-46		
16		海通期货	803		2		
17		中辉期货	606		1		
18		先锋期货	570		0		
19		新湖期货	549		-13		
20		国投安信	542		26		
总计				30,865		81		



会员类别	总成交量	增减		
期货公司会员	51,245		7,058		

会员类别	总持买单量	增减		
期货公司会员	30,713		135		

会员类别	总持卖单量	增减		
期货公司会员	30,865		81		

