								大连商品交易所 成交量_买持仓_卖持仓排名	

合约代码：p2201		Date：2021-06-22	

			期货公司会员	

名次		会员简称	成交量		增减		
1		东证期货	19,552		-2,071		
2		华泰期货	16,907		2,224		
3		中信期货	13,933		-1,871		
4		国泰君安	13,257		2,109		
5		光大期货	9,759		-2,421		
6		国富期货	8,325		-245		
7		海通期货	5,105		-2,054		
8		华闻期货	4,623		-459		
9		中粮期货	4,347		161		
10		申银万国	3,422		-1,414		
11		宏源期货	2,920		-361		
12		摩根大通	2,662		2,026		
13		广发期货	2,276		657		
14		国盛期货	2,125		2,106		
15		中信建投	1,984		558		
16		南华期货	1,787		-1,533		
17		银河期货	1,564		272		
18		徽商期货	1,444		457		
19		一德期货	1,435		-376		
20		国投安信	1,172		-391		
总计				118,599		-2,626		

名次		会员简称	持买单量	增减		
1		国泰君安	18,329		2,985		
2		国投安信	11,834		611		
3		摩根大通	8,601		2,262		
4		国富期货	8,392		501		
5		中粮期货	7,256		-1,457		
6		广发期货	6,154		502		
7		中州期货	2,539		-143		
8		国贸期货	2,214		-119		
9		英大期货	2,163		-3		
10		银河期货	1,849		-38		
11		上海中期	1,727		113		
12		一德期货	1,504		-562		
13		平安期货	1,337		-198		
14		方正中期	1,027		-84		
15		华融融达	1,010		73		
16		华泰期货	996		55		
17		东证期货	982		-44		
18		中信建投	978		121		
19		浙商期货	819		11		
20		中信期货	736		-88		
总计				80,447		4,498		

名次		会员简称	持卖单量	增减		
1		银河期货	14,332		-128		
2		国泰君安	9,131		2,310		
3		国投安信	6,404		25		
4		中信期货	6,092		695		
5		建信期货	6,087		33		
6		国富期货	5,727		-68		
7		永安期货	5,111		398		
8		中粮期货	3,041		-1,388		
9		中融汇信	2,315		-1		
10		一德期货	2,086		201		
11		东证期货	2,075		310		
12		国海良时	1,841		25		
13		上海中期	1,433		14		
14		宏源期货	1,345		216		
15		华泰期货	1,252		-1,100		
16		申银万国	1,140		36		
17		宁证期货	1,134		1		
18		国信期货	1,062		48		
19		浙商期货	994		-21		
20		光大期货	953		321		
总计				73,555		1,927		



会员类别	总成交量	增减		
期货公司会员	118,599		-2,626		

会员类别	总持买单量	增减		
期货公司会员	80,447		4,498		

会员类别	总持卖单量	增减		
期货公司会员	73,555		1,927		

