								大连商品交易所 成交量_买持仓_卖持仓排名	

合约代码：i2203		Date：2021-06-22	

			期货公司会员	

名次		会员简称	成交量		增减		
1		申银万国	1,597		1,061		
2		东航期货	1,425		878		
3		国泰君安	1,178		33		
4		浙江新世纪	873		867		
5		西部期货	852		650		
6		中信期货	686		-216		
7		国联期货	655		641		
8		国海良时	587		82		
9		海通期货	536		-24		
10		安粮期货	470		374		
11		兴证期货	469		193		
12		国信期货	437		124		
13		浙商期货	403		245		
14		华闻期货	390		18		
15		鲁证期货	346		247		
16		招商期货	332		-39		
17		方正中期	321		-118		
18		银河期货	317		-466		
19		五矿期货	260		-94		
20		光大期货	257		-520		
总计				12,391		3,936		

名次		会员简称	持买单量	增减		
1		申银万国	8,760		646		
2		银河期货	7,412		152		
3		国富期货	7,211		4		
4		东证期货	6,453		14		
5		中信建投	6,198		13		
6		中辉期货	6,015		-7		
7		光大期货	5,998		-12		
8		方正中期	5,426		3		
9		南华期货	3,563		-2		
10		宏源期货	3,457		-40		
11		弘业期货	3,396		2		
12		国投安信	3,001		-1		
13		海通期货	2,852		102		
14		华安期货	2,741		68		
15		徽商期货	2,696		1		
16		东吴期货	2,630		3		
17		国信期货	2,563		-5		
18		天风期货	2,550		0		
19		物产中大	2,111		0		
20		英大期货	2,074		60		
总计				87,107		1,001		

名次		会员简称	持卖单量	增减		
1		申银万国	8,643		645		
2		银河期货	7,289		43		
3		国富期货	7,223		13		
4		中辉期货	6,340		13		
5		东证期货	6,256		3		
6		中信建投	6,218		16		
7		方正中期	5,356		-28		
8		光大期货	4,647		1		
9		宏源期货	3,615		-49		
10		南华期货	3,550		-2		
11		弘业期货	3,388		-3		
12		国投安信	3,017		2		
13		海通期货	2,916		4		
14		华安期货	2,703		29		
15		徽商期货	2,690		-4		
16		天风期货	2,575		-1		
17		国信期货	2,558		4		
18		东吴期货	2,465		28		
19		物产中大	2,114		3		
20		一德期货	2,084		2		
总计				85,647		719		



会员类别	总成交量	增减		
期货公司会员	12,391		3,936		

会员类别	总持买单量	增减		
期货公司会员	87,107		1,001		

会员类别	总持卖单量	增减		
期货公司会员	85,647		719		

