								大连商品交易所 成交量_买持仓_卖持仓排名	

合约代码：b2108		Date：2021-06-22	

			期货公司会员	

名次		会员简称	成交量		增减		
1		海通期货	16,933		1,479		
2		中信期货	9,414		877		
3		国富期货	7,138		2,202		
4		光大期货	6,287		796		
5		东方财富	5,981		1,473		
6		国泰君安	5,749		704		
7		华闻期货	5,065		-1,139		
8		东证期货	5,033		1,146		
9		方正中期	4,162		-642		
10		国投安信	2,656		653		
11		华泰期货	2,650		148		
12		五矿期货	2,604		701		
13		南华期货	2,471		1,640		
14		东海期货	2,226		1,250		
15		兴证期货	1,589		673		
16		广发期货	1,538		818		
17		中信建投	1,537		658		
18		华安期货	1,435		258		
19		徽商期货	1,358		-32		
20		宏源期货	1,272		-37		
总计				87,098		13,626		

名次		会员简称	持买单量	增减		
1		东海期货	2,253		4		
2		先锋期货	2,172		-620		
3		海通期货	1,914		-1,175		
4		中信期货	1,885		890		
5		国投安信	1,401		75		
6		中信建投	1,250		-299		
7		光大期货	1,241		200		
8		南华期货	1,222		-331		
9		五矿期货	1,039		-7		
10		国泰君安	895		41		
11		方正中期	782		62		
12		国海良时	734		7		
13		东吴期货	719		-108		
14		弘业期货	688		5		
15		长江期货	679		258		
16		建信期货	678		-146		
17		兴证期货	673		302		
18		华泰期货	647		25		
19		华闻期货	584		454		
20		西部期货	541		1		
总计				21,997		-362		

名次		会员简称	持卖单量	增减		
1		东海期货	2,172		0		
2		海通期货	2,103		-1,218		
3		国泰君安	1,613		26		
4		国投安信	1,447		-15		
5		南华期货	1,344		-222		
6		五矿期货	1,268		159		
7		光大期货	1,186		5		
8		中粮期货	1,109		11		
9		华泰期货	1,076		85		
10		方正中期	1,037		62		
11		中信期货	918		134		
12		国海良时	825		-46		
13		弘业期货	814		143		
14		国富期货	726		51		
15		平安期货	568		20		
16		宏源期货	567		20		
17		华闻期货	557		443		
18		兴证期货	543		161		
19		长江期货	492		310		
20		金元期货	486		-380		
总计				20,851		-251		



会员类别	总成交量	增减		
期货公司会员	87,098		13,626		

会员类别	总持买单量	增减		
期货公司会员	21,997		-362		

会员类别	总持卖单量	增减		
期货公司会员	20,851		-251		

