								大连商品交易所 成交量_买持仓_卖持仓排名	

合约代码：eb2110		Date：2021-06-22	

			期货公司会员	

名次		会员简称	成交量		增减		
1		国泰君安	2,185		-481		
2		中信建投	1,831		1,082		
3		长江期货	1,243		534		
4		光大期货	1,180		62		
5		华闻期货	1,151		-61		
6		中粮期货	1,076		358		
7		华泰期货	1,062		456		
8		宝城期货	1,056		241		
9		国富期货	870		121		
10		中信期货	864		36		
11		财信期货	853		11		
12		永安期货	601		-85		
13		五矿期货	476		-92		
14		东证期货	467		285		
15		鲁证期货	255		83		
16		国投安信	231		-26		
17		广发期货	215		205		
18		徽商期货	214		-41		
19		国信期货	210		-229		
20		大有期货	195		-110		
总计				16,235		2,349		

名次		会员简称	持买单量	增减		
1		国泰君安	4,314		169		
2		华泰期货	4,101		-281		
3		五矿期货	2,301		0		
4		永安期货	2,101		0		
5		中信建投	2,016		496		
6		中信期货	1,951		-6		
7		国富期货	1,747		8		
8		国投安信	1,693		64		
9		中粮期货	1,509		259		
10		长江期货	1,453		155		
11		宝城期货	562		561		
12		红塔期货	400		149		
13		财信期货	301		123		
14		国信期货	295		-81		
15		广发期货	218		215		
16		方正中期	161		161		
17		鲁证期货	150		147		
18		天风期货	108		0		
19		冠通期货	63		0		
20		大有期货	62		-65		
总计				25,506		2,074		

名次		会员简称	持卖单量	增减		
1		国泰君安	4,209		332		
2		华泰期货	4,099		-31		
3		五矿期货	2,301		0		
4		永安期货	2,298		1		
5		中信建投	2,018		497		
6		中信期货	2,018		-6		
7		国富期货	2,012		18		
8		国投安信	1,717		107		
9		中粮期货	1,514		259		
10		长江期货	1,487		194		
11		东证期货	965		271		
12		华闻期货	325		319		
13		浙商期货	150		0		
14		国信期货	119		119		
15		中投期货	114		0		
16		国盛期货	95		-17		
17		招金期货	77		-4		
18		迈科期货	70		-4		
19		西南期货	63		62		
20		宝城期货	60		-475		
总计				25,711		1,642		



会员类别	总成交量	增减		
期货公司会员	16,235		2,349		

会员类别	总持买单量	增减		
期货公司会员	25,506		2,074		

会员类别	总持卖单量	增减		
期货公司会员	25,711		1,642		

