								大连商品交易所 成交量_买持仓_卖持仓排名	

合约代码：i2202		Date：2021-06-16	

			期货公司会员	

名次		会员简称	成交量		增减		
1		东证期货	2,086		-1,128		
2		浙商期货	1,483		968		
3		中辉期货	1,085		1,002		
4		中信期货	991		-296		
5		国海良时	955		723		
6		国泰君安	873		75		
7		中财期货	837		-360		
8		创元期货	819		796		
9		渤海期货	759		705		
10		光大期货	753		244		
11		宏源期货	746		235		
12		申银万国	585		-290		
13		方正中期	551		27		
14		中信建投	402		377		
15		新湖期货	386		386		
16		华融融达	378		281		
17		招商期货	354		-66		
18		物产中大	332		240		
19		永安期货	305		-52		
20		五矿经易	282		-35		
总计				14,962		3,832		

名次		会员简称	持买单量	增减		
1		申银万国	7,175		105		
2		方正中期	5,466		132		
3		银河期货	4,175		-39		
4		弘业期货	4,113		0		
5		国泰君安	4,099		17		
6		中信期货	2,974		48		
7		国信期货	2,714		0		
8		光大期货	2,684		6		
9		物产中大	2,191		101		
10		华安期货	2,165		0		
11		冠通期货	2,028		-2		
12		国海良时	2,020		-272		
13		华融融达	1,875		6		
14		创元期货	1,730		-395		
15		海通期货	1,675		-2		
16		招商期货	1,660		150		
17		东吴期货	1,657		25		
18		信达期货	1,605		10		
19		中财期货	1,498		-41		
20		倍特期货	1,484		123		
总计				54,988		-28		

名次		会员简称	持卖单量	增减		
1		申银万国	7,710		136		
2		方正中期	5,459		133		
3		国泰君安	4,148		34		
4		弘业期货	4,138		-1		
5		银河期货	4,103		21		
6		中信期货	2,880		49		
7		光大期货	2,726		7		
8		国信期货	2,660		-1		
9		物产中大	2,196		103		
10		华安期货	2,173		-1		
11		浙商期货	2,066		517		
12		国海良时	2,019		-271		
13		冠通期货	2,019		0		
14		华融融达	1,874		6		
15		招商期货	1,690		144		
16		海通期货	1,687		-6		
17		创元期货	1,619		-402		
18		东吴期货	1,610		-1		
19		信达期货	1,543		0		
20		中财期货	1,497		-6		
总计				55,817		461		



会员类别	总成交量	增减		
期货公司会员	14,962		3,832		

会员类别	总持买单量	增减		
期货公司会员	54,988		-28		

会员类别	总持卖单量	增减		
期货公司会员	55,817		461		

