								大连商品交易所 成交量_买持仓_卖持仓排名	

合约代码：eg2109		Date：2021-06-16	

			期货公司会员	

名次		会员简称	成交量		增减		
1		东证期货	107,267		17,778		
2		中信期货	35,494		3,602		
3		国泰君安	28,706		-2,095		
4		海通期货	24,192		-502		
5		国富期货	16,419		1,781		
6		浙商期货	15,292		3,441		
7		华泰期货	13,347		2,774		
8		银河期货	11,865		3,569		
9		方正中期	11,289		3,655		
10		新湖期货	10,486		3,668		
11		徽商期货	9,806		3,247		
12		光大期货	9,327		983		
13		东吴期货	8,956		-1,076		
14		永安期货	8,321		1,458		
15		兴证期货	8,234		624		
16		华闻期货	7,875		-1,408		
17		国投安信	6,972		2,226		
18		华西期货	6,881		1,598		
19		申银万国	6,553		1,401		
20		中辉期货	6,500		2,956		
总计				353,782		49,680		

名次		会员简称	持买单量	增减		
1		中信期货	18,861		-111		
2		东吴期货	18,174		-120		
3		国泰君安	10,228		1,421		
4		华泰期货	9,707		-98		
5		东证期货	9,444		227		
6		永安期货	9,397		328		
7		建信期货	9,214		-382		
8		瑞达期货	7,610		-312		
9		银河期货	4,980		-108		
10		通惠期货	4,733		-122		
11		弘业期货	4,142		-77		
12		上海中期	4,118		-749		
13		南华期货	4,074		-86		
14		国元期货	3,881		114		
15		新湖期货	3,779		190		
16		中银期货	3,650		13		
17		宏源期货	3,433		-345		
18		方正中期	3,403		-414		
19		海通期货	3,312		775		
20		国富期货	3,254		81		
总计				139,394		225		

名次		会员简称	持卖单量	增减		
1		永安期货	18,533		1,561		
2		国泰君安	12,836		-1,729		
3		中信期货	11,740		-33		
4		天风期货	11,337		-84		
5		银河期货	9,982		-387		
6		东海期货	8,461		130		
7		宝城期货	8,286		-353		
8		格林大华	6,347		-60		
9		南华期货	5,848		-75		
10		华泰期货	4,055		-1,913		
11		中粮期货	3,503		-211		
12		海通期货	3,462		-113		
13		建信期货	3,444		-19		
14		东吴期货	3,307		218		
15		宏源期货	3,195		-146		
16		申银万国	3,102		182		
17		新湖期货	3,061		92		
18		东证期货	3,045		-3,106		
19		方正中期	3,044		-89		
20		广发期货	3,011		203		
总计				129,599		-5,932		



会员类别	总成交量	增减		
期货公司会员	353,782		49,680		

会员类别	总持买单量	增减		
期货公司会员	139,394		225		

会员类别	总持卖单量	增减		
期货公司会员	129,599		-5,932		

