								大连商品交易所 成交量_买持仓_卖持仓排名	

合约代码：eb2107		Date：2021-06-16	

			期货公司会员	

名次		会员简称	成交量		增减		
1		东证期货	84,008		-3,496		
2		中信期货	23,671		-3,563		
3		国泰君安	18,869		-3,037		
4		海通期货	18,281		-1,211		
5		国富期货	18,154		581		
6		徽商期货	12,125		3,568		
7		方正中期	11,775		808		
8		银河期货	10,867		-655		
9		华闻期货	9,445		2,887		
10		申银万国	9,246		-1,876		
11		华泰期货	9,079		-999		
12		光大期货	7,612		976		
13		东吴期货	7,293		-472		
14		南华期货	6,217		944		
15		东方财富	5,869		974		
16		兴证期货	5,744		-49		
17		华安期货	5,573		1,351		
18		永安期货	5,421		-402		
19		浙商期货	5,031		-460		
20		国海良时	4,427		-1,356		
总计				278,707		-5,487		

名次		会员简称	持买单量	增减		
1		中信期货	10,986		-158		
2		申银万国	7,063		-940		
3		国泰君安	6,120		-194		
4		永安期货	4,709		-305		
5		华泰期货	4,418		155		
6		银河期货	4,207		-653		
7		浙商期货	2,529		-702		
8		东证期货	2,200		-811		
9		鲁证期货	1,722		-343		
10		光大期货	1,681		-294		
11		中财期货	1,623		-115		
12		瑞达期货	1,577		-164		
13		宏源期货	1,490		122		
14		兴证期货	1,467		634		
15		海通期货	1,377		307		
16		招商期货	1,314		220		
17		方正中期	1,197		-141		
18		国富期货	1,133		-979		
19		南华期货	1,114		-1,638		
20		中辉期货	1,086		68		
总计				59,013		-5,931		

名次		会员简称	持卖单量	增减		
1		国泰君安	6,328		-1,739		
2		国海良时	3,762		480		
3		银河期货	3,680		942		
4		信达期货	3,398		-540		
5		浙商期货	3,011		705		
6		中信期货	2,976		-2,579		
7		华泰期货	2,741		-1,074		
8		东证期货	2,706		-101		
9		广发期货	2,223		-530		
10		海通期货	2,191		-210		
11		宏源期货	1,802		21		
12		永安期货	1,768		-844		
13		东吴期货	1,712		660		
14		徽商期货	1,618		309		
15		方正中期	1,607		-68		
16		鲁证期货	1,410		-94		
17		兴证期货	1,365		-960		
18		申银万国	1,327		620		
19		弘业期货	1,327		-22		
20		国投安信	1,299		72		
总计				48,251		-4,952		



会员类别	总成交量	增减		
期货公司会员	278,707		-5,487		

会员类别	总持买单量	增减		
期货公司会员	59,013		-5,931		

会员类别	总持卖单量	增减		
期货公司会员	48,251		-4,952		

