								大连商品交易所 成交量_买持仓_卖持仓排名	

合约代码：pp2111		Date：2021-06-16	

			期货公司会员	

名次		会员简称	成交量		增减		
1		国投安信	4,072		-1,580		
2		东证期货	2,561		1,666		
3		海通期货	2,342		2,244		
4		安粮期货	1,652		1,007		
5		中信期货	1,555		-1,501		
6		东海期货	1,390		86		
7		南华期货	1,235		94		
8		五矿经易	1,035		-93		
9		中粮期货	1,024		208		
10		恒泰期货	1,016		218		
11		海证期货	982		142		
12		国泰君安	965		131		
13		国富期货	653		30		
14		申银万国	618		-3,946		
15		银河期货	560		401		
16		方正中期	521		430		
17		兴证期货	407		407		
18		国信期货	395		-268		
19		华西期货	344		344		
20		浙商期货	300		300		
总计				23,627		320		

名次		会员简称	持买单量	增减		
1		国投安信	5,126		-8		
2		申银万国	4,117		-7		
3		东证期货	3,549		-458		
4		海通期货	3,129		1,033		
5		中信期货	2,505		-51		
6		南华期货	1,816		-2		
7		国富期货	1,607		-26		
8		国信期货	1,398		0		
9		海证期货	1,120		-1		
10		恒泰期货	1,119		3		
11		宏源期货	1,048		0		
12		华安期货	1,002		3		
13		华泰期货	905		28		
14		中粮期货	880		0		
15		银河期货	752		20		
16		新湖期货	709		0		
17		中辉期货	701		1		
18		五矿经易	678		102		
19		国泰君安	612		5		
20		财信期货	602		0		
总计				33,375		642		

名次		会员简称	持卖单量	增减		
1		国投安信	5,127		-8		
2		申银万国	4,119		-7		
3		海通期货	3,662		1,037		
4		东证期货	3,597		-511		
5		中信期货	2,502		-26		
6		南华期货	1,805		-3		
7		国富期货	1,635		-51		
8		国信期货	1,505		-23		
9		海证期货	1,170		1		
10		恒泰期货	1,119		3		
11		华泰期货	965		31		
12		中粮期货	880		0		
13		五矿经易	767		105		
14		新湖期货	709		0		
15		国泰君安	610		6		
16		兴证期货	607		407		
17		浙商期货	601		300		
18		财信期货	601		1		
19		中财期货	594		0		
20		华西期货	552		-172		
总计				33,127		1,090		



会员类别	总成交量	增减		
期货公司会员	23,627		320		

会员类别	总持买单量	增减		
期货公司会员	33,375		642		

会员类别	总持卖单量	增减		
期货公司会员	33,127		1,090		

