								大连商品交易所 成交量_买持仓_卖持仓排名	

合约代码：y2109		Date：2021-06-16	

			期货公司会员	

名次		会员简称	成交量		增减		
1		东证期货	274,914		-417		
2		华泰期货	185,314		144,235		
3		中信期货	166,734		17,575		
4		光大期货	119,686		42,380		
5		海通期货	103,127		20,187		
6		国富期货	86,491		24,215		
7		兴证期货	71,964		56,060		
8		华西期货	71,038		39,194		
9		国泰君安	62,390		12,459		
10		国投安信	35,841		9,120		
11		方正中期	29,026		6,853		
12		新湖期货	28,144		22,580		
13		华闻期货	26,372		2,213		
14		银河期货	25,142		-1,459		
15		徽商期货	21,760		1,997		
16		申银万国	21,755		3,134		
17		浙商期货	20,740		3,387		
18		中粮期货	20,103		254		
19		华安期货	19,852		8,261		
20		宏源期货	18,311		-1,379		
总计				1,408,704	410,849		

名次		会员简称	持买单量	增减		
1		永安期货	34,886		815		
2		一德期货	29,558		2,817		
3		中信期货	28,495		-2,284		
4		西部期货	21,727		-36		
5		国泰君安	21,384		32		
6		银河期货	20,871		503		
7		国富期货	20,105		2,359		
8		中粮期货	18,389		1,498		
9		国投安信	16,740		368		
10		东证期货	14,370		1,746		
11		海通期货	11,818		-10		
12		华泰期货	11,630		-2,111		
13		中信建投	9,975		359		
14		鲁证期货	7,988		4,978		
15		北京首创	7,828		368		
16		浙商期货	7,129		-683		
17		申银万国	7,086		-140		
18		兴证期货	6,813		-2,002		
19		中金期货	6,745		-57		
20		汇鑫期货	6,304		195		
总计				309,841		8,715		

名次		会员简称	持卖单量	增减		
1		中粮期货	76,613		-105		
2		永安期货	29,051		528		
3		国投安信	28,961		1,207		
4		摩根大通	28,303		-1,205		
5		国泰君安	26,311		-860		
6		中信期货	20,270		1,056		
7		五矿经易	18,063		-186		
8		宏源期货	14,875		-173		
9		广发期货	13,937		262		
10		东证期货	13,865		-1,872		
11		国富期货	13,007		-34		
12		一德期货	12,929		250		
13		南华期货	12,130		593		
14		海通期货	9,926		-2,653		
15		银河期货	8,790		557		
16		新湖期货	7,915		993		
17		申银万国	6,858		445		
18		瑞达期货	5,604		853		
19		兴证期货	5,564		2,520		
20		信达期货	5,291		-1,012		
总计				358,263		1,164		



会员类别	总成交量	增减		
期货公司会员	1,408,704	410,849		

会员类别	总持买单量	增减		
期货公司会员	309,841		8,715		

会员类别	总持卖单量	增减		
期货公司会员	358,263		1,164		

