								大连商品交易所 成交量_买持仓_卖持仓排名	

合约代码：y2201		Date：2021-06-16	

			期货公司会员	

名次		会员简称	成交量		增减		
1		东证期货	26,878		-3,833		
2		华泰期货	19,347		15,858		
3		国泰君安	13,470		519		
4		光大期货	10,982		405		
5		中信期货	10,124		1,006		
6		国富期货	10,075		-353		
7		五矿经易	2,821		1,498		
8		北京首创	2,788		73		
9		华闻期货	2,688		66		
10		宏源期货	2,669		-3,100		
11		广发期货	2,470		-1,708		
12		中粮期货	2,233		-4,672		
13		国投安信	2,114		-2,981		
14		新湖期货	2,031		858		
15		恒泰期货	1,919		1,631		
16		中信建投	1,882		-782		
17		英大期货	1,880		-91		
18		一德期货	1,848		-11		
19		锦泰期货	1,718		-22		
20		国元期货	1,679		148		
总计				121,616		4,509		

名次		会员简称	持买单量	增减		
1		北京首创	9,553		2,450		
2		广发期货	9,207		780		
3		中粮期货	8,019		-380		
4		银河期货	7,853		-32		
5		国投安信	6,835		-223		
6		新湖期货	6,224		1,491		
7		摩根大通	5,633		415		
8		中信期货	4,961		-69		
9		西部期货	3,929		769		
10		光大期货	3,612		49		
11		中金期货	3,447		0		
12		招商期货	2,547		101		
13		国泰君安	2,291		-1,210		
14		华安期货	2,200		214		
15		创元期货	2,145		-16		
16		浙商期货	1,897		-19		
17		永安期货	1,853		92		
18		东证期货	1,586		-218		
19		五矿经易	1,476		137		
20		华融融达	1,144		-327		
总计				86,412		4,004		

名次		会员简称	持卖单量	增减		
1		一德期货	23,708		-634		
2		国富期货	13,723		-149		
3		中粮期货	9,122		65		
4		国泰君安	7,540		114		
5		中信建投	5,220		117		
6		国投安信	4,793		-569		
7		摩根大通	4,129		0		
8		东证期货	3,782		2		
9		新湖期货	3,308		52		
10		中信期货	2,601		359		
11		永安期货	2,395		145		
12		五矿经易	2,272		954		
13		中财期货	1,702		76		
14		宏源期货	1,373		382		
15		北京首创	1,258		62		
16		申银万国	1,216		-154		
17		建信期货	1,176		5		
18		广发期货	1,117		266		
19		北京金鹏	1,063		30		
20		平安期货	942		5		
总计				92,440		1,128		



会员类别	总成交量	增减		
期货公司会员	121,616		4,509		

会员类别	总持买单量	增减		
期货公司会员	86,412		4,004		

会员类别	总持卖单量	增减		
期货公司会员	92,440		1,128		

