								大连商品交易所 成交量_买持仓_卖持仓排名	

合约代码：j2111		Date：2021-06-16	

			期货公司会员	

名次		会员简称	成交量		增减		
1		东证期货	1,452		-905		
2		锦泰期货	790		18		
3		渤海期货	666		666		
4		天风期货	550		550		
5		鲁证期货	477		-323		
6		国信期货	399		-95		
7		华泰期货	395		129		
8		申银万国	389		-270		
9		华闻期货	349		169		
10		浙商期货	335		-65		
11		南华期货	272		-168		
12		华融融达	251		96		
13		海通期货	219		-172		
14		西部期货	215		130		
15		中衍期货	202		-599		
16		创元期货	200		197		
17		国元期货	200		-115		
18		东海期货	197		-504		
19		东航期货	188		87		
20		国富期货	185		-168		
总计				7,931		-1,342		

名次		会员简称	持买单量	增减		
1		东证期货	6,079		-1		
2		国泰君安	5,880		5		
3		国富期货	5,105		-38		
4		申银万国	4,085		-1		
5		光大期货	2,866		42		
6		东吴期货	2,534		-2		
7		银河期货	2,403		44		
8		中辉期货	2,023		0		
9		中信建投	1,583		-2		
10		国投安信	1,503		-3		
11		海通期货	1,339		-1		
12		永安期货	1,330		-29		
13		创元期货	1,107		-100		
14		南华期货	1,054		79		
15		方正中期	1,036		-4		
16		徽商期货	982		-29		
17		冠通期货	839		0		
18		瑞达期货	723		6		
19		海证期货	719		-61		
20		宝城期货	716		-2		
总计				43,906		-97		

名次		会员简称	持卖单量	增减		
1		东证期货	6,045		-3		
2		国泰君安	5,874		-3		
3		国富期货	5,107		-39		
4		申银万国	4,082		0		
5		光大期货	2,865		40		
6		东吴期货	2,500		0		
7		银河期货	2,448		41		
8		中辉期货	2,018		0		
9		中信建投	1,572		0		
10		国投安信	1,501		-4		
11		永安期货	1,497		-19		
12		海通期货	1,318		-2		
13		鲁证期货	1,263		207		
14		创元期货	1,100		-100		
15		南华期货	1,049		81		
16		方正中期	1,029		-14		
17		徽商期货	948		1		
18		冠通期货	837		0		
19		瑞达期货	727		9		
20		国元期货	722		4		
总计				44,502		199		



会员类别	总成交量	增减		
期货公司会员	7,931		-1,342		

会员类别	总持买单量	增减		
期货公司会员	43,906		-97		

会员类别	总持卖单量	增减		
期货公司会员	44,502		199		

