								大连商品交易所 成交量_买持仓_卖持仓排名	

合约代码：jm2109		Date：2021-06-16	

			期货公司会员	

名次		会员简称	成交量		增减		
1		东证期货	72,661		15,597		
2		海通期货	43,307		17,785		
3		国富期货	30,621		3,995		
4		国泰君安	23,868		3,355		
5		光大期货	23,832		5,245		
6		中信期货	19,504		5,503		
7		华闻期货	18,701		-6,600		
8		东方财富	16,513		6,059		
9		方正中期	12,831		3,752		
10		徽商期货	12,809		3,980		
11		南华期货	12,153		1,468		
12		银河期货	11,121		4,072		
13		永安期货	10,878		429		
14		华泰期货	10,472		3,719		
15		华安期货	10,348		5,635		
16		申银万国	9,402		738		
17		中信建投	8,679		1,691		
18		国投安信	8,395		1,534		
19		兴证期货	8,321		1,034		
20		中辉期货	7,605		1,231		
总计				372,021		80,222		

名次		会员简称	持买单量	增减		
1		海通期货	12,846		2,578		
2		中信期货	12,195		926		
3		永安期货	8,795		598		
4		国泰君安	8,733		-215		
5		国富期货	7,269		-344		
6		光大期货	5,621		3,667		
7		银河期货	5,495		-245		
8		中辉期货	5,231		259		
9		东证期货	4,864		1,444		
10		国投安信	4,606		-72		
11		华闻期货	4,521		-302		
12		华泰期货	3,811		235		
13		申银万国	3,148		-51		
14		中信建投	3,018		275		
15		广发期货	2,960		116		
16		方正中期	2,945		345		
17		兴证期货	2,848		-194		
18		鲁证期货	2,818		128		
19		招商期货	2,494		150		
20		上海东亚	2,444		2,091		
总计				106,662		11,389		

名次		会员简称	持卖单量	增减		
1		海通期货	11,611		4,733		
2		一德期货	10,824		360		
3		中信期货	8,256		-570		
4		国富期货	7,223		-233		
5		光大期货	6,450		3,845		
6		国泰君安	6,070		-355		
7		鲁证期货	5,558		-171		
8		永安期货	5,021		288		
9		中辉期货	4,554		34		
10		申银万国	4,433		-271		
11		银河期货	3,898		958		
12		东证期货	3,864		817		
13		中信建投	3,650		1,146		
14		华闻期货	3,649		-487		
15		浙商期货	3,132		1,662		
16		方正中期	2,854		196		
17		国联期货	2,802		19		
18		英大期货	2,752		-27		
19		华泰期货	2,494		-11		
20		冠通期货	2,463		110		
总计				101,558		12,043		



会员类别	总成交量	增减		
期货公司会员	372,021		80,222		

会员类别	总持买单量	增减		
期货公司会员	106,662		11,389		

会员类别	总持卖单量	增减		
期货公司会员	101,558		12,043		

