								大连商品交易所 成交量_买持仓_卖持仓排名	

合约代码：i2204		Date：2021-06-16	

			期货公司会员	

名次		会员简称	成交量		增减		
1		国泰君安	4,173		3,764		
2		兴证期货	2,141		2,102		
3		中粮期货	1,116		934		
4		华泰期货	972		910		
5		天风期货	796		796		
6		海通期货	611		-275		
7		建信期货	538		-1,535		
8		中信期货	340		-544		
9		金瑞期货	290		290		
10		申银万国	287		91		
11		海证期货	280		180		
12		江西瑞奇	262		258		
13		方正中期	257		-17		
14		国联期货	247		182		
15		南华期货	237		-15		
16		浙商期货	234		124		
17		中国国际	232		-1,408		
18		华联期货	205		205		
19		国金期货	182		169		
20		福能期货	155		151		
总计				13,555		6,362		

名次		会员简称	持买单量	增减		
1		国泰君安	6,734		-2,009		
2		徽商期货	5,966		4		
3		银河期货	5,726		0		
4		中粮期货	4,990		557		
5		申银万国	4,811		75		
6		建信期货	4,135		268		
7		兴证期货	3,303		1,020		
8		长江期货	3,291		2		
9		国投安信	2,889		-54		
10		上海中期	2,826		-28		
11		北京首创	2,503		-15		
12		海通期货	2,467		276		
13		中国国际	2,402		116		
14		上海东亚	2,330		0		
15		东吴期货	2,031		0		
16		国联期货	1,978		98		
17		大地期货	1,952		0		
18		中信期货	1,945		41		
19		中财期货	1,821		0		
20		南华期货	1,766		101		
总计				65,866		452		

名次		会员简称	持卖单量	增减		
1		国泰君安	6,535		-1,988		
2		银河期货	6,148		-13		
3		徽商期货	5,933		0		
4		申银万国	5,187		50		
5		中粮期货	4,988		557		
6		建信期货	4,133		268		
7		兴证期货	3,455		1,021		
8		长江期货	3,288		0		
9		国投安信	3,031		-16		
10		海通期货	2,486		279		
11		上海东亚	2,331		0		
12		北京首创	2,230		2		
13		中信期货	2,018		7		
14		东吴期货	2,011		3		
15		上海中期	2,002		0		
16		中国国际	1,989		114		
17		大地期货	1,950		0		
18		中财期货	1,826		14		
19		南华期货	1,774		100		
20		国联期货	1,760		109		
总计				65,075		507		



会员类别	总成交量	增减		
期货公司会员	13,555		6,362		

会员类别	总持买单量	增减		
期货公司会员	65,866		452		

会员类别	总持卖单量	增减		
期货公司会员	65,075		507		

