								大连商品交易所 成交量_买持仓_卖持仓排名	

合约代码：m2203		Date：2021-06-16	

			期货公司会员	

名次		会员简称	成交量		增减		
1		东证期货	12,028		-12,954		
2		华泰期货	4,592		4,499		
3		浙商期货	3,823		1,949		
4		国泰君安	3,577		-2,283		
5		国元期货	2,793		-849		
6		宏源期货	2,058		1,073		
7		华安期货	2,024		-1,004		
8		美尔雅期货	2,003		-97		
9		海通期货	1,862		-2,497		
10		银河期货	1,754		926		
11		中信建投	1,624		-1,043		
12		东海期货	1,535		1,525		
13		五矿经易	1,320		-643		
14		鲁证期货	1,290		-168		
15		招商期货	1,268		-287		
16		国投安信	1,258		-280		
17		申银万国	1,210		-1,056		
18		国海良时	1,164		-118		
19		国富期货	1,036		-1,676		
20		南华期货	1,033		-2,287		
总计				49,252		-17,270		

名次		会员简称	持买单量	增减		
1		国泰君安	20,231		-25		
2		申银万国	18,844		74		
3		海通期货	15,490		151		
4		东证期货	14,690		1,023		
5		浙商期货	10,818		-1,002		
6		国富期货	9,454		85		
7		中信期货	9,069		302		
8		华泰期货	8,500		-54		
9		中信建投	8,236		5		
10		五矿经易	8,173		255		
11		鲁证期货	7,677		235		
12		南华期货	7,389		176		
13		招商期货	7,303		213		
14		国海良时	7,048		10		
15		国投安信	7,009		13		
16		国元期货	6,110		-642		
17		银河期货	3,809		82		
18		华西期货	3,670		0		
19		宏源期货	2,617		848		
20		美尔雅期货	2,316		106		
总计				178,453		1,855		

名次		会员简称	持卖单量	增减		
1		东证期货	21,113		305		
2		国泰君安	19,802		32		
3		申银万国	18,739		72		
4		海通期货	15,307		209		
5		国富期货	11,208		99		
6		浙商期货	10,565		-991		
7		五矿经易	10,214		255		
8		中信期货	9,025		291		
9		国投安信	8,907		5		
10		中信建投	8,230		45		
11		华泰期货	7,966		4		
12		鲁证期货	7,602		305		
13		招商期货	7,281		207		
14		南华期货	6,950		173		
15		国海良时	6,852		12		
16		国元期货	5,810		53		
17		华融融达	4,000		0		
18		华西期货	3,670		0		
19		银河期货	3,539		-82		
20		宏源期货	2,567		856		
总计				189,347		1,850		



会员类别	总成交量	增减		
期货公司会员	49,252		-17,270		

会员类别	总持买单量	增减		
期货公司会员	178,453		1,855		

会员类别	总持卖单量	增减		
期货公司会员	189,347		1,850		

