								大连商品交易所 成交量_买持仓_卖持仓排名	

合约代码：a2109		Date：2021-06-16	

			期货公司会员	

名次		会员简称	成交量		增减		
1		东证期货	32,357		7,386		
2		华泰期货	24,822		-37,817		
3		国泰君安	23,671		-2,827		
4		中信期货	18,599		-6,539		
5		国富期货	10,646		-6,898		
6		海通期货	10,555		-6,022		
7		光大期货	10,183		-9,963		
8		银河期货	8,022		-1,348		
9		南华期货	7,344		-5,481		
10		兴证期货	5,894		-6,621		
11		申银万国	5,623		-6,063		
12		方正中期	5,398		-675		
13		华闻期货	5,300		-326		
14		东吴期货	4,977		-3,258		
15		先锋期货	4,794		352		
16		东方财富	4,483		-2,213		
17		平安期货	4,120		1,176		
18		永安期货	3,974		-2,180		
19		北京首创	3,500		116		
20		东海期货	3,305		714		
总计				197,567		-88,487		

名次		会员简称	持买单量	增减		
1		中信期货	16,426		-383		
2		国投安信	9,267		83		
3		东证期货	8,203		-653		
4		光大期货	6,039		132		
5		国泰君安	5,752		-79		
6		一德期货	5,262		198		
7		永安期货	4,705		104		
8		南华期货	4,608		143		
9		美尔雅期货	3,569		963		
10		浙商期货	3,551		166		
11		信达期货	3,501		-70		
12		银河期货	3,061		-40		
13		国富期货	2,991		539		
14		宏源期货	2,818		401		
15		招金期货	2,500		226		
16		海航期货	2,345		34		
17		东吴期货	2,081		427		
18		中财期货	2,028		494		
19		深圳金汇	2,000		0		
20		华泰期货	1,955		436		
总计				92,662		3,121		

名次		会员简称	持卖单量	增减		
1		中信期货	15,318		610		
2		国泰君安	10,743		388		
3		银河期货	7,066		298		
4		华泰期货	6,255		1,128		
5		东证期货	6,139		1,530		
6		兴证期货	5,042		-426		
7		永安期货	4,575		366		
8		国投安信	4,137		-4		
9		中投期货	4,135		-375		
10		宏源期货	3,196		510		
11		海通期货	3,064		-202		
12		海证期货	2,763		119		
13		招商期货	2,611		216		
14		上海中期	2,498		167		
15		申银万国	2,376		56		
16		一德期货	2,224		-16		
17		东吴期货	2,216		-42		
18		方正中期	1,889		81		
19		光大期货	1,884		-249		
20		中信建投	1,687		-21		
总计				89,818		4,134		



会员类别	总成交量	增减		
期货公司会员	197,567		-88,487		

会员类别	总持买单量	增减		
期货公司会员	92,662		3,121		

会员类别	总持卖单量	增减		
期货公司会员	89,818		4,134		

