								大连商品交易所 成交量_买持仓_卖持仓排名	

合约代码：v2110		Date：2021-06-16	

			期货公司会员	

名次		会员简称	成交量		增减		
1		国投安信	7,558		1,490		
2		东证期货	5,370		3,806		
3		海证期货	1,840		1,477		
4		长江期货	1,759		1,453		
5		申银万国	1,590		537		
6		五矿经易	1,208		496		
7		浙商期货	1,202		556		
8		鲁证期货	1,141		321		
9		金瑞期货	1,103		782		
10		中天期货	1,007		-245		
11		华泰期货	938		253		
12		兴证期货	853		518		
13		华闻期货	794		413		
14		中信建投	671		430		
15		光大期货	432		267		
16		中信期货	415		-442		
17		安粮期货	329		-282		
18		国泰君安	295		-31		
19		宏源期货	276		81		
20		东航期货	244		240		
总计				29,025		12,120		

名次		会员简称	持买单量	增减		
1		五矿经易	4,672		0		
2		中信期货	4,227		-14		
3		浙商期货	4,185		1		
4		海证期货	4,021		377		
5		申银万国	4,017		396		
6		鲁证期货	3,654		8		
7		永安期货	3,309		-28		
8		锦泰期货	3,193		53		
9		长江期货	2,401		-33		
10		东证期货	2,201		97		
11		国富期货	1,319		-50		
12		中投期货	1,001		0		
13		新湖期货	729		-1		
14		华金期货	550		0		
15		大地期货	493		0		
16		中信建投	485		268		
17		国投安信	425		19		
18		国泰君安	342		-10		
19		国信期货	310		0		
20		民生期货	225		-1		
总计				41,759		1,082		

名次		会员简称	持卖单量	增减		
1		中信期货	4,245		-25		
2		五矿经易	4,172		0		
3		海证期货	4,156		385		
4		申银万国	4,087		412		
5		浙商期货	3,799		19		
6		鲁证期货	3,675		-55		
7		锦泰期货	3,219		41		
8		长江期货	2,409		-30		
9		东证期货	2,191		43		
10		国信期货	1,780		-46		
11		国富期货	1,361		-57		
12		新湖期货	773		0		
13		兴业期货	614		0		
14		华金期货	560		0		
15		国海良时	546		0		
16		华闻期货	476		30		
17		宏源期货	448		-141		
18		安粮期货	423		-49		
19		兴证期货	362		-55		
20		中辉期货	292		109		
总计				39,588		581		



会员类别	总成交量	增减		
期货公司会员	29,025		12,120		

会员类别	总持买单量	增减		
期货公司会员	41,759		1,082		

会员类别	总持卖单量	增减		
期货公司会员	39,588		581		

