								大连商品交易所 成交量_买持仓_卖持仓排名	

合约代码：p2111		Date：2021-06-16	

			期货公司会员	

名次		会员简称	成交量		增减		
1		海通期货	1,896		1,836		
2		中信期货	1,530		288		
3		国泰君安	1,164		419		
4		华闻期货	557		-151		
5		光大期货	506		218		
6		鲁证期货	407		120		
7		浙商期货	378		151		
8		锦泰期货	309		-173		
9		五矿经易	260		-16		
10		招商期货	234		119		
11		东航期货	219		219		
12		国投安信	200		85		
13		渤海期货	196		196		
14		兴证期货	137		119		
15		中信建投	130		106		
16		国信期货	129		129		
17		华泰期货	80		32		
18		东证期货	68		67		
19		弘业期货	62		-14		
20		上海东亚	61		-12		
总计				8,523		3,738		

名次		会员简称	持买单量	增减		
1		东证期货	5,065		0		
2		中信期货	2,948		74		
3		海通期货	2,860		931		
4		光大期货	1,868		20		
5		国投安信	1,605		3		
6		国泰君安	1,431		-5		
7		五矿经易	1,201		0		
8		华泰期货	1,092		3		
9		浙商期货	1,029		-4		
10		招商期货	1,022		30		
11		鲁证期货	890		1		
12		银河期货	795		-7		
13		华闻期货	692		2		
14		华西期货	650		0		
15		宏源期货	615		15		
16		平安期货	560		1		
17		永安期货	528		-26		
18		宝城期货	502		0		
19		国信期货	451		1		
20		弘业期货	412		0		
总计				26,216		1,039		

名次		会员简称	持卖单量	增减		
1		东证期货	5,067		0		
2		中信期货	2,942		80		
3		海通期货	2,860		931		
4		光大期货	1,866		10		
5		国泰君安	1,411		-7		
6		五矿经易	1,200		0		
7		华泰期货	1,118		21		
8		招商期货	1,021		22		
9		鲁证期货	903		0		
10		国信期货	828		128		
11		银河期货	827		-1		
12		华闻期货	792		47		
13		弘业期货	734		38		
14		浙商期货	700		-4		
15		国投安信	700		-5		
16		华西期货	650		0		
17		宏源期货	614		0		
18		平安期货	549		-3		
19		永安期货	522		-28		
20		宝城期货	500		0		
总计				25,804		1,229		



会员类别	总成交量	增减		
期货公司会员	8,523		3,738		

会员类别	总持买单量	增减		
期货公司会员	26,216		1,039		

会员类别	总持卖单量	增减		
期货公司会员	25,804		1,229		

