								大连商品交易所 成交量_买持仓_卖持仓排名	

合约代码：l2110		Date：2021-06-16	

			期货公司会员	

名次		会员简称	成交量		增减		
1		国投安信	1,984		1,974		
2		银河期货	1,438		1,102		
3		平安期货	808		805		
4		方正中期	645		-27		
5		国泰君安	532		-10		
6		国海良时	524		-201		
7		华泰期货	365		-248		
8		东证期货	359		-81		
9		广发期货	340		-135		
10		浙商期货	304		-70		
11		弘业期货	282		-166		
12		招商期货	222		-18		
13		申银万国	218		84		
14		金瑞期货	213		162		
15		国元期货	211		-513		
16		海证期货	208		-58		
17		长江期货	192		-34		
18		中辉期货	173		100		
19		华闻期货	168		-18		
20		中财期货	155		142		
总计				9,341		2,790		

名次		会员简称	持买单量	增减		
1		国泰君安	4,641		138		
2		国投安信	4,003		-990		
3		申银万国	3,465		-3		
4		招商期货	3,452		99		
5		五矿经易	3,331		58		
6		东证期货	3,118		7		
7		国海良时	2,919		-351		
8		海证期货	2,901		34		
9		锦泰期货	2,877		14		
10		国元期货	2,649		61		
11		浙商期货	2,496		101		
12		长江期货	2,452		46		
13		方正中期	2,165		82		
14		国富期货	1,440		-40		
15		平安期货	838		620		
16		中信期货	717		2		
17		安粮期货	690		-40		
18		兴证期货	614		17		
19		海通期货	573		0		
20		华泰期货	486		-1		
总计				45,827		-146		

名次		会员简称	持卖单量	增减		
1		国泰君安	4,904		238		
2		国投安信	4,017		-986		
3		招商期货	3,832		99		
4		申银万国	3,560		73		
5		五矿经易	3,330		60		
6		东证期货	3,080		46		
7		锦泰期货	2,927		40		
8		海证期货	2,864		14		
9		国元期货	2,587		42		
10		浙商期货	2,481		101		
11		长江期货	2,452		46		
12		方正中期	2,196		87		
13		国海良时	2,139		-11		
14		国富期货	1,569		39		
15		国信期货	1,194		69		
16		华泰期货	637		-284		
17		中信期货	616		22		
18		海通期货	596		-9		
19		银河期货	396		-557		
20		华安期货	383		2		
总计				45,760		-869		



会员类别	总成交量	增减		
期货公司会员	9,341		2,790		

会员类别	总持买单量	增减		
期货公司会员	45,827		-146		

会员类别	总持卖单量	增减		
期货公司会员	45,760		-869		

