								大连商品交易所 成交量_买持仓_卖持仓排名	

合约代码：pp2109		Date：2021-06-16	

			期货公司会员	

名次		会员简称	成交量		增减		
1		国投安信	122,458		-67,255		
2		东证期货	87,845		36,134		
3		中信期货	76,510		-2,005		
4		海通期货	63,037		-6,753		
5		国泰君安	50,928		-6,142		
6		国富期货	44,096		7,430		
7		银河期货	29,195		2,781		
8		华泰期货	22,447		-6,317		
9		徽商期货	20,452		2,751		
10		光大期货	18,540		1,407		
11		华西期货	17,290		-3,746		
12		新湖期货	16,862		3,474		
13		华安期货	16,520		2,726		
14		华闻期货	16,375		-8,507		
15		南华期货	16,207		-4,499		
16		永安期货	15,419		-7,288		
17		兴证期货	14,500		-2,201		
18		宏源期货	13,387		-1,370		
19		方正中期	13,041		105		
20		先锋期货	13,018		1,852		
总计				688,127		-57,423		

名次		会员简称	持买单量	增减		
1		永安期货	46,164		1,145		
2		中信期货	32,230		-378		
3		华泰期货	18,989		1,002		
4		国泰君安	13,768		-313		
5		海通期货	12,868		2,348		
6		国海良时	12,177		-704		
7		弘业期货	9,002		746		
8		国投安信	8,456		-689		
9		东证期货	8,051		-750		
10		南华期货	7,457		-344		
11		方正中期	7,432		-1,177		
12		中粮期货	6,951		173		
13		建信期货	6,695		-1,622		
14		广发期货	6,204		-621		
15		华安期货	6,049		-503		
16		五矿经易	6,010		-422		
17		英大期货	6,009		29		
18		鲁证期货	5,879		-187		
19		国信期货	5,639		647		
20		光大期货	5,171		-1,613		
总计				231,201		-3,233		

名次		会员简称	持卖单量	增减		
1		永安期货	37,760		1,802		
2		中信期货	25,792		-4,472		
3		华泰期货	21,972		-3,189		
4		国泰君安	21,903		-177		
5		东证期货	12,773		1,009		
6		银河期货	11,668		493		
7		方正中期	10,832		724		
8		国投安信	10,147		1,731		
9		浙商期货	9,725		2,762		
10		海通期货	8,709		-1,531		
11		兴证期货	7,863		-1,320		
12		广发期货	7,602		-328		
13		宏源期货	6,781		-806		
14		申银万国	6,272		711		
15		新湖期货	6,049		-485		
16		瑞达期货	5,690		-828		
17		国海良时	5,612		1,548		
18		中信建投	5,229		-135		
19		中财期货	5,009		448		
20		鲁证期货	4,974		-276		
总计				232,362		-2,319		



会员类别	总成交量	增减		
期货公司会员	688,127		-57,423		

会员类别	总持买单量	增减		
期货公司会员	231,201		-3,233		

会员类别	总持卖单量	增减		
期货公司会员	232,362		-2,319		

