								大连商品交易所 成交量_买持仓_卖持仓排名	

合约代码：eg2111		Date：2021-06-16	

			期货公司会员	

名次		会员简称	成交量		增减		
1		东证期货	2,679		-219		
2		国富期货	2,230		575		
3		海证期货	821		819		
4		华闻期货	519		66		
5		浙商期货	449		10		
6		锦泰期货	430		-117		
7		方正中期	405		-144		
8		光大期货	391		227		
9		新湖期货	380		380		
10		东航期货	364		364		
11		五矿经易	364		96		
12		国泰君安	352		48		
13		鲁证期货	310		310		
14		西部期货	260		260		
15		招商期货	246		86		
16		国投安信	243		6		
17		华西期货	198		-18		
18		申银万国	185		-4,161		
19		东海期货	180		80		
20		海通期货	172		-89		
总计				11,178		-1,421		

名次		会员简称	持买单量	增减		
1		东证期货	7,637		-19		
2		国泰君安	1,780		2		
3		宝城期货	1,519		0		
4		国富期货	1,355		-320		
5		海通期货	1,189		3		
6		银河期货	1,058		19		
7		申银万国	1,001		-2		
8		创元期货	1,001		-5		
9		中信期货	988		1		
10		华西期货	945		99		
11		英大期货	908		0		
12		鲁证期货	900		150		
13		华闻期货	826		0		
14		国投安信	801		0		
15		徽商期货	756		-3		
16		华安期货	589		0		
17		华泰期货	532		-2		
18		方正中期	508		11		
19		光大期货	500		0		
20		宏源期货	494		-1		
总计				25,287		-67		

名次		会员简称	持卖单量	增减		
1		东证期货	4,586		24		
2		中信期货	2,294		0		
3		国泰君安	1,650		-8		
4		宝城期货	1,564		-2		
5		海通期货	1,455		-17		
6		国富期货	1,397		-352		
7		银河期货	1,148		-6		
8		创元期货	1,004		-4		
9		申银万国	1,000		-1		
10		华西期货	945		99		
11		鲁证期货	911		140		
12		英大期货	908		0		
13		中投期货	863		-19		
14		华闻期货	826		-1		
15		国投安信	805		-1		
16		徽商期货	750		0		
17		华安期货	578		-17		
18		永安期货	572		-80		
19		中辉期货	571		47		
20		方正中期	547		6		
总计				24,374		-192		



会员类别	总成交量	增减		
期货公司会员	11,178		-1,421		

会员类别	总持买单量	增减		
期货公司会员	25,287		-67		

会员类别	总持卖单量	增减		
期货公司会员	24,374		-192		

