								大连商品交易所 成交量_买持仓_卖持仓排名	

合约代码：l2201		Date：2021-06-16	

			期货公司会员	

名次		会员简称	成交量		增减		
1		国富期货	4,477		291		
2		国投安信	2,922		-1,472		
3		东证期货	2,069		1,470		
4		广发期货	1,511		140		
5		华安期货	1,494		538		
6		中信期货	1,282		-304		
7		申银万国	1,217		-2		
8		华泰期货	712		-994		
9		中粮期货	679		627		
10		瑞达期货	618		600		
11		中天期货	593		68		
12		中信建投	490		359		
13		南华期货	473		-185		
14		宏源期货	464		-188		
15		永安期货	453		-35		
16		创元期货	447		301		
17		国泰君安	439		-333		
18		大越期货	438		429		
19		徽商期货	405		-72		
20		光大期货	385		-165		
总计				21,568		1,073		

名次		会员简称	持买单量	增减		
1		华泰期货	3,673		6		
2		南华期货	1,989		-126		
3		永安期货	1,949		25		
4		银河期货	1,661		8		
5		国投安信	1,550		-96		
6		海证期货	1,379		156		
7		浙商期货	1,291		-13		
8		中粮期货	1,248		596		
9		广州期货	1,182		-3		
10		国泰君安	1,107		-113		
11		国信期货	1,051		17		
12		徽商期货	999		-31		
13		方正中期	936		1		
14		国富期货	881		68		
15		华安期货	837		-7		
16		新湖期货	819		77		
17		华联期货	799		-5		
18		瑞达期货	796		92		
19		中辉期货	784		8		
20		国贸期货	740		-3		
总计				25,671		657		

名次		会员简称	持卖单量	增减		
1		东证期货	5,913		364		
2		华泰期货	3,966		198		
3		国泰君安	2,720		4		
4		招商期货	1,812		123		
5		上海中期	1,583		-14		
6		国信期货	1,470		15		
7		民生期货	1,248		242		
8		海证期货	1,241		0		
9		中信期货	1,173		-53		
10		信达期货	1,099		31		
11		光大期货	1,005		80		
12		中辉期货	903		67		
13		大地期货	802		100		
14		中财期货	758		0		
15		国海良时	735		67		
16		华安期货	732		115		
17		宏源期货	713		-91		
18		永安期货	691		-36		
19		金瑞期货	600		-34		
20		瑞达期货	555		-500		
总计				29,719		678		



会员类别	总成交量	增减		
期货公司会员	21,568		1,073		

会员类别	总持买单量	增减		
期货公司会员	25,671		657		

会员类别	总持卖单量	增减		
期货公司会员	29,719		678		

