								大连商品交易所 成交量_买持仓_卖持仓排名	

合约代码：c2109		Date：2021-06-16	

			期货公司会员	

名次		会员简称	成交量		增减		
1		东证期货	151,256		-108,060	
2		国泰君安	80,701		-31,484		
3		国富期货	59,279		-6,938		
4		中信期货	56,916		-23,647		
5		华泰期货	49,201		20,051		
6		光大期货	26,153		-18,608		
7		天风期货	23,017		5,403		
8		申银万国	21,322		-30,010		
9		永安期货	17,266		-31,341		
10		中辉期货	16,417		6,485		
11		银河期货	15,951		-7,821		
12		新湖期货	15,394		-2,806		
13		海通期货	13,576		-9,656		
14		徽商期货	11,129		-8,442		
15		兴证期货	9,410		-13,693		
16		国投安信	9,157		-4,173		
17		中信建投	8,968		-1,111		
18		广州金控	8,102		587		
19		华闻期货	7,924		-3,075		
20		东方财富	7,836		-430		
总计				608,975		-268,769	

名次		会员简称	持买单量	增减		
1		永安期货	90,171		288		
2		中信期货	76,225		5,711		
3		国投安信	24,950		41		
4		中粮期货	22,024		1,947		
5		东证期货	20,262		791		
6		光大期货	17,483		5,242		
7		银河期货	17,072		1,246		
8		国泰君安	16,440		-2,045		
9		西部期货	11,763		254		
10		中信建投	10,543		623		
11		华泰期货	10,513		2,513		
12		浙商期货	8,847		0		
13		北京首创	8,729		2,308		
14		南华期货	7,922		245		
15		海通期货	7,853		954		
16		鲁证期货	7,763		191		
17		宏源期货	7,607		137		
18		福能期货	7,237		-10		
19		国元期货	6,546		3,221		
20		方正中期	5,961		682		
总计				385,911		24,339		

名次		会员简称	持卖单量	增减		
1		中信期货	92,375		2,677		
2		国富期货	58,699		-2,001		
3		国泰君安	35,543		2,624		
4		中粮期货	25,019		-1,596		
5		东证期货	20,760		5,511		
6		国投安信	19,110		-100		
7		永安期货	18,833		512		
8		摩根大通	18,746		-340		
9		华泰期货	17,540		2,666		
10		国贸期货	15,790		-56		
11		中国国际	14,741		310		
12		浙商期货	14,553		-999		
13		宝城期货	12,688		-1,132		
14		银河期货	9,220		-519		
15		光大期货	8,620		-3,563		
16		瑞达期货	7,509		336		
17		广发期货	6,912		-318		
18		兴证期货	5,770		2,537		
19		五矿经易	5,475		557		
20		中信建投	5,457		1,151		
总计				413,360		8,257		



会员类别	总成交量	增减		
期货公司会员	608,975		-268,769	

会员类别	总持买单量	增减		
期货公司会员	385,911		24,339		

会员类别	总持卖单量	增减		
期货公司会员	413,360		8,257		

