								大连商品交易所 成交量_买持仓_卖持仓排名	

合约代码：a2111		Date：2021-06-16	

			期货公司会员	

名次		会员简称	成交量		增减		
1		华泰期货	7,073		-10,858		
2		东证期货	5,279		767		
3		华闻期货	4,091		-1,016		
4		中信期货	3,620		-3,046		
5		宏源期货	2,212		30		
6		浙商期货	2,204		230		
7		恒泰期货	1,773		-254		
8		鲁证期货	1,754		-485		
9		方正中期	1,634		-439		
10		申银万国	1,439		-784		
11		瑞达期货	1,133		-533		
12		招商期货	898		-1,128		
13		南华期货	687		-136		
14		金瑞期货	545		30		
15		西南期货	341		-164		
16		国泰君安	319		28		
17		光大期货	224		-176		
18		海通期货	209		-147		
19		国富期货	209		202		
20		银河期货	118		91		
总计				35,762		-17,788		

名次		会员简称	持买单量	增减		
1		东证期货	3,649		60		
2		鲁证期货	2,485		-19		
3		招商期货	2,170		70		
4		宏源期货	2,099		147		
5		光大期货	2,003		2		
6		瑞达期货	1,852		-1		
7		方正中期	1,759		174		
8		恒泰期货	1,706		-4		
9		浙商期货	1,594		-4		
10		大有期货	1,581		0		
11		中信期货	1,540		-3		
12		深圳金汇	1,500		0		
13		西南期货	415		137		
14		中投期货	200		-6		
15		国投安信	193		0		
16		美尔雅期货	151		1		
17		银河期货	115		0		
18		永安期货	105		-11		
19		金瑞期货	86		-62		
20		中粮期货	80		60		
总计				25,283		541		

名次		会员简称	持卖单量	增减		
1		东证期货	4,256		43		
2		鲁证期货	2,568		73		
3		招商期货	2,199		88		
4		宏源期货	2,103		143		
5		光大期货	2,006		2		
6		方正中期	1,899		186		
7		瑞达期货	1,859		-2		
8		恒泰期货	1,707		-5		
9		中信期货	1,691		67		
10		浙商期货	1,534		-2		
11		国泰君安	844		-43		
12		华安期货	327		-2		
13		中投期货	288		-27		
14		银河期货	246		-50		
15		平安期货	177		0		
16		美尔雅期货	172		-1		
17		华泰期货	140		62		
18		中信建投	128		-13		
19		海通期货	127		-6		
20		海证期货	125		-16		
总计				24,396		497		



会员类别	总成交量	增减		
期货公司会员	35,762		-17,788		

会员类别	总持买单量	增减		
期货公司会员	25,283		541		

会员类别	总持卖单量	增减		
期货公司会员	24,396		497		

