								大连商品交易所 成交量_买持仓_卖持仓排名	

合约代码：cs2111		Date：2021-06-16	

			期货公司会员	

名次		会员简称	成交量		增减		
1		国泰君安	4,877		-754		
2		华泰期货	3,217		3,104		
3		东证期货	2,390		-1,582		
4		华闻期货	1,642		-899		
5		银河期货	1,329		1,268		
6		鲁证期货	1,085		-200		
7		光大期货	1,034		-944		
8		国富期货	1,001		93		
9		海通期货	922		-194		
10		浙商期货	842		-59		
11		五矿经易	836		-254		
12		中信期货	721		-56		
13		国投安信	504		462		
14		招商期货	438		-293		
15		徽商期货	382		91		
16		金瑞期货	377		-839		
17		方正中期	373		155		
18		东吴期货	364		13		
19		广发期货	311		296		
20		南华期货	307		-362		
总计				22,952		-954		

名次		会员简称	持买单量	增减		
1		国泰君安	4,158		-67		
2		中信期货	2,642		-19		
3		东证期货	2,604		51		
4		海通期货	2,183		219		
5		招商期货	2,022		-19		
6		南华期货	1,883		-4		
7		国富期货	1,627		146		
8		光大期货	1,595		-11		
9		鲁证期货	1,453		5		
10		五矿经易	1,424		202		
11		浙商期货	1,404		0		
12		银河期货	1,279		502		
13		华泰期货	783		404		
14		永安期货	380		0		
15		中国国际	321		-1		
16		华闻期货	306		-155		
17		长江期货	286		-1		
18		徽商期货	272		-25		
19		国投安信	260		253		
20		广发期货	185		177		
总计				27,067		1,657		

名次		会员简称	持卖单量	增减		
1		中信期货	4,639		16		
2		国泰君安	3,926		-22		
3		东证期货	2,335		71		
4		海通期货	2,027		1		
5		招商期货	2,005		23		
6		南华期货	1,893		-31		
7		国富期货	1,689		163		
8		光大期货	1,558		-5		
9		鲁证期货	1,548		-2		
10		五矿经易	1,424		202		
11		浙商期货	1,414		0		
12		银河期货	1,262		593		
13		财信期货	803		-102		
14		兴证期货	305		11		
15		长江期货	283		0		
16		国投安信	262		251		
17		东吴期货	252		109		
18		英大期货	185		0		
19		华泰期货	174		23		
20		宏源期货	157		1		
总计				28,141		1,302		



会员类别	总成交量	增减		
期货公司会员	22,952		-954		

会员类别	总持买单量	增减		
期货公司会员	27,067		1,657		

会员类别	总持卖单量	增减		
期货公司会员	28,141		1,302		

