								大连商品交易所 成交量_买持仓_卖持仓排名	

合约代码：p2112		Date：2021-06-16	

			期货公司会员	

名次		会员简称	成交量		增减		
1		浙商期货	1,522		1,366		
2		长江期货	860		860		
3		国富期货	805		805		
4		国泰君安	651		-3		
5		华闻期货	509		-122		
6		中信期货	438		0		
7		海证期货	203		198		
8		海通期货	184		-871		
9		银河期货	165		-477		
10		华泰期货	143		-93		
11		光大期货	142		19		
12		中信建投	133		125		
13		五矿经易	126		-13		
14		中粮期货	110		-990		
15		中财期货	104		88		
16		鲁证期货	97		-57		
17		招商期货	59		5		
18		摩根大通	50		50		
19		宏源期货	29		10		
20		中投期货	29		-11		
总计				6,359		889		

名次		会员简称	持买单量	增减		
1		中信期货	5,456		-6		
2		国泰君安	4,302		-3		
3		光大期货	3,637		16		
4		国盛期货	2,500		0		
5		国富期货	2,365		400		
6		浙商期货	1,419		562		
7		海通期货	1,328		89		
8		华闻期货	1,301		1		
9		长江期货	1,220		-430		
10		鲁证期货	1,210		4		
11		五矿经易	1,200		2		
12		招商期货	1,006		11		
13		东证期货	801		0		
14		中衍期货	700		0		
15		华泰期货	687		63		
16		东吴期货	683		-6		
17		财信期货	680		0		
18		中粮期货	652		54		
19		华西期货	430		0		
20		南华期货	420		0		
总计				31,997		757		

名次		会员简称	持卖单量	增减		
1		中信期货	5,454		-4		
2		国泰君安	4,300		-6		
3		光大期货	3,628		4		
4		国盛期货	2,500		0		
5		国富期货	2,371		405		
6		浙商期货	1,419		562		
7		海通期货	1,331		93		
8		华闻期货	1,302		-2		
9		长江期货	1,220		-430		
10		鲁证期货	1,209		5		
11		五矿经易	1,200		2		
12		招商期货	1,000		6		
13		东证期货	917		0		
14		华泰期货	702		64		
15		中衍期货	700		0		
16		财信期货	680		0		
17		东吴期货	668		0		
18		中粮期货	650		54		
19		华西期货	430		0		
20		南华期货	424		1		
总计				32,105		754		



会员类别	总成交量	增减		
期货公司会员	6,359		889		

会员类别	总持买单量	增减		
期货公司会员	31,997		757		

会员类别	总持卖单量	增减		
期货公司会员	32,105		754		

