								大连商品交易所 成交量_买持仓_卖持仓排名	

合约代码：jd2108		Date：2021-06-16	

			期货公司会员	

名次		会员简称	成交量		增减		
1		东证期货	3,243		-2,867		
2		光大期货	1,289		-860		
3		申银万国	945		-1,134		
4		银河期货	867		-814		
5		宏源期货	860		-2		
6		方正中期	820		-842		
7		美尔雅期货	757		-38		
8		国富期货	754		-89		
9		华安期货	753		-429		
10		华闻期货	581		-2,770		
11		永安期货	581		-244		
12		海证期货	579		-511		
13		徽商期货	501		-734		
14		中财期货	487		-725		
15		海通期货	483		-373		
16		鲁证期货	407		-1,273		
17		浙商期货	403		-329		
18		中信期货	392		-174		
19		东吴期货	387		-32		
20		先锋期货	366		150		
总计				15,455		-14,090		

名次		会员简称	持买单量	增减		
1		中财期货	2,036		140		
2		方正中期	1,847		-111		
3		海证期货	1,609		-21		
4		中辉期货	1,371		13		
5		一德期货	1,314		45		
6		徽商期货	1,309		29		
7		中信建投	1,243		3		
8		鲁证期货	1,162		92		
9		永安期货	1,064		156		
10		银河期货	975		-390		
11		光大期货	956		-9		
12		中信期货	937		9		
13		华安期货	805		10		
14		福能期货	762		-18		
15		汇鑫期货	684		3		
16		宏源期货	666		-93		
17		东吴期货	664		-2		
18		九州期货	661		0		
19		北京首创	642		51		
20		物产中大	625		0		
总计				21,332		-93		

名次		会员简称	持卖单量	增减		
1		长江期货	2,184		90		
2		中信建投	1,843		-19		
3		银河期货	1,677		79		
4		徽商期货	1,548		78		
5		海通期货	1,303		-10		
6		方正中期	1,280		93		
7		宏源期货	1,267		307		
8		东吴期货	1,170		-3		
9		渤海期货	1,047		19		
10		格林大华	1,017		-4		
11		浙商期货	978		119		
12		中银期货	891		16		
13		招金期货	826		-101		
14		宁证期货	816		2		
15		广发期货	792		0		
16		国泰君安	764		-106		
17		华安期货	760		-239		
18		物产中大	748		2		
19		国富期货	727		84		
20		中财期货	705		77		
总计				22,343		484		



会员类别	总成交量	增减		
期货公司会员	15,455		-14,090		

会员类别	总持买单量	增减		
期货公司会员	21,332		-93		

会员类别	总持卖单量	增减		
期货公司会员	22,343		484		

