								大连商品交易所 成交量_买持仓_卖持仓排名	

合约代码：eb2110		Date：2021-06-16	

			期货公司会员	

名次		会员简称	成交量		增减		
1		华闻期货	1,149		-257		
2		国泰君安	885		-64		
3		中信期货	714		139		
4		长江期货	669		444		
5		光大期货	622		-382		
6		国富期货	609		241		
7		永安期货	590		178		
8		华泰期货	579		-123		
9		财信期货	557		507		
10		中信建投	508		179		
11		徽商期货	454		213		
12		东证期货	451		446		
13		五矿经易	404		44		
14		宝城期货	344		344		
15		中粮期货	335		-11		
16		大有期货	203		173		
17		国投安信	176		8		
18		宏源期货	163		-71		
19		银河期货	162		-22		
20		东吴期货	130		123		
总计				9,704		2,109		

名次		会员简称	持买单量	增减		
1		华泰期货	3,350		75		
2		国泰君安	2,449		153		
3		五矿经易	2,286		198		
4		永安期货	2,104		-1		
5		国富期货	1,738		-48		
6		中信期货	1,716		168		
7		中信建投	1,530		5		
8		国投安信	1,335		77		
9		长江期货	1,300		45		
10		中粮期货	650		150		
11		宝城期货	316		315		
12		红塔期货	200		0		
13		财信期货	166		71		
14		徽商期货	160		72		
15		大有期货	133		53		
16		天风期货	108		0		
17		方正中期	100		0		
18		一德期货	90		0		
19		华闻期货	67		33		
20		冠通期货	62		0		
总计				19,860		1,366		

名次		会员简称	持卖单量	增减		
1		华泰期货	3,329		60		
2		永安期货	2,582		-1		
3		国泰君安	2,369		144		
4		五矿经易	2,286		198		
5		中信期货	1,894		166		
6		国富期货	1,757		-9		
7		中信建投	1,525		5		
8		国投安信	1,301		77		
9		长江期货	1,293		40		
10		东证期货	692		451		
11		中粮期货	654		149		
12		浙商期货	150		0		
13		中财期货	67		-21		
14		宏源期货	61		58		
15		宝城期货	60		29		
16		天风期货	60		-1		
17		海证期货	55		0		
18		恒泰期货	40		0		
19		西南期货	38		38		
20		迈科期货	33		-11		
总计				20,246		1,372		



会员类别	总成交量	增减		
期货公司会员	9,704		2,109		

会员类别	总持买单量	增减		
期货公司会员	19,860		1,366		

会员类别	总持卖单量	增减		
期货公司会员	20,246		1,372		

