								大连商品交易所 成交量_买持仓_卖持仓排名	

合约代码：c2105		Date：2020-08-06	

			期货公司会员	

名次		会员简称	成交量		增减		
1		东证期货	14,643		5,393		
2		光大期货	9,225		2,437		
3		华泰期货	7,836		955		
4		永安期货	6,852		4,425		
5		南华期货	6,820		6,403		
6		徽商期货	4,583		2,740		
7		华闻期货	4,396		2,515		
8		中天期货	4,007		621		
9		金瑞期货	3,878		-2,573		
10		一德期货	3,102		2,334		
11		福能期货	2,650		1,644		
12		中信期货	2,591		375		
13		先锋期货	2,332		1,923		
14		创元期货	2,257		1,728		
15		银河期货	2,097		-153		
16		海通期货	2,020		1,361		
17		摩根大通	2,000		2,000		
18		华安期货	1,968		742		
19		国投安信	1,956		1,369		
20		兴证期货	1,850		644		
总计				87,063		36,883		

名次		会员简称	持买单量	增减		
1		鲁证期货	42,657		1,109		
2		北京首创	33,040		124		
3		国泰君安	28,690		-59		
4		一德期货	21,354		2,982		
5		中信期货	18,041		1,083		
6		光大期货	16,945		21		
7		中信建投	10,662		-814		
8		华泰期货	8,890		-50		
9		永安期货	8,018		141		
10		中州期货	7,805		-998		
11		中粮期货	7,303		-545		
12		招金期货	6,262		12		
13		徽商期货	6,044		508		
14		东吴期货	5,749		999		
15		摩根大通	5,657		-2,000		
16		东海期货	5,325		1,192		
17		混沌天成	4,575		850		
18		金瑞期货	4,273		865		
19		中辉期货	4,230		361		
20		金元期货	3,424		1,634		
总计				248,944		7,415		

名次		会员简称	持卖单量	增减		
1		永安期货	43,912		1,085		
2		南华期货	30,367		5,836		
3		中粮期货	27,876		94		
4		光大期货	26,217		-228		
5		金瑞期货	22,614		3		
6		中信期货	19,574		610		
7		华融融达	14,778		245		
8		华泰期货	12,837		160		
9		国投安信	11,782		-115		
10		海证期货	11,536		54		
11		鲁证期货	11,174		47		
12		东证期货	8,166		-67		
13		浙商期货	5,222		-602		
14		北京首创	4,858		5		
15		五矿经易	4,356		228		
16		建信期货	4,182		422		
17		美尔雅期货	3,442		34		
18		国泰君安	3,298		-10		
19		东海期货	2,589		-3		
20		徽商期货	2,480		35		
总计				271,260		7,833		



会员类别	总成交量	增减		
期货公司会员	87,063		36,883		

会员类别	总持买单量	增减		
期货公司会员	248,944		7,415		

会员类别	总持卖单量	增减		
期货公司会员	271,260		7,833		

