								大连商品交易所 成交量_买持仓_卖持仓排名	

合约代码：a2101		Date：2020-08-06	

			期货公司会员	

名次		会员简称	成交量		增减		
1		华泰期货	7,191		-9,210		
2		国投安信	2,636		605		
3		中信期货	2,618		-2,506		
4		海通期货	1,827		-2,154		
5		华安期货	1,678		-1,369		
6		申银万国	1,508		-2,107		
7		银河期货	1,221		-634		
8		徽商期货	1,192		-2,449		
9		永安期货	1,143		-5,601		
10		东证期货	1,114		-2,074		
11		长江期货	1,017		-492		
12		国泰君安	933		-3,061		
13		北京首创	834		-1,772		
14		国联期货	829		-355		
15		国富期货	786		-882		
16		招金期货	709		-1,648		
17		宏源期货	664		-988		
18		新纪元期货	613		-148		
19		中信建投	602		-609		
20		金元期货	598		241		
总计				29,713		-37,213		

名次		会员简称	持买单量	增减		
1		信达期货	5,199		19		
2		中信期货	4,877		-246		
3		深圳金汇	4,107		0		
4		国投安信	3,831		262		
5		新湖期货	2,864		-35		
6		中粮期货	2,254		-2		
7		永安期货	1,738		-129		
8		宏源期货	1,468		-196		
9		方正中期	1,397		12		
10		海证期货	1,134		39		
11		瑞达期货	1,058		47		
12		平安期货	1,043		-12		
13		五矿经易	987		19		
14		鲁证期货	848		-17		
15		大地期货	816		58		
16		东证期货	753		-5		
17		东吴期货	676		-55		
18		英大期货	624		-4		
19		银河期货	615		-54		
20		中财期货	609		-36		
总计				36,898		-335		

名次		会员简称	持卖单量	增减		
1		国投安信	5,284		-1,402		
2		鲁证期货	3,965		-50		
3		永安期货	3,429		-164		
4		一德期货	3,091		-384		
5		华安期货	2,883		-217		
6		银河期货	2,863		-9		
7		北京首创	2,431		-784		
8		招金期货	1,862		197		
9		浙商期货	1,830		-1		
10		徽商期货	1,804		297		
11		广发期货	1,663		19		
12		天风期货	1,635		4		
13		金元期货	1,538		188		
14		国泰君安	1,494		29		
15		迈科期货	1,424		-44		
16		浙江新世纪	1,331		362		
17		广州金控	1,138		-52		
18		中信期货	1,020		12		
19		中粮期货	824		4		
20		方正中期	801		2		
总计				42,310		-1,993		



会员类别	总成交量	增减		
期货公司会员	29,713		-37,213		

会员类别	总持买单量	增减		
期货公司会员	36,898		-335		

会员类别	总持卖单量	增减		
期货公司会员	42,310		-1,993		

