								大连商品交易所 成交量_买持仓_卖持仓排名	

合约代码：j2101		Date：2020-08-06	

			期货公司会员	

名次		会员简称	成交量		增减		
1		东证期货	7,226		1,364		
2		华泰期货	1,526		-347		
3		国富期货	1,338		119		
4		申银万国	1,173		-711		
5		光大期货	1,132		-560		
6		永安期货	1,111		-346		
7		中信期货	1,110		453		
8		宝城期货	1,030		949		
9		一德期货	932		187		
10		国信期货	905		-368		
11		银河期货	826		292		
12		徽商期货	742		84		
13		方正中期	728		-59		
14		华安期货	711		-126		
15		国泰君安	675		-16		
16		安粮期货	485		-193		
17		南华期货	477		396		
18		新纪元期货	461		194		
19		渤海期货	449		8		
20		中辉期货	445		-376		
总计				23,482		944		

名次		会员简称	持买单量	增减		
1		东证期货	3,613		2,132		
2		东海期货	2,777		12		
3		中信建投	2,414		57		
4		永安期货	1,985		19		
5		国泰君安	1,514		109		
6		银河期货	1,270		-7		
7		华泰期货	1,089		-68		
8		摩根大通	1,067		24		
9		国投安信	1,026		57		
10		鲁证期货	1,013		31		
11		申银万国	901		-307		
12		方正中期	841		5		
13		五矿经易	797		-137		
14		信达期货	713		22		
15		浙商期货	674		31		
16		北京首创	660		200		
17		国富期货	619		-157		
18		光大期货	595		-163		
19		海通期货	588		49		
20		宝城期货	575		-503		
总计				24,731		1,406		

名次		会员简称	持卖单量	增减		
1		东证期货	3,059		1,770		
2		一德期货	2,894		473		
3		华泰期货	2,644		68		
4		永安期货	2,332		174		
5		中信建投	2,169		12		
6		国投安信	1,519		21		
7		新湖期货	1,309		53		
8		银河期货	1,236		3		
9		中信期货	1,200		86		
10		天风期货	1,086		-7		
11		大越期货	813		-1		
12		浙商期货	768		6		
13		兴业期货	732		15		
14		鲁证期货	701		-66		
15		光大期货	695		-35		
16		申银万国	687		-342		
17		国信期货	651		87		
18		宝城期货	591		-501		
19		五矿经易	429		110		
20		方正中期	422		-17		
总计				25,937		1,909		



会员类别	总成交量	增减		
期货公司会员	23,482		944		

会员类别	总持买单量	增减		
期货公司会员	24,731		1,406		

会员类别	总持卖单量	增减		
期货公司会员	25,937		1,909		

