								大连商品交易所 成交量_买持仓_卖持仓排名	

合约代码：jd2010		Date：2020-08-06	

			期货公司会员	

名次		会员简称	成交量		增减		
1		东证期货	27,364		9,304		
2		海通期货	13,816		7,071		
3		国泰君安	9,141		4,078		
4		华安期货	8,913		4,218		
5		徽商期货	8,193		3,616		
6		宏源期货	8,093		3,822		
7		申银万国	7,145		2,826		
8		方正中期	6,789		2,735		
9		国富期货	5,279		1,385		
10		光大期货	5,263		1,644		
11		中信建投	5,131		1,960		
12		华泰期货	5,130		3,306		
13		天风期货	4,777		2,720		
14		安粮期货	3,988		1,622		
15		南华期货	3,951		3,200		
16		东方财富	3,766		2,148		
17		先锋期货	3,718		1,946		
18		中辉期货	3,379		1,412		
19		中信期货	3,091		346		
20		永安期货	2,935		1,402		
总计				139,862		60,761		

名次		会员简称	持买单量	增减		
1		方正中期	4,456		5		
2		徽商期货	3,641		98		
3		南华期货	2,958		212		
4		东方财富	2,766		505		
5		中信期货	2,631		83		
6		光大期货	2,415		96		
7		国泰君安	2,415		-878		
8		华泰期货	2,168		136		
9		永安期货	2,113		-65		
10		东证期货	2,087		465		
11		华安期货	1,952		48		
12		长江期货	1,873		231		
13		银河期货	1,718		-107		
14		华创期货	1,713		1,348		
15		海通期货	1,606		212		
16		宏源期货	1,535		-408		
17		中信建投	1,453		-323		
18		鲁证期货	1,432		-128		
19		广发期货	1,375		-5		
20		中辉期货	1,305		49		
总计				43,612		1,574		

名次		会员简称	持卖单量	增减		
1		海通期货	4,527		2,830		
2		中信建投	3,751		292		
3		永安期货	3,627		700		
4		华安期货	3,488		-551		
5		东证期货	3,465		-325		
6		美尔雅期货	2,574		752		
7		浙商期货	2,520		34		
8		先锋期货	2,478		202		
9		新湖期货	2,400		487		
10		徽商期货	2,297		-133		
11		宏源期货	2,275		-701		
12		中信期货	2,231		166		
13		华泰期货	2,127		740		
14		福能期货	2,009		31		
15		中财期货	1,732		448		
16		方正中期	1,523		-554		
17		招商期货	1,521		-30		
18		国海良时	1,489		-259		
19		北京首创	1,481		151		
20		国泰君安	1,478		-735		
总计				48,993		3,545		



会员类别	总成交量	增减		
期货公司会员	139,862		60,761		

会员类别	总持买单量	增减		
期货公司会员	43,612		1,574		

会员类别	总持卖单量	增减		
期货公司会员	48,993		3,545		

