								大连商品交易所 成交量_买持仓_卖持仓排名	

合约代码：eg2101		Date：2020-08-06	

			期货公司会员	

名次		会员简称	成交量		增减		
1		东证期货	22,119		3,315		
2		宝城期货	6,104		3,759		
3		永安期货	5,089		394		
4		东海期货	4,472		1,789		
5		光大期货	4,425		985		
6		华泰期货	4,058		-1,014		
7		国富期货	2,542		8		
8		徽商期货	2,351		-163		
9		中信期货	1,978		-507		
10		海通期货	1,962		215		
11		华安期货	1,794		8		
12		弘业期货	1,736		1,462		
13		南华期货	1,503		375		
14		华闻期货	1,448		-1,339		
15		银河期货	1,376		191		
16		创元期货	1,335		-72		
17		一德期货	1,320		499		
18		方正中期	1,297		-634		
19		浙商期货	1,278		339		
20		国投安信	1,265		237		
总计				69,452		9,847		

名次		会员简称	持买单量	增减		
1		通惠期货	16,910		0		
2		新湖期货	6,110		-7		
3		华泰期货	5,690		6		
4		国元期货	4,512		77		
5		华安期货	4,353		150		
6		宏源期货	4,151		72		
7		中信期货	3,803		56		
8		兴业期货	3,403		5		
9		招商期货	2,761		84		
10		东吴期货	2,759		-119		
11		东证期货	2,525		-24		
12		国投安信	2,269		85		
13		一德期货	1,924		1,081		
14		国富期货	1,822		14		
15		建信期货	1,745		316		
16		福能期货	1,618		22		
17		徽商期货	1,499		-180		
18		申银万国	1,432		224		
19		永安期货	1,349		-265		
20		银河期货	1,314		-323		
总计				71,949		1,274		

名次		会员简称	持卖单量	增减		
1		永安期货	20,295		-832		
2		国贸期货	10,692		-144		
3		天风期货	9,257		87		
4		华泰期货	7,719		480		
5		宝城期货	7,209		-825		
6		中信期货	4,694		426		
7		五矿经易	4,427		-10		
8		国泰君安	3,674		31		
9		方正中期	2,865		145		
10		银河期货	2,279		85		
11		鲁证期货	1,385		-86		
12		申银万国	1,297		-35		
13		东证期货	1,287		-123		
14		浙商期货	1,270		115		
15		兴业期货	1,199		-1,065		
16		红塔期货	986		0		
17		弘业期货	963		905		
18		一德期货	936		-27		
19		中财期货	880		121		
20		信达期货	875		119		
总计				84,189		-633		



会员类别	总成交量	增减		
期货公司会员	69,452		9,847		

会员类别	总持买单量	增减		
期货公司会员	71,949		1,274		

会员类别	总持卖单量	增减		
期货公司会员	84,189		-633		

