								大连商品交易所 成交量_买持仓_卖持仓排名	

合约代码：rr2010		Date：2020-08-06	

			期货公司会员	

名次		会员简称	成交量		增减		
1		东证期货	2,994		519		
2		方正中期	2,879		1,279		
3		海通期货	2,440		692		
4		国泰君安	2,222		1,387		
5		申银万国	1,880		578		
6		光大期货	1,553		-649		
7		五矿经易	1,436		-9		
8		华闻期货	1,335		-1,243		
9		永安期货	1,302		364		
10		中信建投	1,264		110		
11		中原期货	1,214		-92		
12		格林大华	1,154		300		
13		浙商期货	1,032		202		
14		国富期货	966		-199		
15		国海良时	744		-44		
16		美尔雅期货	714		-121		
17		鲁证期货	314		-145		
18		安粮期货	270		204		
19		徽商期货	246		-100		
20		东方财富	245		129		
总计				26,204		3,162		

名次		会员简称	持买单量	增减		
1		浙商期货	1,789		-246		
2		方正中期	1,422		54		
3		中信建投	1,155		57		
4		光大期货	1,031		-120		
5		海通期货	1,025		2		
6		五矿经易	1,001		-100		
7		永安期货	972		-223		
8		宏源期货	880		30		
9		格林大华	648		7		
10		国海良时	482		8		
11		国泰君安	455		0		
12		安粮期货	444		33		
13		中原期货	331		-5		
14		鲁证期货	309		78		
15		申银万国	258		-93		
16		东海期货	209		-132		
17		南华期货	149		35		
18		一德期货	149		-12		
19		天风期货	134		8		
20		银河期货	99		4		
总计				12,942		-615		

名次		会员简称	持卖单量	增减		
1		北京首创	1,900		60		
2		浙商期货	1,755		-250		
3		方正中期	1,299		-1		
4		五矿经易	1,053		-120		
5		光大期货	1,015		-109		
6		华安期货	1,008		-8		
7		中信建投	984		3		
8		海通期货	912		0		
9		永安期货	824		-53		
10		格林大华	614		-1		
11		国投安信	515		-71		
12		国海良时	480		8		
13		中原期货	300		-5		
14		申银万国	257		27		
15		中州期货	201		1		
16		国富期货	200		-1		
17		东方财富	150		49		
18		美尔雅期货	130		6		
19		天风期货	114		-117		
20		东证期货	99		-18		
总计				13,810		-600		



会员类别	总成交量	增减		
期货公司会员	26,204		3,162		

会员类别	总持买单量	增减		
期货公司会员	12,942		-615		

会员类别	总持卖单量	增减		
期货公司会员	13,810		-600		

