								大连商品交易所 成交量_买持仓_卖持仓排名	

合约代码：i2010		Date：2020-08-06	

			期货公司会员	

名次		会员简称	成交量		增减		
1		华闻期货	7,030		-2,560		
2		东证期货	6,783		2,562		
3		申银万国	4,146		-560		
4		光大期货	3,035		-209		
5		国泰君安	2,749		-2,900		
6		新湖期货	2,719		-345		
7		方正中期	2,489		-1,658		
8		锦泰期货	1,883		-67		
9		东吴期货	1,682		1,661		
10		中信期货	1,373		-769		
11		永安期货	1,085		-1,177		
12		中信建投	997		-289		
13		宏源期货	949		-1,596		
14		五矿经易	938		-1,572		
15		弘业期货	911		-271		
16		鲁证期货	708		-696		
17		国海良时	545		265		
18		浙商期货	535		-263		
19		南华期货	518		12		
20		华西期货	506		94		
总计				41,581		-10,338		

名次		会员简称	持买单量	增减		
1		方正中期	1,399		66		
2		招商期货	999		2		
3		东吴期货	828		828		
4		永安期货	822		12		
5		中信期货	792		147		
6		国投安信	732		18		
7		南华期货	710		-6		
8		五矿经易	642		-66		
9		宏源期货	620		-59		
10		中信建投	600		150		
11		弘业期货	498		-4		
12		海通期货	450		26		
13		鲁证期货	413		0		
14		浙商期货	323		-201		
15		华西期货	310		274		
16		国富期货	215		91		
17		冠通期货	200		0		
18		锦泰期货	196		124		
19		北京首创	185		88		
20		申银万国	182		5		
总计				11,116		1,495		

名次		会员简称	持卖单量	增减		
1		招商期货	1,373		21		
2		永安期货	923		7		
3		东吴期货	843		838		
4		中信期货	804		178		
5		国投安信	769		20		
6		南华期货	713		0		
7		海通期货	713		-9		
8		方正中期	700		61		
9		五矿经易	642		-66		
10		中信建投	625		161		
11		宏源期货	618		-66		
12		弘业期货	509		5		
13		鲁证期货	416		0		
14		国泰君安	327		287		
15		深圳金汇	224		0		
16		光大期货	222		97		
17		冠通期货	220		20		
18		长江期货	170		126		
19		申银万国	165		-19		
20		国海良时	151		6		
总计				11,127		1,667		



会员类别	总成交量	增减		
期货公司会员	41,581		-10,338		

会员类别	总持买单量	增减		
期货公司会员	11,116		1,495		

会员类别	总持卖单量	增减		
期货公司会员	11,127		1,667		

