								大连商品交易所 成交量_买持仓_卖持仓排名	

合约代码：v2101		Date：2020-08-06	

			期货公司会员	

名次		会员简称	成交量		增减		
1		东证期货	22,320		-3,103		
2		中信建投	11,010		-176		
3		华金期货	7,388		1,498		
4		中信期货	6,211		-1,886		
5		永安期货	5,139		993		
6		国泰君安	4,875		260		
7		国富期货	4,748		227		
8		方正中期	4,266		1,438		
9		鲁证期货	3,877		1,405		
10		中财期货	3,378		2,308		
11		宏源期货	2,953		191		
12		申银万国	2,700		1,551		
13		光大期货	2,697		-181		
14		长江期货	2,559		-131		
15		浙商期货	1,999		1,117		
16		华泰期货	1,996		-925		
17		一德期货	1,865		-784		
18		中国国际	1,610		1,030		
19		中辉期货	1,559		780		
20		安粮期货	1,554		506		
总计				94,704		6,118		

名次		会员简称	持买单量	增减		
1		永安期货	15,202		441		
2		国泰君安	9,755		680		
3		一德期货	5,910		299		
4		鲁证期货	4,866		1,269		
5		银河期货	3,912		584		
6		南华期货	3,706		9		
7		中信期货	3,676		1,096		
8		信达期货	2,669		216		
9		东证期货	2,643		337		
10		长江期货	2,277		302		
11		华泰期货	2,185		480		
12		方正中期	1,934		-232		
13		中信建投	1,889		-8,881		
14		华金期货	1,668		373		
15		广发期货	1,529		806		
16		广州期货	1,500		159		
17		摩根大通	1,384		28		
18		宏源期货	1,148		66		
19		新晟期货	1,148		146		
20		中大期货	1,099		9		
总计				70,100		-1,813		

名次		会员简称	持卖单量	增减		
1		国信期货	12,632		619		
2		国贸期货	10,558		-373		
3		中财期货	7,664		1,324		
4		永安期货	5,683		588		
5		浙商期货	5,334		1,078		
6		银河期货	4,611		69		
7		申银万国	3,897		-249		
8		方正中期	3,653		-190		
9		国投安信	3,103		421		
10		华泰期货	3,056		204		
11		大越期货	3,047		-108		
12		大地期货	2,528		-104		
13		国泰君安	2,075		323		
14		中粮期货	1,842		486		
15		中信期货	1,757		-29		
16		中国国际	1,681		372		
17		华金期货	1,507		-893		
18		中信建投	1,506		-15		
19		信达期货	1,451		461		
20		新湖期货	1,358		238		
总计				78,943		4,222		



会员类别	总成交量	增减		
期货公司会员	94,704		6,118		

会员类别	总持买单量	增减		
期货公司会员	70,100		-1,813		

会员类别	总持卖单量	增减		
期货公司会员	78,943		4,222		

