								大连商品交易所 成交量_买持仓_卖持仓排名	

合约代码：m2101		Date：2020-08-06	

			期货公司会员	

名次		会员简称	成交量		增减		
1		东证期货	278,440		-37,693		
2		国泰君安	196,088		65,645		
3		格林大华	117,981		-18,805		
4		国富期货	74,209		-11,524		
5		中信期货	55,063		5,080		
6		海通期货	50,587		23,750		
7		永安期货	40,586		18,709		
8		华泰期货	37,368		5,202		
9		光大期货	34,328		2,490		
10		方正中期	29,922		3,790		
11		银河期货	27,936		-245		
12		国投安信	25,401		-375		
13		东方财富	23,365		-11,085		
14		兴证期货	22,760		-6,646		
15		申银万国	21,673		-887		
16		徽商期货	18,972		-2,285		
17		中粮期货	18,416		-14,490		
18		华安期货	17,631		482		
19		中国国际	17,468		3,127		
20		中信建投	16,638		-7,410		
总计				1,124,832	16,830		

名次		会员简称	持买单量	增减		
1		永安期货	94,811		2,758		
2		中粮期货	73,030		1,669		
3		中信期货	57,892		1,821		
4		银河期货	42,093		-581		
5		一德期货	41,433		-78		
6		宏源期货	33,681		186		
7		南华期货	31,556		1,654		
8		五矿经易	31,440		-3,493		
9		方正中期	30,616		-439		
10		新湖期货	29,183		668		
11		国投安信	28,784		-1,184		
12		国泰君安	28,475		-1,674		
13		华泰期货	27,065		1,860		
14		东证期货	25,522		205		
15		瑞达期货	23,967		594		
16		摩根大通	22,938		26		
17		徽商期货	20,209		2,452		
18		国盛期货	19,679		2,211		
19		浙商期货	19,625		-2,485		
20		申银万国	19,486		-1,431		
总计				701,485		4,739		

名次		会员简称	持卖单量	增减		
1		中粮期货	176,029		-3,743		
2		国投安信	158,586		-4,157		
3		中信期货	120,193		2,272		
4		银河期货	91,377		445		
5		摩根大通	70,602		5,177		
6		国泰君安	61,993		-346		
7		一德期货	50,190		-1,154		
8		新湖期货	40,651		-72		
9		平安期货	37,602		0		
10		鲁证期货	36,132		-1,390		
11		东证期货	26,752		359		
12		北京首创	21,209		583		
13		中天期货	19,863		450		
14		永安期货	18,540		1,960		
15		海通期货	17,683		-6,824		
16		中信建投	16,562		-12		
17		广发期货	15,871		-2,023		
18		华泰期货	14,516		730		
19		五矿经易	13,175		-658		
20		南华期货	13,110		2,470		
总计				1,020,636	-5,933		



会员类别	总成交量	增减		
期货公司会员	1,124,832	16,830		

会员类别	总持买单量	增减		
期货公司会员	701,485		4,739		

会员类别	总持卖单量	增减		
期货公司会员	1,020,636	-5,933		

