								大连商品交易所 成交量_买持仓_卖持仓排名	

合约代码：i2009		Date：2020-08-06	

			期货公司会员	

名次		会员简称	成交量		增减		
1		国泰君安	79,347		2,221		
2		申银万国	78,431		23,963		
3		国富期货	65,423		3,623		
4		东证期货	59,183		9,052		
5		银河期货	55,512		18,982		
6		光大期货	54,855		11,682		
7		方正中期	53,661		4,539		
8		中信期货	50,473		2,321		
9		永安期货	31,516		2,719		
10		华泰期货	27,894		403		
11		徽商期货	27,461		4,249		
12		海通期货	23,649		-10,425		
13		广发期货	23,577		9,513		
14		中辉期货	21,478		5,688		
15		冠通期货	19,022		-6,986		
16		安粮期货	17,161		4,138		
17		天风期货	15,471		9,343		
18		华安期货	14,331		-3,561		
19		美尔雅期货	14,223		1,699		
20		华闻期货	13,321		-4,498		
总计				745,989		88,665		

名次		会员简称	持买单量	增减		
1		国泰君安	49,703		2,538		
2		永安期货	39,814		-10,413		
3		中信期货	28,880		-2,696		
4		方正中期	21,826		3,327		
5		华泰期货	18,602		-2,624		
6		银河期货	18,167		-852		
7		东证期货	16,883		-4,596		
8		海通期货	16,484		2,120		
9		一德期货	14,090		1,098		
10		兴证期货	13,325		-2,188		
11		申银万国	9,170		-1,320		
12		美尔雅期货	9,104		1,561		
13		摩根大通	7,729		1,081		
14		中辉期货	7,399		-380		
15		东航期货	7,385		-381		
16		浙商期货	7,306		-452		
17		鲁证期货	7,243		876		
18		光大期货	6,546		-3,474		
19		江苏东华	6,529		-502		
20		安粮期货	6,284		2,968		
总计				312,469		-14,309		

名次		会员简称	持卖单量	增减		
1		中信期货	40,618		-77		
2		银河期货	23,190		-748		
3		永安期货	23,182		-2,180		
4		浙商期货	22,857		-1,682		
5		大地期货	21,858		-56		
6		华泰期货	18,695		-2,439		
7		一德期货	16,522		-998		
8		广发期货	14,019		-2,710		
9		东证期货	13,304		-1,537		
10		国泰君安	11,779		-700		
11		东兴期货	11,701		-181		
12		五矿经易	11,628		-651		
13		中钢期货	11,415		-156		
14		道通期货	10,867		-2,160		
15		海通期货	10,477		-3,534		
16		国投安信	10,303		-1,337		
17		申银万国	10,034		4,465		
18		宝城期货	9,679		513		
19		天风期货	9,438		-871		
20		建信期货	8,890		-768		
总计				310,456		-17,807		



会员类别	总成交量	增减		
期货公司会员	745,989		88,665		

会员类别	总持买单量	增减		
期货公司会员	312,469		-14,309		

会员类别	总持卖单量	增减		
期货公司会员	310,456		-17,807		

