								大连商品交易所 成交量_买持仓_卖持仓排名	

合约代码：cs2101		Date：2020-08-06	

			期货公司会员	

名次		会员简称	成交量		增减		
1		华泰期货	8,317		3,979		
2		中信期货	3,465		-720		
3		国泰君安	2,283		443		
4		海通期货	1,936		762		
5		中融汇信	1,818		1,717		
6		徽商期货	1,743		404		
7		光大期货	1,431		-22		
8		金瑞期货	1,335		1,040		
9		东证期货	1,250		320		
10		华安期货	1,241		91		
11		国联期货	1,199		1,079		
12		方正中期	1,170		154		
13		银河期货	1,155		-429		
14		广发期货	1,107		898		
15		安粮期货	1,050		275		
16		华闻期货	985		299		
17		中辉期货	835		662		
18		国富期货	789		-223		
19		中信建投	684		430		
20		中粮期货	638		-204		
总计				34,431		10,955		

名次		会员简称	持买单量	增减		
1		鲁证期货	5,649		-21		
2		中信期货	3,477		262		
3		一德期货	3,380		-34		
4		弘业期货	3,047		7		
5		中财期货	2,207		150		
6		中粮期货	1,781		12		
7		方正中期	923		4		
8		国泰君安	905		56		
9		中国国际	842		-11		
10		安粮期货	825		-227		
11		国海良时	816		-5		
12		南华期货	809		396		
13		徽商期货	705		21		
14		国信期货	635		277		
15		中信建投	570		104		
16		国富期货	567		-151		
17		银河期货	552		-142		
18		宏源期货	540		89		
19		摩根大通	525		0		
20		东证期货	446		46		
总计				29,201		833		

名次		会员简称	持卖单量	增减		
1		中粮期货	5,318		-344		
2		东证期货	2,733		-122		
3		中信期货	2,569		-211		
4		国泰君安	2,483		39		
5		永安期货	2,431		29		
6		银河期货	1,746		-135		
7		上海大陆	1,545		-2		
8		北京首创	1,406		-3		
9		国投安信	1,232		-224		
10		广发期货	1,076		997		
11		国富期货	1,016		32		
12		中财期货	812		-33		
13		瑞达期货	735		-100		
14		国金期货	709		200		
15		中融汇信	649		644		
16		华泰期货	525		-128		
17		鲁证期货	524		401		
18		上海中期	523		5		
19		华安期货	519		62		
20		中辉期货	477		-104		
总计				29,028		1,003		



会员类别	总成交量	增减		
期货公司会员	34,431		10,955		

会员类别	总持买单量	增减		
期货公司会员	29,201		833		

会员类别	总持卖单量	增减		
期货公司会员	29,028		1,003		

