								大连商品交易所 成交量_买持仓_卖持仓排名	

合约代码：m2009		Date：2020-08-06	

			期货公司会员	

名次		会员简称	成交量		增减		
1		东证期货	167,577		4,441		
2		国泰君安	102,500		-15,632		
3		光大期货	31,799		7,069		
4		华泰期货	30,084		3,836		
5		海通期货	27,566		7,730		
6		国投安信	20,920		616		
7		兴证期货	20,618		-15,170		
8		中信期货	19,211		-6,583		
9		中粮期货	18,613		1,835		
10		银河期货	17,814		-9,538		
11		国富期货	14,953		-3,750		
12		南华期货	13,489		1,793		
13		永安期货	12,154		3,979		
14		宏源期货	11,846		349		
15		广发期货	11,177		6,888		
16		一德期货	10,227		2,041		
17		徽商期货	9,112		1,240		
18		中财期货	9,111		4,354		
19		鲁证期货	8,652		3,013		
20		东方财富	7,871		4,041		
总计				565,294		2,552		

名次		会员简称	持买单量	增减		
1		永安期货	51,689		-3,001		
2		中粮期货	24,248		-1,890		
3		宏源期货	24,236		-3,429		
4		鲁证期货	23,449		1,243		
5		国投安信	21,052		-5,436		
6		一德期货	18,634		41		
7		安粮期货	17,201		577		
8		国泰君安	15,441		-1,773		
9		中信期货	15,176		-144		
10		倍特期货	15,169		-82		
11		摩根大通	14,928		-225		
12		浙商期货	14,679		-349		
13		混沌天成	12,913		464		
14		华泰期货	12,696		-2,452		
15		建信期货	12,153		-402		
16		五矿经易	12,100		-49		
17		华闻期货	11,684		-5,137		
18		海证期货	10,223		-154		
19		银河期货	10,098		-613		
20		南华期货	9,456		-1,317		
总计				347,225		-24,128		

名次		会员简称	持卖单量	增减		
1		中粮期货	99,864		-5,988		
2		国投安信	78,223		-5,122		
3		广发期货	39,601		-2,503		
4		永安期货	30,509		-2,893		
5		中信期货	28,655		-3,237		
6		国泰君安	23,517		5,383		
7		五矿经易	23,416		49		
8		一德期货	20,361		-4,450		
9		鲁证期货	18,770		-1,381		
10		南华期货	18,596		-386		
11		新湖期货	17,049		-1,209		
12		银河期货	16,953		-4,033		
13		国盛期货	16,865		-2,385		
14		建信期货	14,445		29		
15		北京首创	12,919		-1,861		
16		摩根大通	9,851		-5,938		
17		海通期货	9,524		-5,978		
18		浙商期货	8,324		-771		
19		中国国际	7,448		1,628		
20		瑞达期货	7,160		-303		
总计				502,050		-41,349		



会员类别	总成交量	增减		
期货公司会员	565,294		2,552		

会员类别	总持买单量	增减		
期货公司会员	347,225		-24,128		

会员类别	总持卖单量	增减		
期货公司会员	502,050		-41,349		

