								大连商品交易所 成交量_买持仓_卖持仓排名	

合约代码：j2101		Date：2020-11-11	

			期货公司会员	

名次		会员简称	成交量		增减		
1		东证期货	58,444		-9,667		
2		国富期货	35,724		-12,712		
3		中信期货	20,176		-11,446		
4		国泰君安	14,939		-11,453		
5		中辉期货	14,348		-1,687		
6		海通期货	13,746		-3,711		
7		光大期货	11,518		-12,576		
8		方正中期	9,533		-8,634		
9		申银万国	9,260		-8,790		
10		徽商期货	8,679		-10,908		
11		山西三立	8,431		-3,460		
12		银河期货	8,076		-8,115		
13		东吴期货	7,675		-4,555		
14		弘业期货	6,543		-1,075		
15		华泰期货	6,247		-5,896		
16		上海东亚	6,090		-3,680		
17		瑞达期货	5,167		141		
18		先锋期货	5,141		-1,236		
19		永安期货	5,115		-4,531		
20		华安期货	4,606		-4,302		
总计				259,458		-128,293	

名次		会员简称	持买单量	增减		
1		东证期货	12,800		-7,664		
2		国泰君安	8,660		1,128		
3		国富期货	8,550		-2,223		
4		中信期货	7,992		-1,771		
5		安粮期货	7,405		313		
6		海通期货	5,229		240		
7		方正中期	5,030		-63		
8		永安期货	4,304		197		
9		银河期货	4,202		-415		
10		中信建投	3,682		-280		
11		东海期货	3,643		-306		
12		兴证期货	3,500		-778		
13		浙商期货	3,486		1,022		
14		宏源期货	3,332		-389		
15		一德期货	3,313		497		
16		华泰期货	3,265		-205		
17		中辉期货	3,053		-134		
18		申银万国	3,042		-707		
19		瑞达期货	2,754		348		
20		徽商期货	2,631		-415		
总计				99,873		-11,605		

名次		会员简称	持卖单量	增减		
1		东证期货	12,995		-7,178		
2		中信期货	12,089		-1,629		
3		国富期货	8,058		-2,461		
4		华泰期货	6,462		-248		
5		浙商期货	4,793		-69		
6		永安期货	4,458		-72		
7		中辉期货	4,316		264		
8		银河期货	4,134		-747		
9		国泰君安	4,010		543		
10		申银万国	3,185		-381		
11		方正中期	2,975		-270		
12		一德期货	2,963		-77		
13		国投安信	2,803		-9		
14		中信建投	2,683		14		
15		大越期货	2,597		63		
16		天风期货	2,591		-96		
17		南华期货	2,458		107		
18		瑞达期货	2,421		51		
19		大地期货	2,287		60		
20		徽商期货	2,188		144		
总计				90,466		-11,991		



会员类别	总成交量	增减		
期货公司会员	259,458		-128,293	

会员类别	总持买单量	增减		
期货公司会员	99,873		-11,605		

会员类别	总持卖单量	增减		
期货公司会员	90,466		-11,991		

