								大连商品交易所 成交量_买持仓_卖持仓排名	

合约代码：m2103		Date：2020-11-11	

			期货公司会员	

名次		会员简称	成交量		增减		
1		国泰君安	4,387		-2,790		
2		东证期货	4,322		-2,294		
3		海通期货	3,422		-3,939		
4		中信期货	3,235		1,190		
5		浙商期货	2,960		641		
6		国投安信	2,789		1,209		
7		申银万国	2,784		-4,033		
8		国富期货	2,687		941		
9		方正中期	2,238		-145		
10		宏源期货	2,160		615		
11		中粮期货	2,121		1,299		
12		招商期货	2,035		772		
13		五矿经易	2,016		344		
14		格林大华	1,848		1,826		
15		南华期货	1,825		-3,736		
16		锦泰期货	1,804		-5,038		
17		弘业期货	1,672		-412		
18		国海良时	1,668		-301		
19		华闻期货	1,650		218		
20		美尔雅期货	1,472		422		
总计				49,095		-13,211		

名次		会员简称	持买单量	增减		
1		海通期货	3,713		-397		
2		招商期货	2,158		18		
3		中粮期货	1,713		-1,353		
4		南华期货	1,691		-454		
5		一德期货	1,233		-658		
6		永安期货	1,147		77		
7		五矿经易	881		-66		
8		国富期货	848		450		
9		中信期货	780		44		
10		美尔雅期货	748		28		
11		格林大华	725		-1,382		
12		国投安信	665		27		
13		东兴期货	600		-700		
14		鲁证期货	599		3		
15		中天期货	591		0		
16		银河期货	551		88		
17		华泰期货	548		310		
18		弘业期货	514		-3		
19		浙商期货	513		19		
20		北京首创	496		-220		
总计				20,714		-4,169		

名次		会员简称	持卖单量	增减		
1		国泰君安	4,114		19		
2		海通期货	3,760		-349		
3		招商期货	2,118		11		
4		中信期货	2,021		-961		
5		摩根大通	1,568		0		
6		中粮期货	1,421		-2		
7		南华期货	1,156		-459		
8		广发期货	1,132		50		
9		弘业期货	877		-7		
10		东吴期货	831		231		
11		国投安信	644		-438		
12		申银万国	605		-5		
13		五矿经易	590		-2		
14		国富期货	504		-645		
15		鲁证期货	494		-37		
16		方正中期	435		-629		
17		北京首创	425		398		
18		中辉期货	416		210		
19		浙商期货	374		9		
20		一德期货	354		1		
总计				23,839		-2,605		



会员类别	总成交量	增减		
期货公司会员	49,095		-13,211		

会员类别	总持买单量	增减		
期货公司会员	20,714		-4,169		

会员类别	总持卖单量	增减		
期货公司会员	23,839		-2,605		

