								大连商品交易所 成交量_买持仓_卖持仓排名	

合约代码：eb2101		Date：2020-11-11	

			期货公司会员	

名次		会员简称	成交量		增减		
1		国富期货	34,272		-13,843		
2		海通期货	34,088		1,003		
3		东证期货	29,416		-113,674	
4		国泰君安	28,407		-7,599		
5		华闻期货	26,071		-3,139		
6		中信期货	23,932		1,440		
7		徽商期货	23,766		-7,172		
8		东方财富	22,832		-6,247		
9		华泰期货	20,088		-4,140		
10		方正中期	17,759		231		
11		永安期货	16,817		-4,721		
12		申银万国	15,303		1,971		
13		华安期货	14,645		-3,470		
14		浙商期货	13,888		2,095		
15		银河期货	13,365		-1,681		
16		光大期货	11,997		-3,382		
17		国投安信	10,787		-1,515		
18		东吴期货	10,400		-1,195		
19		中信建投	9,229		-889		
20		安粮期货	8,838		-4,879		
总计				385,900		-170,806	

名次		会员简称	持买单量	增减		
1		永安期货	12,875		70		
2		东证期货	8,225		1,061		
3		浙商期货	7,374		2,346		
4		国泰君安	7,101		248		
5		中信期货	5,663		-664		
6		华泰期货	3,856		-336		
7		申银万国	3,725		125		
8		中财期货	3,674		-113		
9		南华期货	3,651		648		
10		信达期货	3,420		207		
11		一德期货	3,386		1,150		
12		海通期货	3,356		1,595		
13		方正中期	3,332		-1,192		
14		瑞达期货	3,253		-15		
15		徽商期货	3,207		736		
16		浙江新世纪	3,087		257		
17		中信建投	3,066		-67		
18		弘业期货	3,000		364		
19		国投安信	2,976		-36		
20		宏源期货	2,932		277		
总计				91,159		6,661		

名次		会员简称	持卖单量	增减		
1		永安期货	13,154		827		
2		银河期货	11,217		348		
3		华泰期货	10,359		386		
4		浙商期货	8,112		322		
5		徽商期货	6,569		614		
6		国投安信	5,946		-653		
7		建信期货	5,044		-54		
8		东证期货	4,817		183		
9		天风期货	4,459		-600		
10		国泰君安	4,242		853		
11		东方财富	3,751		547		
12		宝城期货	3,470		5		
13		方正中期	3,431		495		
14		国海良时	3,333		314		
15		东吴期货	3,314		63		
16		中财期货	3,212		-118		
17		浙江新世纪	2,982		128		
18		南华期货	2,561		576		
19		国信期货	2,464		193		
20		中信期货	2,457		384		
总计				104,894		4,813		



会员类别	总成交量	增减		
期货公司会员	385,900		-170,806	

会员类别	总持买单量	增减		
期货公司会员	91,159		6,661		

会员类别	总持卖单量	增减		
期货公司会员	104,894		4,813		

