								大连商品交易所 成交量_买持仓_卖持仓排名	

合约代码：eb2103		Date：2020-11-11	

			期货公司会员	

名次		会员简称	成交量		增减		
1		国泰君安	1,879		-8,816		
2		中信期货	1,854		-3,021		
3		锦泰期货	1,479		-5,929		
4		光大期货	1,261		-4,424		
5		东证期货	1,086		-6,839		
6		五矿经易	1,007		-2,397		
7		方正中期	973		91		
8		华闻期货	521		-1,759		
9		鲁证期货	455		-3,438		
10		迈科期货	443		-3,315		
11		申银万国	441		-3,180		
12		银河期货	435		-2,268		
13		海通期货	422		-3,152		
14		瑞达期货	417		-2,335		
15		华泰期货	180		35		
16		宏源期货	104		-43		
17		恒泰期货	100		98		
18		国金期货	95		-52		
19		财信期货	80		77		
20		徽商期货	79		-313		
总计				13,311		-50,980		

名次		会员简称	持买单量	增减		
1		华泰期货	3,682		145		
2		锦泰期货	1,487		-95		
3		五矿经易	1,183		127		
4		国泰君安	1,066		271		
5		中信期货	1,065		327		
6		鲁证期货	826		105		
7		东证期货	621		2		
8		瑞达期货	500		-2		
9		海通期货	301		-74		
10		申银万国	175		50		
11		银河期货	167		-2		
12		中衍期货	107		0		
13		徽商期货	96		-4		
14		方正中期	87		-16		
15		先锋期货	58		0		
16		中信建投	42		0		
17		国金期货	32		-66		
18		天风期货	29		0		
19		兴证期货	20		0		
20		永安期货	19		3		
总计				11,563		771		

名次		会员简称	持卖单量	增减		
1		锦泰期货	1,488		-112		
2		五矿经易	1,415		188		
3		中信期货	1,285		323		
4		国泰君安	1,211		224		
5		鲁证期货	705		110		
6		东证期货	682		-26		
7		永安期货	546		5		
8		瑞达期货	501		-7		
9		银河期货	465		-11		
10		南华期货	324		0		
11		海通期货	308		-74		
12		浙商期货	297		-14		
13		申银万国	175		49		
14		迈科期货	170		-3		
15		建信期货	150		0		
16		美尔雅期货	143		-14		
17		方正中期	134		-69		
18		华泰期货	129		19		
19		信达期货	100		50		
20		恒泰期货	100		100		
总计				10,328		738		



会员类别	总成交量	增减		
期货公司会员	13,311		-50,980		

会员类别	总持买单量	增减		
期货公司会员	11,563		771		

会员类别	总持卖单量	增减		
期货公司会员	10,328		738		

