								大连商品交易所 成交量_买持仓_卖持仓排名	

合约代码：eg2101		Date：2020-11-11	

			期货公司会员	

名次		会员简称	成交量		增减		
1		东证期货	67,120		-15,957		
2		中信期货	23,944		-3,679		
3		国泰君安	23,613		-4,655		
4		国富期货	19,940		-6,860		
5		华泰期货	16,792		-1,766		
6		徽商期货	10,167		-855		
7		海通期货	8,935		-3,288		
8		方正中期	7,239		-1,122		
9		银河期货	7,021		-1,480		
10		美尔雅期货	6,605		4,703		
11		申银万国	6,262		-927		
12		东吴期货	5,790		-1,054		
13		新湖期货	5,729		-1,936		
14		浙商期货	5,387		1,570		
15		光大期货	5,280		-2,424		
16		中辉期货	5,220		583		
17		华安期货	5,053		-1,071		
18		国元期货	5,025		2,773		
19		永安期货	4,971		-7,166		
20		东方财富	4,717		-1,452		
总计				244,810		-46,063		

名次		会员简称	持买单量	增减		
1		信达期货	8,937		-316		
2		弘业期货	8,131		-1,641		
3		华泰期货	8,079		197		
4		永安期货	8,043		1,329		
5		通惠期货	6,139		-467		
6		兴业期货	6,034		312		
7		中信期货	5,071		749		
8		东证期货	5,028		438		
9		建信期货	5,000		-384		
10		宏源期货	4,872		-15		
11		新湖期货	4,538		-44		
12		华闻期货	4,522		-35		
13		福能期货	4,127		4		
14		方正中期	4,096		128		
15		创元期货	4,050		-131		
16		鲁证期货	4,011		-80		
17		国泰君安	3,892		-210		
18		美尔雅期货	3,882		3,507		
19		国投安信	3,293		-281		
20		南华期货	2,670		-103		
总计				104,415		2,957		

名次		会员简称	持卖单量	增减		
1		永安期货	14,605		724		
2		中信期货	11,665		265		
3		华泰期货	7,192		-527		
4		国贸期货	6,257		-257		
5		国泰君安	5,916		175		
6		国元期货	5,428		1,312		
7		天风期货	5,359		664		
8		兴证期货	4,589		-573		
9		南华期货	4,476		798		
10		宏源期货	4,003		-152		
11		国投安信	3,947		117		
12		广州期货	3,638		588		
13		宝城期货	3,607		-418		
14		东证期货	3,408		-596		
15		东海期货	3,348		-55		
16		申银万国	3,283		-7		
17		中信建投	3,175		517		
18		瑞达期货	3,175		516		
19		北京首创	3,057		457		
20		鲁证期货	2,985		898		
总计				103,113		4,446		



会员类别	总成交量	增减		
期货公司会员	244,810		-46,063		

会员类别	总持买单量	增减		
期货公司会员	104,415		2,957		

会员类别	总持卖单量	增减		
期货公司会员	103,113		4,446		

