								大连商品交易所 成交量_买持仓_卖持仓排名	

合约代码：pg2012		Date：2020-11-11	

			期货公司会员	

名次		会员简称	成交量		增减		
1		华泰期货	20,716		-5,544		
2		国富期货	7,665		-2,091		
3		中信期货	7,369		-2,459		
4		申银万国	4,934		-910		
5		海通期货	4,851		-869		
6		国泰君安	4,101		-1,336		
7		光大期货	3,721		-1,768		
8		兴证期货	3,233		-553		
9		东证期货	3,195		-730		
10		华闻期货	3,155		-563		
11		华安期货	2,988		-991		
12		银河期货	2,912		-2,924		
13		徽商期货	2,834		-1,368		
14		美尔雅期货	2,492		691		
15		永安期货	2,369		-4		
16		中信建投	2,298		81		
17		国投安信	2,291		-1,131		
18		东吴期货	2,118		82		
19		东海期货	1,747		614		
20		安粮期货	1,690		-250		
总计				86,679		-22,023		

名次		会员简称	持买单量	增减		
1		广发期货	3,914		26		
2		永安期货	3,626		672		
3		方正中期	2,185		-100		
4		东证期货	1,582		-65		
5		银河期货	1,555		-45		
6		兴业期货	1,513		-400		
7		瑞达期货	1,211		79		
8		华安期货	1,180		-8		
9		天风期货	1,134		8		
10		中信期货	1,103		-219		
11		招金期货	1,043		399		
12		徽商期货	1,011		119		
13		一德期货	806		-10		
14		华泰期货	795		-28		
15		国泰君安	787		4		
16		国投安信	767		33		
17		北京首创	700		1		
18		南华期货	677		29		
19		中信建投	654		-58		
20		招商期货	644		46		
总计				26,887		483		

名次		会员简称	持卖单量	增减		
1		中信期货	9,661		-590		
2		东证期货	4,904		-14		
3		国投安信	3,026		-24		
4		永安期货	2,868		159		
5		中信建投	1,592		-54		
6		国泰君安	1,307		-7		
7		南华期货	1,033		318		
8		华泰期货	1,006		298		
9		兴证期货	923		134		
10		中财期货	852		-81		
11		美尔雅期货	814		147		
12		兴业期货	814		103		
13		海证期货	711		82		
14		申银万国	638		-50		
15		华闻期货	635		71		
16		东海期货	554		-47		
17		瑞达期货	547		-8		
18		建信期货	533		48		
19		招商期货	519		41		
20		银河期货	510		5		
总计				33,447		531		



会员类别	总成交量	增减		
期货公司会员	86,679		-22,023		

会员类别	总持买单量	增减		
期货公司会员	26,887		483		

会员类别	总持卖单量	增减		
期货公司会员	33,447		531		

