								大连商品交易所 成交量_买持仓_卖持仓排名	

合约代码：i2102		Date：2020-11-11	

			期货公司会员	

名次		会员简称	成交量		增减		
1		国富期货	83,318		4,670		
2		东证期货	41,904		-8,161		
3		国泰君安	40,586		-1,295		
4		海通期货	33,679		-12,690		
5		申银万国	32,917		-5,637		
6		鲁证期货	26,310		14,783		
7		银河期货	24,670		4,993		
8		方正中期	18,778		-10,495		
9		华西期货	18,010		2,869		
10		光大期货	17,097		-9,737		
11		徽商期货	15,073		2,338		
12		中信期货	14,676		-3,569		
13		兴证期货	14,086		-3,145		
14		天风期货	13,144		8,157		
15		先锋期货	12,677		3,943		
16		中辉期货	12,648		1,517		
17		弘业期货	10,873		-1,519		
18		南华期货	10,744		1,576		
19		宏源期货	10,631		1,445		
20		上海大陆	10,205		741		
总计				462,026		-9,216		

名次		会员简称	持买单量	增减		
1		申银万国	7,967		-23		
2		国泰君安	7,728		1,291		
3		中信期货	3,408		277		
4		招商期货	2,226		6		
5		东吴期货	2,066		-11		
6		华泰期货	1,775		28		
7		国投安信	1,629		-69		
8		中信建投	1,463		40		
9		宏源期货	1,154		59		
10		中大期货	1,113		-11		
11		中金期货	1,000		0		
12		创元期货	929		2		
13		国元期货	886		314		
14		鲁证期货	836		-45		
15		海证期货	788		33		
16		海通期货	712		-213		
17		永安期货	693		4		
18		华安期货	681		14		
19		方正中期	660		22		
20		冠通期货	633		-1		
总计				38,347		1,717		

名次		会员简称	持卖单量	增减		
1		申银万国	8,025		-22		
2		国泰君安	7,131		973		
3		招商期货	2,395		110		
4		东吴期货	2,098		3		
5		华泰期货	1,672		175		
6		国投安信	1,633		-14		
7		鲁证期货	1,588		451		
8		中信期货	1,557		-93		
9		中信建投	1,390		9		
10		东海期货	1,221		2		
11		中大期货	1,139		18		
12		金信期货	1,000		0		
13		宏源期货	873		16		
14		海通期货	854		70		
15		国元期货	793		290		
16		海证期货	785		72		
17		国信期货	734		200		
18		东证期货	729		-359		
19		创元期货	676		0		
20		永安期货	669		-42		
总计				36,962		1,859		



会员类别	总成交量	增减		
期货公司会员	462,026		-9,216		

会员类别	总持买单量	增减		
期货公司会员	38,347		1,717		

会员类别	总持卖单量	增减		
期货公司会员	36,962		1,859		

