								大连商品交易所 成交量_买持仓_卖持仓排名	

合约代码：m2109		Date：2020-11-11	

			期货公司会员	

名次		会员简称	成交量		增减		
1		东证期货	51,557		16,936		
2		光大期货	15,338		4,353		
3		迈科期货	14,286		1,947		
4		国泰君安	13,087		4,212		
5		安粮期货	9,129		-579		
6		中天期货	9,051		2,689		
7		招金期货	8,930		5,166		
8		浙商期货	7,299		3,631		
9		中信期货	6,968		-119		
10		华安期货	6,701		640		
11		国元期货	6,427		-4,328		
12		中粮期货	6,213		3,484		
13		宏源期货	6,212		863		
14		华闻期货	6,206		1,160		
15		大地期货	5,898		2,243		
16		方正中期	5,375		1,449		
17		国富期货	5,006		1,363		
18		永安期货	4,864		208		
19		海通期货	4,619		-448		
20		海证期货	4,174		3,308		
总计				197,340		48,178		

名次		会员简称	持买单量	增减		
1		安粮期货	21,789		948		
2		永安期货	13,519		2,153		
3		国泰君安	11,552		863		
4		海通期货	10,400		239		
5		中粮期货	9,754		164		
6		华闻期货	9,736		-2,789		
7		格林大华	9,326		444		
8		大地期货	6,869		2,032		
9		国投安信	6,317		809		
10		东证期货	5,476		-84		
11		长江期货	4,980		-294		
12		宏源期货	4,911		2,368		
13		国元期货	4,809		174		
14		国富期货	4,774		205		
15		兴业期货	4,712		3,341		
16		华泰期货	4,420		469		
17		浙商期货	4,364		-3,310		
18		中信建投	4,293		1,157		
19		方正中期	4,067		-412		
20		华安期货	3,517		124		
总计				149,585		8,601		

名次		会员简称	持卖单量	增减		
1		摩根大通	62,006		2,300		
2		中粮期货	31,673		449		
3		永安期货	28,992		523		
4		银河期货	25,541		255		
5		一德期货	9,986		237		
6		新湖期货	9,862		1,456		
7		国投安信	9,460		216		
8		北京首创	8,706		106		
9		平安期货	7,464		-158		
10		华泰期货	5,989		996		
11		信达期货	5,839		-8		
12		五矿经易	4,838		-37		
13		国富期货	3,644		3,403		
14		国泰君安	3,457		1,450		
15		宏源期货	2,633		100		
16		国元期货	2,389		-5		
17		中信期货	2,274		376		
18		东证期货	2,239		517		
19		天风期货	2,185		2,015		
20		中天期货	2,177		64		
总计				231,354		14,255		



会员类别	总成交量	增减		
期货公司会员	197,340		48,178		

会员类别	总持买单量	增减		
期货公司会员	149,585		8,601		

会员类别	总持卖单量	增减		
期货公司会员	231,354		14,255		

