								大连商品交易所 成交量_买持仓_卖持仓排名	

合约代码：y2107		Date：2020-11-11	

			期货公司会员	

名次		会员简称	成交量		增减		
1		国泰君安	56,080		54,011		
2		申银万国	50,552		48,555		
3		国富期货	37,355		23,357		
4		东证期货	35,058		18,010		
5		宏源期货	31,547		29,578		
6		银河期货	30,086		29,997		
7		海通期货	24,148		22,716		
8		光大期货	5,944		-1,584		
9		中天期货	5,219		-2,753		
10		中信建投	3,579		2,736		
11		鲁证期货	2,990		1,127		
12		中辉期货	2,249		2,128		
13		安粮期货	2,223		2,213		
14		方正中期	2,213		-371		
15		五矿经易	2,167		-308		
16		中信期货	1,950		-1,757		
17		浙商期货	1,812		1,080		
18		华泰期货	1,759		257		
19		新湖期货	1,627		-530		
20		先锋期货	1,440		1,440		
总计				299,998		229,902		

名次		会员简称	持买单量	增减		
1		国泰君安	3,793		-5		
2		中信期货	1,671		229		
3		招商期货	1,235		23		
4		中信建投	996		2		
5		浙商期货	570		0		
6		鲁证期货	518		-8		
7		新湖期货	441		16		
8		光大期货	358		3		
9		方正中期	330		0		
10		东吴期货	300		0		
11		五矿经易	236		-1		
12		华泰期货	233		33		
13		创元期货	191		-2		
14		格林大华	157		-100		
15		兴证期货	155		18		
16		中财期货	151		24		
17		中大期货	150		0		
18		东证期货	106		-37		
19		海通期货	105		2		
20		中投期货	96		13		
总计				11,792		210		

名次		会员简称	持卖单量	增减		
1		国泰君安	3,753		-7		
2		中信期货	1,421		173		
3		招商期货	1,217		12		
4		中信建投	985		1		
5		鲁证期货	591		20		
6		浙商期货	575		0		
7		新湖期货	545		-1		
8		一德期货	396		139		
9		光大期货	388		1		
10		广发期货	309		0		
11		方正中期	300		-1		
12		东吴期货	300		0		
13		五矿经易	235		0		
14		国富期货	185		-17		
15		创元期货	182		-20		
16		兴证期货	155		3		
17		中大期货	152		2		
18		东证期货	148		-3		
19		美尔雅期货	120		3		
20		海通期货	117		2		
总计				12,074		307		



会员类别	总成交量	增减		
期货公司会员	299,998		229,902		

会员类别	总持买单量	增减		
期货公司会员	11,792		210		

会员类别	总持卖单量	增减		
期货公司会员	12,074		307		

