								大连商品交易所 成交量_买持仓_卖持仓排名	

合约代码：i2102		Date：2020-09-23	

			期货公司会员	

名次		会员简称	成交量		增减		
1		国富期货	85,300		6,558		
2		东证期货	64,217		18,072		
3		中辉期货	49,064		17,649		
4		海通期货	45,582		-1,652		
5		银河期货	44,759		-3,647		
6		光大期货	39,699		3,867		
7		申银万国	36,623		2,496		
8		国泰君安	33,320		17,168		
9		中粮期货	32,019		4,245		
10		浙商期货	31,754		21,406		
11		华闻期货	25,894		-681		
12		徽商期货	23,825		-231		
13		中投期货	21,743		21,711		
14		中信建投	17,545		5,857		
15		南华期货	15,893		3,173		
16		宏源期货	15,699		11,061		
17		东海期货	13,238		-4,298		
18		天风期货	11,569		-1,336		
19		混沌天成	10,890		10,886		
20		中衍期货	10,862		10,787		
总计				629,495		143,091		

名次		会员简称	持买单量	增减		
1		申银万国	12,226		216		
2		永安期货	2,058		374		
3		东吴期货	1,957		14		
4		国投安信	1,560		9		
5		鲁证期货	1,266		-96		
6		浙商期货	1,084		233		
7		华安期货	1,073		0		
8		中粮期货	1,052		90		
9		中信期货	991		-92		
10		宏源期货	903		-35		
11		方正中期	871		8		
12		中信建投	681		-5		
13		海通期货	649		-52		
14		招商期货	602		-16		
15		弘业期货	600		31		
16		新湖期货	425		-6		
17		宝城期货	420		120		
18		国泰君安	398		-7		
19		华泰期货	385		-470		
20		国富期货	351		-20		
总计				29,552		296		

名次		会员简称	持卖单量	增减		
1		申银万国	12,229		201		
2		东吴期货	1,991		5		
3		国投安信	1,632		-153		
4		鲁证期货	1,513		164		
5		华安期货	1,081		-10		
6		中信期货	1,072		156		
7		宏源期货	941		-130		
8		中信建投	823		38		
9		金信期货	804		800		
10		海通期货	718		-362		
11		招商期货	666		-9		
12		永安期货	652		10		
13		华泰期货	616		-292		
14		方正中期	592		-7		
15		弘业期货	567		7		
16		宝城期货	478		83		
17		浙商期货	444		1		
18		新湖期货	430		-8		
19		银河期货	401		210		
20		南华期货	376		-111		
总计				28,026		593		



会员类别	总成交量	增减		
期货公司会员	629,495		143,091		

会员类别	总持买单量	增减		
期货公司会员	29,552		296		

会员类别	总持卖单量	增减		
期货公司会员	28,026		593		

