								大连商品交易所 成交量_买持仓_卖持仓排名	

合约代码：b2012		Date：2020-09-23	

			期货公司会员	

名次		会员简称	成交量		增减		
1		华泰期货	15,195		2,229		
2		渤海期货	3,751		469		
3		海通期货	3,511		938		
4		申银万国	2,974		412		
5		弘业期货	2,954		1,400		
6		五矿经易	2,714		359		
7		方正中期	2,681		53		
8		光大期货	2,270		97		
9		中原期货	2,099		1,219		
10		中天期货	2,061		787		
11		华闻期货	1,898		73		
12		国海良时	1,794		-628		
13		南华期货	1,659		460		
14		国投安信	1,433		426		
15		东证期货	1,195		-483		
16		国元期货	1,160		607		
17		中信期货	909		847		
18		大有期货	766		-448		
19		华安期货	762		618		
20		天风期货	637		-34		
总计				52,423		9,401		

名次		会员简称	持买单量	增减		
1		海通期货	1,339		2		
2		国投安信	1,090		24		
3		南华期货	1,001		0		
4		中信期货	924		804		
5		摩根大通	712		200		
6		方正中期	604		-293		
7		光大期货	548		-89		
8		永安期货	501		39		
9		国海良时	449		6		
10		银河期货	412		-29		
11		东方财富	396		-4		
12		中信建投	300		0		
13		五矿经易	283		0		
14		中原期货	211		-1		
15		申银万国	191		10		
16		华泰期货	186		-145		
17		国泰君安	154		-1		
18		渤海期货	127		-36		
19		东证期货	104		-5		
20		安粮期货	71		-12		
总计				9,603		470		

名次		会员简称	持卖单量	增减		
1		上海中期	1,869		5		
2		海通期货	1,336		17		
3		国投安信	1,074		33		
4		南华期货	1,046		-15		
5		光大期货	610		99		
6		新湖期货	574		25		
7		方正中期	550		-248		
8		国海良时	449		6		
9		五矿经易	304		-102		
10		中信建投	279		-298		
11		华泰期货	244		-74		
12		中原期货	214		2		
13		华闻期货	201		187		
14		申银万国	199		16		
15		美尔雅期货	195		-87		
16		东方财富	176		27		
17		天风期货	140		140		
18		渤海期货	134		-31		
19		福能期货	86		-77		
20		中天期货	83		83		
总计				9,763		-292		



会员类别	总成交量	增减		
期货公司会员	52,423		9,401		

会员类别	总持买单量	增减		
期货公司会员	9,603		470		

会员类别	总持卖单量	增减		
期货公司会员	9,763		-292		

