								大连商品交易所 成交量_买持仓_卖持仓排名	

合约代码：i2105		Date：2020-09-23	

			期货公司会员	

名次		会员简称	成交量		增减		
1		光大期货	11,218		-1,705		
2		东证期货	9,480		-285		
3		中信期货	8,877		-327		
4		渤海期货	5,463		189		
5		永安期货	5,095		1,475		
6		国联期货	5,081		3,665		
7		国泰君安	4,566		1,239		
8		银河期货	3,971		2,843		
9		南华期货	3,757		152		
10		国富期货	3,216		941		
11		华泰期货	2,744		772		
12		东吴期货	2,717		827		
13		天风期货	2,552		395		
14		申银万国	2,261		-3,071		
15		宏源期货	2,198		422		
16		浙商期货	2,179		1,181		
17		长江期货	1,892		-218		
18		大地期货	1,845		1,447		
19		东海期货	1,836		-991		
20		安粮期货	1,785		848		
总计				82,733		9,799		

名次		会员简称	持买单量	增减		
1		永安期货	8,873		1,494		
2		鲁证期货	7,715		25		
3		东海期货	5,855		5		
4		银河期货	5,349		502		
5		海证期货	4,599		13		
6		国联期货	4,476		-3,935		
7		冠通期货	3,922		16		
8		申银万国	3,870		-403		
9		英大期货	3,769		1,441		
10		国贸期货	3,483		1,515		
11		国信期货	3,405		-218		
12		长江期货	3,185		857		
13		浙商期货	2,555		166		
14		华泰期货	2,494		-1,290		
15		中信期货	2,206		116		
16		广发期货	1,855		-48		
17		上海中期	1,815		148		
18		渤海期货	1,764		-82		
19		道通期货	1,603		39		
20		格林大华	1,402		39		
总计				74,195		400		

名次		会员简称	持卖单量	增减		
1		永安期货	6,312		871		
2		五矿经易	6,297		76		
3		海通期货	5,075		730		
4		银河期货	4,927		1,783		
5		浙商期货	4,752		-351		
6		鲁证期货	4,605		167		
7		一德期货	4,593		225		
8		国投安信	4,224		305		
9		中信期货	3,058		-601		
10		方正中期	2,679		55		
11		国海良时	2,664		608		
12		大有期货	2,614		13		
13		汇鑫期货	2,485		590		
14		华泰期货	2,399		-468		
15		大地期货	2,351		-814		
16		申银万国	2,208		-124		
17		中信建投	2,157		-93		
18		广发期货	1,829		-68		
19		国贸期货	1,760		12		
20		冠通期货	1,757		3		
总计				68,746		2,919		



会员类别	总成交量	增减		
期货公司会员	82,733		9,799		

会员类别	总持买单量	增减		
期货公司会员	74,195		400		

会员类别	总持卖单量	增减		
期货公司会员	68,746		2,919		

