								大连商品交易所 成交量_买持仓_卖持仓排名	

合约代码：cs2011		Date：2020-09-23	

			期货公司会员	

名次		会员简称	成交量		增减		
1		华泰期货	21,420		5,927		
2		光大期货	4,790		1,185		
3		鲁证期货	3,038		412		
4		中信期货	3,033		15		
5		东证期货	2,101		570		
6		招商期货	2,042		409		
7		中信建投	2,008		690		
8		新湖期货	1,728		431		
9		五矿经易	1,712		450		
10		海通期货	1,685		427		
11		国泰君安	1,645		518		
12		中粮期货	1,450		206		
13		国投安信	1,355		368		
14		浙商期货	1,160		-270		
15		格林大华	1,144		368		
16		国富期货	1,129		171		
17		南华期货	1,043		-33		
18		金瑞期货	630		-376		
19		兴业期货	480		-518		
20		方正中期	455		-442		
总计				54,048		10,508		

名次		会员简称	持买单量	增减		
1		鲁证期货	1,691		256		
2		五矿经易	1,689		-345		
3		南华期货	1,493		19		
4		永安期货	1,482		-1		
5		中粮期货	1,476		364		
6		华泰期货	1,353		329		
7		中信期货	1,209		-116		
8		光大期货	1,016		-4		
9		招商期货	981		46		
10		国泰君安	966		-27		
11		广州期货	820		-321		
12		海通期货	808		2		
13		金瑞期货	617		323		
14		格林大华	600		-4		
15		新湖期货	313		3		
16		上海大陆	300		0		
17		华安期货	268		-50		
18		中国国际	210		70		
19		东证期货	204		-102		
20		东吴期货	201		0		
总计				17,697		442		

名次		会员简称	持卖单量	增减		
1		中信期货	2,592		-179		
2		国泰君安	1,878		0		
3		五矿经易	1,713		-345		
4		中粮期货	1,705		4		
5		鲁证期货	1,386		-34		
6		金瑞期货	1,360		-7		
7		南华期货	1,101		-6		
8		光大期货	1,055		40		
9		招商期货	901		0		
10		海通期货	806		3		
11		华泰期货	775		59		
12		格林大华	660		56		
13		国富期货	510		168		
14		华安期货	423		-19		
15		广州期货	357		0		
16		新湖期货	312		-1		
17		东证期货	262		-101		
18		中融汇信	241		233		
19		东吴期货	200		0		
20		银河期货	119		-13		
总计				18,356		-142		



会员类别	总成交量	增减		
期货公司会员	54,048		10,508		

会员类别	总持买单量	增减		
期货公司会员	17,697		442		

会员类别	总持卖单量	增减		
期货公司会员	18,356		-142		

