								大连商品交易所 成交量_买持仓_卖持仓排名	

合约代码：pp2101		Date：2020-09-23	

			期货公司会员	

名次		会员简称	成交量		增减		
1		东证期货	220,376		-4,380		
2		中信期货	73,343		-6,331		
3		国泰君安	59,497		-5,280		
4		海通期货	59,083		-1,605		
5		华泰期货	35,465		-5,591		
6		国富期货	33,930		-6,628		
7		方正中期	31,953		4,287		
8		兴证期货	25,782		-3,636		
9		永安期货	25,057		5,772		
10		银河期货	22,603		2,590		
11		徽商期货	22,455		1,635		
12		华安期货	21,506		744		
13		国信期货	19,788		2,918		
14		申银万国	17,913		2,203		
15		先锋期货	15,721		6,207		
16		光大期货	15,137		46		
17		浙商期货	14,921		-1,881		
18		中信建投	14,213		4,130		
19		东吴期货	14,119		3,172		
20		国投安信	13,829		-679		
总计				756,691		-2,307		

名次		会员简称	持买单量	增减		
1		永安期货	51,363		-1,051		
2		中信期货	34,309		2,341		
3		东证期货	12,981		2,662		
4		银河期货	11,096		-1,363		
5		华泰期货	10,584		1,221		
6		东海期货	9,927		-120		
7		新湖期货	8,867		-639		
8		瑞达期货	7,127		204		
9		海通期货	6,717		4,471		
10		申银万国	6,570		2,147		
11		华安期货	6,281		-68		
12		国投安信	5,974		-208		
13		国泰君安	5,853		855		
14		方正中期	5,764		-686		
15		鲁证期货	4,865		-1,061		
16		弘业期货	4,671		499		
17		福能期货	4,559		1,075		
18		浙江新世纪	3,794		434		
19		中银期货	3,694		55		
20		南华期货	3,660		1,289		
总计				208,656		12,057		

名次		会员简称	持卖单量	增减		
1		浙商期货	14,832		16		
2		永安期货	14,051		-1,100		
3		华泰期货	11,990		-306		
4		国投安信	11,190		-273		
5		中信期货	10,093		634		
6		鲁证期货	9,550		-1,221		
7		国泰君安	9,428		-324		
8		中银期货	9,132		-193		
9		瑞达期货	9,024		-164		
10		南华期货	8,093		-515		
11		建信期货	7,794		-297		
12		兴证期货	7,414		398		
13		国信期货	7,148		-2,177		
14		东证期货	7,096		178		
15		中信建投	7,063		793		
16		宏源期货	5,751		563		
17		华安期货	5,369		522		
18		方正中期	5,251		535		
19		海通期货	4,958		-1,378		
20		徽商期货	4,803		862		
总计				170,030		-3,447		



会员类别	总成交量	增减		
期货公司会员	756,691		-2,307		

会员类别	总持买单量	增减		
期货公司会员	208,656		12,057		

会员类别	总持卖单量	增减		
期货公司会员	170,030		-3,447		

