								大连商品交易所 成交量_买持仓_卖持仓排名	

合约代码：b2011		Date：2020-09-23	

			期货公司会员	

名次		会员简称	成交量		增减		
1		华泰期货	39,998		-1,593		
2		海通期货	11,408		3,493		
3		国泰君安	10,355		1,112		
4		国富期货	8,981		-603		
5		中信期货	6,352		-1,632		
6		方正中期	6,053		-1,829		
7		东证期货	5,794		-3,990		
8		光大期货	4,378		-4,384		
9		国投安信	3,977		-495		
10		申银万国	3,799		-24		
11		东方财富	3,652		-481		
12		南华期货	3,534		818		
13		华安期货	3,241		1,120		
14		渤海期货	2,948		-1,956		
15		徽商期货	2,819		-583		
16		安粮期货	2,803		-1,666		
17		中天期货	2,684		-772		
18		国海良时	2,622		-45		
19		弘业期货	2,229		743		
20		国元期货	2,020		118		
总计				129,647		-12,649		

名次		会员简称	持买单量	增减		
1		国投安信	1,679		16		
2		光大期货	1,277		-315		
3		国泰君安	1,262		-441		
4		中信期货	1,236		-508		
5		华泰期货	1,206		-103		
6		东方财富	1,161		18		
7		方正中期	1,113		-183		
8		申银万国	1,006		-670		
9		宏源期货	996		-50		
10		五矿经易	925		-7		
11		中原期货	818		-8		
12		渤海期货	810		34		
13		海通期货	694		48		
14		中信建投	543		-195		
15		国海良时	519		4		
16		永安期货	505		40		
17		弘业期货	493		32		
18		华安期货	451		-107		
19		徽商期货	409		-103		
20		中州期货	383		-198		
总计				17,486		-2,696		

名次		会员简称	持卖单量	增减		
1		上海中期	2,550		-1		
2		东证期货	1,647		-193		
3		南华期货	1,539		-105		
4		国投安信	1,517		-105		
5		五矿经易	1,253		-108		
6		光大期货	1,222		73		
7		方正中期	1,175		-84		
8		北京首创	1,025		0		
9		海通期货	831		-364		
10		中原期货	801		-13		
11		渤海期货	748		48		
12		先融期货	650		0		
13		国泰君安	609		306		
14		国海良时	551		-20		
15		申银万国	488		-261		
16		先锋期货	485		-280		
17		弘业期货	428		37		
18		美尔雅期货	393		-560		
19		永安期货	386		2		
20		中信建投	383		221		
总计				18,681		-1,407		



会员类别	总成交量	增减		
期货公司会员	129,647		-12,649		

会员类别	总持买单量	增减		
期货公司会员	17,486		-2,696		

会员类别	总持卖单量	增减		
期货公司会员	18,681		-1,407		

