								大连商品交易所 成交量_买持仓_卖持仓排名	

合约代码：c2103		Date：2020-09-23	

			期货公司会员	

名次		会员简称	成交量		增减		
1		宏源期货	3,327		1,195		
2		冠通期货	3,200		2,674		
3		中信期货	2,428		-12		
4		鲁证期货	2,124		232		
5		国海良时	2,037		-305		
6		永安期货	1,974		795		
7		东证期货	1,873		825		
8		弘业期货	1,710		-376		
9		锦泰期货	1,323		-288		
10		华闻期货	1,158		113		
11		徽商期货	1,136		-280		
12		五矿经易	1,130		-61		
13		光大期货	1,104		-688		
14		宝城期货	1,079		345		
15		中辉期货	931		161		
16		浙商期货	877		-265		
17		海通期货	866		-218		
18		格林大华	842		-84		
19		申银万国	752		-402		
20		中天期货	744		-1,029		
总计				30,615		2,332		

名次		会员简称	持买单量	增减		
1		鲁证期货	6,689		23		
2		中信期货	2,765		2		
3		一德期货	2,520		20		
4		格林大华	1,417		10		
5		永安期货	1,414		6		
6		中大期货	1,318		3		
7		申银万国	1,036		322		
8		摩根大通	1,000		0		
9		五矿经易	931		0		
10		海通期货	685		-358		
11		东证期货	657		60		
12		中粮期货	646		-22		
13		浙商期货	633		-9		
14		迈科期货	163		0		
15		新湖期货	132		3		
16		方正中期	76		4		
17		东航期货	74		-20		
18		兴证期货	72		7		
19		瑞达期货	72		69		
20		国富期货	64		-46		
总计				22,364		74		

名次		会员简称	持卖单量	增减		
1		中信期货	1,865		8		
2		兴证期货	1,862		0		
3		华安期货	1,522		15		
4		永安期货	1,423		12		
5		格林大华	1,407		0		
6		一德期货	1,347		-54		
7		中大期货	1,335		-1		
8		申银万国	1,020		322		
9		鲁证期货	950		-23		
10		五矿经易	933		0		
11		国海良时	897		3		
12		东证期货	754		33		
13		海通期货	688		-358		
14		中粮期货	624		-119		
15		光大期货	554		68		
16		浙商期货	520		-4		
17		国信期货	420		-151		
18		东航期货	375		13		
19		银河期货	375		0		
20		宏源期货	358		96		
总计				19,229		-140		



会员类别	总成交量	增减		
期货公司会员	30,615		2,332		

会员类别	总持买单量	增减		
期货公司会员	22,364		74		

会员类别	总持卖单量	增减		
期货公司会员	19,229		-140		

