								大连商品交易所 成交量_买持仓_卖持仓排名	

合约代码：p2101		Date：2020-09-23	

			期货公司会员	

名次		会员简称	成交量		增减		
1		东证期货	443,313		-26,831		
2		光大期货	207,621		6,747		
3		国泰君安	180,627		-11,094		
4		中信期货	122,353		-6,322		
5		方正中期	122,272		-9,226		
6		海通期货	114,072		3,079		
7		国富期货	99,293		-13,733		
8		银河期货	68,403		-16,600		
9		徽商期货	51,778		-8,961		
10		申银万国	51,214		-18,755		
11		华安期货	47,682		-744		
12		永安期货	39,207		-2,389		
13		兴证期货	37,070		-7,127		
14		华泰期货	36,294		-14,040		
15		华闻期货	31,059		18,164		
16		安粮期货	30,377		-1,867		
17		宏源期货	30,282		-1,221		
18		华西期货	27,778		-2,604		
19		五矿经易	27,583		17,549		
20		东方财富	27,390		-3,546		
总计				1,795,668	-99,521		

名次		会员简称	持买单量	增减		
1		永安期货	37,722		-9,036		
2		银河期货	25,476		4,814		
3		中信期货	22,350		-1,777		
4		国盛期货	16,540		58		
5		浙商期货	12,668		-859		
6		方正中期	11,738		-102		
7		五矿经易	11,585		252		
8		华泰期货	11,579		1,211		
9		东证期货	11,527		1,471		
10		天风期货	10,388		194		
11		国泰君安	10,386		-829		
12		光大期货	10,166		3,171		
13		国投安信	9,738		444		
14		海通期货	9,545		-2,517		
15		大越期货	8,086		97		
16		一德期货	8,047		761		
17		广发期货	7,591		203		
18		兴证期货	6,637		-1,802		
19		安粮期货	6,396		1,788		
20		申银万国	6,202		1,588		
总计				254,367		-870		

名次		会员简称	持卖单量	增减		
1		中粮期货	44,795		-1,649		
2		国投安信	38,280		-5,103		
3		广发期货	28,203		2,919		
4		银河期货	24,028		-4,123		
5		海通期货	18,715		4,419		
6		国富期货	18,105		369		
7		中信期货	17,152		-1,408		
8		永安期货	14,734		111		
9		五矿经易	13,600		7,283		
10		国贸期货	13,479		-522		
11		国泰君安	12,739		536		
12		一德期货	12,051		-776		
13		摩根大通	11,885		-4,014		
14		东证期货	11,250		-650		
15		鲁证期货	6,065		-127		
16		华融融达	5,964		184		
17		英大期货	5,883		-637		
18		北京首创	5,487		1,253		
19		中天期货	5,375		-57		
20		弘业期货	5,275		-844		
总计				313,065		-2,836		



会员类别	总成交量	增减		
期货公司会员	1,795,668	-99,521		

会员类别	总持买单量	增减		
期货公司会员	254,367		-870		

会员类别	总持卖单量	增减		
期货公司会员	313,065		-2,836		

