								大连商品交易所 成交量_买持仓_卖持仓排名	

合约代码：pg2012		Date：2020-09-23	

			期货公司会员	

名次		会员简称	成交量		增减		
1		华泰期货	20,994		-6,134		
2		海通期货	5,335		2,374		
3		中信期货	4,809		2,103		
4		瑞达期货	4,140		-332		
5		东海期货	3,100		-550		
6		国海良时	2,507		-381		
7		国富期货	2,394		1,956		
8		银河期货	2,337		-20		
9		申银万国	2,208		-1,384		
10		东证期货	2,031		-2,360		
11		方正中期	1,875		-1,227		
12		光大期货	1,496		-221		
13		大有期货	1,471		195		
14		财信期货	1,471		-470		
15		五矿经易	1,357		-780		
16		浙商期货	1,343		-252		
17		中信建投	1,292		-539		
18		冠通期货	1,267		-746		
19		华西期货	1,033		-64		
20		徽商期货	888		41		
总计				63,348		-8,791		

名次		会员简称	持买单量	增减		
1		浙商期货	3,079		16		
2		银河期货	2,955		-54		
3		东证期货	1,451		79		
4		永安期货	1,325		8		
5		申银万国	1,295		3		
6		五矿经易	1,074		-16		
7		招商期货	1,055		0		
8		华安期货	930		-26		
9		招金期货	770		21		
10		中信期货	735		-64		
11		中信建投	721		-5		
12		光大期货	628		27		
13		冠通期货	623		4		
14		先锋期货	576		-7		
15		上海中期	560		-124		
16		国海良时	535		-13		
17		华泰期货	514		-131		
18		海通期货	464		-428		
19		方正中期	433		-155		
20		广州金控	382		-7		
总计				20,105		-872		

名次		会员简称	持卖单量	增减		
1		中信期货	14,156		-1,019		
2		国投安信	2,643		3		
3		永安期货	1,306		61		
4		南华期货	1,155		17		
5		银河期货	1,065		63		
6		东证期货	1,025		36		
7		五矿经易	960		-1		
8		申银万国	889		249		
9		招商期货	855		-11		
10		中信建投	801		-89		
11		华泰期货	730		-43		
12		方正中期	677		-168		
13		浙商期货	447		-61		
14		大有期货	414		-2		
15		冠通期货	331		-17		
16		国泰君安	298		2		
17		长城期货	235		8		
18		瑞达期货	219		-10		
19		中财期货	164		-14		
20		东海期货	153		29		
总计				28,523		-967		



会员类别	总成交量	增减		
期货公司会员	63,348		-8,791		

会员类别	总持买单量	增减		
期货公司会员	20,105		-872		

会员类别	总持卖单量	增减		
期货公司会员	28,523		-967		

