								大连商品交易所 成交量_买持仓_卖持仓排名	

合约代码：m2109		Date：2020-09-23	

			期货公司会员	

名次		会员简称	成交量		增减		
1		美尔雅期货	10,803		7,044		
2		中粮期货	5,064		572		
3		方正中期	4,543		1,433		
4		国泰君安	3,560		135		
5		迈科期货	3,429		51		
6		光大期货	3,236		1,403		
7		华融融达	3,165		1,540		
8		华闻期货	2,945		-1,438		
9		华安期货	2,297		1,108		
10		长城期货	2,109		314		
11		海证期货	1,929		1,569		
12		江苏东华	1,583		731		
13		宏源期货	1,406		605		
14		中国国际	1,396		-228		
15		海通期货	1,201		69		
16		徽商期货	1,130		258		
17		华金期货	1,091		891		
18		中财期货	1,027		777		
19		安粮期货	1,016		-117		
20		格林大华	979		141		
总计				53,909		16,858		

名次		会员简称	持买单量	增减		
1		格林大华	7,103		859		
2		长江期货	3,768		579		
3		中粮期货	2,894		666		
4		华泰期货	2,562		53		
5		美尔雅期货	2,408		-6,518		
6		永安期货	2,064		549		
7		国富期货	1,865		153		
8		海通期货	1,629		42		
9		中辉期货	1,574		65		
10		国海良时	1,535		-1		
11		申银万国	1,408		32		
12		新湖期货	1,360		11		
13		金石期货	1,322		314		
14		华金期货	1,136		-995		
15		浙商期货	1,011		155		
16		广发期货	824		312		
17		宏源期货	820		327		
18		徽商期货	789		228		
19		国泰君安	718		113		
20		中国国际	683		386		
总计				37,473		-2,670		

名次		会员简称	持卖单量	增减		
1		摩根大通	15,835		0		
2		中粮期货	8,827		3,130		
3		银河期货	5,987		-342		
4		华泰期货	4,891		23		
5		北京首创	3,964		-10		
6		一德期货	2,541		-131		
7		新湖期货	2,401		-4		
8		国元期货	2,314		0		
9		宏源期货	2,217		1		
10		国泰君安	1,239		-591		
11		五矿经易	950		-140		
12		海证期货	816		-1,722		
13		东证期货	676		-1		
14		中信期货	609		-4		
15		渤海期货	500		-300		
16		中天期货	414		0		
17		华安期货	353		16		
18		永安期货	314		7		
19		浙商期货	269		-21		
20		中国国际	232		6		
总计				55,349		-83		



会员类别	总成交量	增减		
期货公司会员	53,909		16,858		

会员类别	总持买单量	增减		
期货公司会员	37,473		-2,670		

会员类别	总持卖单量	增减		
期货公司会员	55,349		-83		

