								大连商品交易所 成交量_买持仓_卖持仓排名	

合约代码：m2107		Date：2020-09-23	

			期货公司会员	

名次		会员简称	成交量		增减		
1		东证期货	6,365		-1,774		
2		方正中期	6,006		2,366		
3		海通期货	4,313		1,182		
4		华闻期货	3,750		-2,489		
5		光大期货	3,420		-520		
6		华西期货	3,418		-826		
7		国泰君安	2,940		-955		
8		招商期货	2,696		70		
9		申银万国	1,877		-543		
10		鲁证期货	1,764		-432		
11		中投期货	925		-111		
12		国元期货	839		276		
13		国海良时	796		-1,775		
14		锦泰期货	637		-734		
15		华安期货	621		49		
16		国富期货	550		-283		
17		银河期货	499		159		
18		徽商期货	479		240		
19		国投安信	478		-328		
20		弘业期货	467		-80		
总计				42,840		-6,508		

名次		会员简称	持买单量	增减		
1		申银万国	7,784		72		
2		海通期货	1,618		49		
3		国投安信	1,416		7		
4		东吴期货	1,250		0		
5		五矿经易	1,151		0		
6		鲁证期货	1,065		0		
7		招商期货	809		3		
8		冠通期货	776		0		
9		浙商期货	532		7		
10		中投期货	501		-431		
11		瑞达期货	499		1		
12		国海良时	362		-4		
13		新湖期货	349		3		
14		国泰君安	338		-56		
15		格林大华	317		9		
16		光大期货	288		20		
17		中衍期货	257		-4		
18		中信建投	160		69		
19		徽商期货	128		64		
20		国贸期货	103		49		
总计				19,703		-142		

名次		会员简称	持卖单量	增减		
1		申银万国	7,455		-5		
2		海通期货	1,615		48		
3		摩根大通	1,557		0		
4		国投安信	1,413		7		
5		安粮期货	1,338		-36		
6		东吴期货	1,250		0		
7		鲁证期货	1,064		-4		
8		五矿经易	950		0		
9		招商期货	797		-5		
10		冠通期货	777		1		
11		浙商期货	518		5		
12		国海良时	358		-4		
13		国泰君安	349		-2		
14		新湖期货	328		3		
15		格林大华	307		0		
16		中衍期货	250		0		
17		国元期货	210		-17		
18		宏源期货	130		-8		
19		东证期货	82		44		
20		徽商期货	68		15		
总计				20,816		42		



会员类别	总成交量	增减		
期货公司会员	42,840		-6,508		

会员类别	总持买单量	增减		
期货公司会员	19,703		-142		

会员类别	总持卖单量	增减		
期货公司会员	20,816		42		

