								大连商品交易所 成交量_买持仓_卖持仓排名	

合约代码：jd2011		Date：2020-09-23	

			期货公司会员	

名次		会员简称	成交量		增减		
1		东证期货	67,784		-29,341		
2		徽商期货	34,502		-19,121		
3		国泰君安	25,529		-11,528		
4		中信期货	22,729		-8,961		
5		银河期货	20,915		-13,382		
6		方正中期	20,532		-16,605		
7		宏源期货	18,792		-8,367		
8		国富期货	18,702		-10,774		
9		海通期货	17,524		-11,221		
10		华安期货	15,957		-10,385		
11		申银万国	15,943		-9,474		
12		中辉期货	15,913		-9,121		
13		东吴期货	14,097		-13,993		
14		中信建投	10,854		-9,661		
15		华泰期货	10,772		-11,767		
16		永安期货	10,297		-5,747		
17		安粮期货	9,273		-5,701		
18		东方财富	9,175		-5,247		
19		光大期货	8,522		-6,983		
20		中州期货	8,099		3,755		
总计				375,911		-213,624	

名次		会员简称	持买单量	增减		
1		徽商期货	6,536		-894		
2		中信期货	6,224		25		
3		永安期货	6,122		1,489		
4		中信建投	5,372		391		
5		方正中期	4,305		-327		
6		银河期货	4,045		126		
7		国泰君安	4,010		-678		
8		华泰期货	3,622		-678		
9		东证期货	3,473		-1,811		
10		华安期货	3,468		-195		
11		宏源期货	3,393		-142		
12		海通期货	3,195		-4,016		
13		光大期货	2,996		61		
14		国信期货	2,710		-258		
15		广发期货	2,543		-266		
16		瑞达期货	2,328		313		
17		南华期货	2,235		-109		
18		东方财富	2,221		-127		
19		国投安信	2,179		100		
20		福能期货	2,178		737		
总计				73,155		-6,259		

名次		会员简称	持卖单量	增减		
1		方正中期	7,652		-1,665		
2		宏源期货	6,496		950		
3		中信建投	5,916		-341		
4		国泰君安	4,784		-425		
5		永安期货	4,650		-1,068		
6		徽商期货	4,274		-76		
7		格林大华	4,089		-180		
8		长江期货	3,701		16		
9		银河期货	3,502		63		
10		招金期货	3,454		606		
11		中信期货	3,426		-102		
12		鲁证期货	3,308		-193		
13		英大期货	3,085		28		
14		美尔雅期货	3,036		-957		
15		北京首创	2,943		-223		
16		瑞达期货	2,910		224		
17		华安期货	2,861		86		
18		先锋期货	2,779		-77		
19		兴证期货	2,722		456		
20		一德期货	2,354		-100		
总计				77,942		-2,978		



会员类别	总成交量	增减		
期货公司会员	375,911		-213,624	

会员类别	总持买单量	增减		
期货公司会员	73,155		-6,259		

会员类别	总持卖单量	增减		
期货公司会员	77,942		-2,978		

