								大连商品交易所 成交量_买持仓_卖持仓排名	

合约代码：v2101		Date：2020-09-23	

			期货公司会员	

名次		会员简称	成交量		增减		
1		东证期货	70,374		-12,342		
2		国富期货	15,870		250		
3		华金期货	15,478		-2,405		
4		兴证期货	14,252		-5,915		
5		国泰君安	11,206		-659		
6		中信期货	11,012		-1,118		
7		永安期货	9,588		-165		
8		海通期货	9,140		1,072		
9		徽商期货	7,534		1,843		
10		一德期货	7,247		3,744		
11		华泰期货	6,352		276		
12		申银万国	4,962		-2,681		
13		银河期货	4,587		243		
14		广发期货	4,317		-599		
15		建信期货	3,925		-2,391		
16		方正中期	3,599		-1,032		
17		华安期货	3,501		-866		
18		东吴期货	3,318		405		
19		中辉期货	3,018		-62		
20		国投安信	2,997		-668		
总计				212,277		-23,070		

名次		会员简称	持买单量	增减		
1		永安期货	35,484		2,652		
2		中信期货	12,508		-1,929		
3		一德期货	9,378		-585		
4		国泰君安	6,206		-168		
5		东证期货	5,985		-181		
6		国投安信	5,898		-483		
7		天风期货	5,569		618		
8		兴证期货	5,210		420		
9		申银万国	5,152		953		
10		中粮期货	4,916		-114		
11		海通期货	4,750		-294		
12		华泰期货	4,709		-713		
13		南华期货	4,527		153		
14		浙商期货	4,020		-13		
15		银河期货	3,973		-557		
16		中大期货	3,811		584		
17		鲁证期货	3,747		318		
18		中财期货	2,960		-52		
19		方正中期	2,622		343		
20		建信期货	2,594		-191		
总计				134,019		761		

名次		会员简称	持卖单量	增减		
1		永安期货	23,826		-474		
2		国贸期货	18,760		24		
3		国信期货	16,748		203		
4		中财期货	8,636		-412		
5		浙商期货	7,128		-413		
6		大地期货	6,340		-34		
7		华泰期货	6,298		1,017		
8		信达期货	6,040		140		
9		银河期货	5,905		544		
10		国投安信	5,743		-222		
11		国泰君安	5,413		326		
12		方正中期	5,079		4		
13		中信建投	4,501		214		
14		东证期货	4,325		1,869		
15		中信期货	3,950		91		
16		弘业期货	3,661		-40		
17		申银万国	3,096		51		
18		兴证期货	2,938		32		
19		瑞达期货	2,728		-136		
20		一德期货	2,479		-4,400		
总计				143,594		-1,616		



会员类别	总成交量	增减		
期货公司会员	212,277		-23,070		

会员类别	总持买单量	增减		
期货公司会员	134,019		761		

会员类别	总持卖单量	增减		
期货公司会员	143,594		-1,616		

