								大连商品交易所 成交量_买持仓_卖持仓排名	

合约代码：c2009		Date：2020-08-05	

			期货公司会员	

名次		会员简称	成交量		增减		
1		华泰期货	72,892		-24,527		
2		国泰君安	72,535		-23,020		
3		东证期货	69,092		-291		
4		中信期货	20,356		-8,672		
5		光大期货	16,275		3,386		
6		永安期货	15,710		-1,802		
7		东方财富	14,914		-6,743		
8		新湖期货	13,986		403		
9		北京首创	13,890		9,985		
10		银河期货	13,530		-3,089		
11		广州金控	13,396		1,410		
12		中辉期货	12,601		9,614		
13		华安期货	10,842		4,257		
14		国富期货	10,269		-11,419		
15		金瑞期货	9,712		6,852		
16		海通期货	9,434		-361		
17		中粮期货	8,793		-1,677		
18		徽商期货	8,628		202		
19		国信期货	8,550		48		
20		中信建投	8,360		1,966		
总计				423,765		-43,478		

名次		会员简称	持买单量	增减		
1		中财期货	29,494		-1,104		
2		中信期货	25,096		-2,815		
3		永安期货	19,960		-2,079		
4		光大期货	10,201		-4,059		
5		北京首创	7,384		-8,309		
6		五矿经易	6,907		599		
7		华融融达	6,423		284		
8		广发期货	6,321		-255		
9		宏源期货	5,521		-262		
10		国泰君安	5,498		-691		
11		民生期货	5,018		709		
12		国投安信	5,014		-243		
13		中融汇信	4,992		-867		
14		东证期货	4,981		1,024		
15		华安期货	4,783		-2,159		
16		华泰期货	4,760		-1,503		
17		申银万国	4,492		-559		
18		兴证期货	4,379		-917		
19		中粮期货	4,349		-2,436		
20		建信期货	3,840		623		
总计				169,413		-25,019		

名次		会员简称	持卖单量	增减		
1		中辉期货	26,470		-4,000		
2		中信期货	24,476		-912		
3		金瑞期货	16,865		1,058		
4		永安期货	13,629		-2,040		
5		中粮期货	13,426		-3,445		
6		银河期货	11,657		-190		
7		光大期货	9,316		-505		
8		信达期货	9,158		257		
9		中国国际	8,275		-3,785		
10		国投安信	7,392		-3,405		
11		东证期货	6,895		-6,335		
12		中信建投	6,690		-312		
13		浙商期货	6,645		137		
14		格林大华	6,452		-3,432		
15		国泰君安	5,863		-1,109		
16		华泰期货	4,039		-1,527		
17		国贸期货	3,906		-119		
18		华安期货	3,785		115		
19		海通期货	3,762		813		
20		长江期货	3,718		85		
总计				192,419		-28,651		



会员类别	总成交量	增减		
期货公司会员	423,765		-43,478		

会员类别	总持买单量	增减		
期货公司会员	169,413		-25,019		

会员类别	总持卖单量	增减		
期货公司会员	192,419		-28,651		

