								大连商品交易所 成交量_买持仓_卖持仓排名	

合约代码：cs2009		Date：2020-08-05	

			期货公司会员	

名次		会员简称	成交量		增减		
1		华泰期货	38,010		-8,787		
2		国泰君安	21,003		-5,145		
3		东证期货	17,959		-1,470		
4		中信期货	11,140		2,364		
5		海通期货	9,264		3,459		
6		兴证期货	5,474		23		
7		光大期货	5,366		-359		
8		东方财富	4,759		371		
9		方正中期	4,337		595		
10		徽商期货	4,163		-192		
11		银河期货	4,129		-393		
12		华安期货	3,544		1,123		
13		华西期货	3,177		-1,671		
14		国富期货	3,148		-2,288		
15		中粮期货	2,672		1,408		
16		中信建投	2,671		586		
17		五矿经易	2,600		653		
18		国信期货	2,544		1,053		
19		广发期货	2,524		-18		
20		长江期货	1,864		109		
总计				150,348		-8,579		

名次		会员简称	持买单量	增减		
1		中信期货	3,721		-2,936		
2		宏源期货	2,982		-83		
3		海通期货	2,819		-1,168		
4		华泰期货	2,600		-1,953		
5		中财期货	2,172		299		
6		方正中期	2,022		217		
7		国贸期货	1,938		127		
8		广发期货	1,709		657		
9		东证期货	1,645		27		
10		国泰君安	1,644		137		
11		鲁证期货	1,617		-419		
12		永安期货	1,564		-731		
13		银河期货	1,450		155		
14		兴证期货	1,314		-228		
15		徽商期货	1,256		5		
16		五矿经易	1,200		466		
17		华西期货	1,177		-121		
18		国投安信	1,166		582		
19		南华期货	1,134		192		
20		长江期货	1,020		333		
总计				36,150		-4,442		

名次		会员简称	持卖单量	增减		
1		中粮期货	9,734		-2,157		
2		国金期货	8,504		-5		
3		金瑞期货	4,927		11		
4		中信期货	4,689		-164		
5		永安期货	4,633		211		
6		国泰君安	2,730		-1,044		
7		国富期货	2,358		-186		
8		中融汇信	2,150		-1,200		
9		鲁证期货	1,900		-28		
10		兴证期货	1,834		-116		
11		南华期货	1,273		-79		
12		东吴期货	1,221		-63		
13		华泰期货	1,106		-59		
14		东证期货	1,068		-8		
15		广发期货	885		-153		
16		国海良时	863		-15		
17		北京首创	809		-486		
18		东航期货	690		53		
19		中辉期货	608		6		
20		五矿经易	583		-1,074		
总计				52,565		-6,556		



会员类别	总成交量	增减		
期货公司会员	150,348		-8,579		

会员类别	总持买单量	增减		
期货公司会员	36,150		-4,442		

会员类别	总持卖单量	增减		
期货公司会员	52,565		-6,556		

