								大连商品交易所 成交量_买持仓_卖持仓排名	

合约代码：cs2011		Date：2020-08-05	

			期货公司会员	

名次		会员简称	成交量		增减		
1		中粮期货	1,802		300		
2		海通期货	1,687		267		
3		五矿经易	1,600		124		
4		中信期货	1,229		197		
5		鲁证期货	1,170		215		
6		光大期货	1,057		126		
7		南华期货	1,054		108		
8		国泰君安	970		235		
9		格林大华	960		-518		
10		招商期货	923		440		
11		新湖期货	831		6		
12		东证期货	800		-344		
13		方正中期	767		84		
14		浙商期货	708		128		
15		华闻期货	696		-85		
16		中信建投	532		-228		
17		前海期货	80		80		
18		华泰期货	60		-73		
19		宏源期货	50		17		
20		徽商期货	34		-14		
总计				17,010		1,065		

名次		会员简称	持买单量	增减		
1		中信期货	1,311		0		
2		鲁证期货	1,172		344		
3		南华期货	1,106		0		
4		海通期货	1,100		0		
5		浙商期货	1,043		2		
6		光大期货	1,003		-2		
7		中粮期货	908		0		
8		中信建投	800		-2		
9		招商期货	795		191		
10		五矿经易	790		129		
11		格林大华	407		1		
12		金瑞期货	324		0		
13		新湖期货	311		0		
14		华泰期货	225		44		
15		东证期货	138		-24		
16		徽商期货	90		-12		
17		国泰君安	77		-41		
18		中大期货	42		-7		
19		国海良时	41		-6		
20		华安期货	22		-20		
总计				11,705		597		

名次		会员简称	持卖单量	增减		
1		中信期货	1,720		1		
2		鲁证期货	1,171		346		
3		海通期货	1,105		5		
4		南华期货	1,103		0		
5		光大期货	1,008		3		
6		浙商期货	1,008		0		
7		中粮期货	904		0		
8		招商期货	801		200		
9		中信建投	800		0		
10		五矿经易	790		129		
11		金瑞期货	433		0		
12		格林大华	407		1		
13		新湖期货	312		-1		
14		东证期货	175		36		
15		国泰君安	54		-1		
16		华泰期货	18		0		
17		前海期货	15		-80		
18		天风期货	8		-1		
19		平安期货	2		0		
20		华闻期货	2		-8		
总计				11,836		630		



会员类别	总成交量	增减		
期货公司会员	17,010		1,065		

会员类别	总持买单量	增减		
期货公司会员	11,705		597		

会员类别	总持卖单量	增减		
期货公司会员	11,836		630		

