								大连商品交易所 成交量_买持仓_卖持仓排名	

合约代码：p2101		Date：2020-08-05	

			期货公司会员	

名次		会员简称	成交量		增减		
1		东证期货	86,454		14,517		
2		光大期货	38,959		9,121		
3		国泰君安	24,438		3,198		
4		中信期货	21,378		2,339		
5		申银万国	19,721		5,176		
6		兴证期货	13,805		2,276		
7		华泰期货	12,017		-391		
8		海通期货	11,813		932		
9		国富期货	11,742		5,189		
10		华安期货	9,974		-4,426		
11		国投安信	8,849		4,555		
12		安粮期货	8,078		1,296		
13		海证期货	7,960		-2,173		
14		徽商期货	7,785		1,500		
15		中粮期货	7,757		3,233		
16		国元期货	7,687		-1,785		
17		宏源期货	6,714		1,415		
18		广发期货	6,538		2,599		
19		永安期货	5,594		2,433		
20		长江期货	5,421		682		
总计				322,684		51,686		

名次		会员简称	持买单量	增减		
1		国富期货	19,008		-3,522		
2		五矿经易	9,556		2,079		
3		大地期货	8,197		727		
4		永安期货	8,145		298		
5		天风期货	8,027		354		
6		浙商期货	7,423		-199		
7		方正中期	6,930		436		
8		摩根大通	6,071		3,500		
9		广发期货	6,014		-104		
10		中信期货	5,665		1,588		
11		国泰君安	5,240		806		
12		徽商期货	4,514		709		
13		一德期货	4,358		-16		
14		申银万国	3,761		-37		
15		国投安信	3,661		-1,955		
16		华泰期货	3,442		-374		
17		银河期货	3,298		608		
18		华安期货	3,169		407		
19		上海中期	3,098		142		
20		中信建投	2,890		-328		
总计				122,467		5,119		

名次		会员简称	持卖单量	增减		
1		国富期货	11,511		594		
2		国投安信	11,324		2,256		
3		中粮期货	10,915		2,111		
4		摩根大通	10,331		6		
5		银河期货	9,430		211		
6		鲁证期货	7,342		294		
7		建信期货	7,180		10		
8		国泰君安	7,160		956		
9		申银万国	7,063		-252		
10		永安期货	7,061		2		
11		一德期货	6,323		-27		
12		国贸期货	5,621		1,017		
13		海通期货	4,753		160		
14		中信期货	4,477		-398		
15		广发期货	4,286		-44		
16		英大期货	4,224		-21		
17		东证期货	3,958		-417		
18		海证期货	3,868		577		
19		宏源期货	3,822		89		
20		华泰期货	3,525		487		
总计				134,174		7,611		



会员类别	总成交量	增减		
期货公司会员	322,684		51,686		

会员类别	总持买单量	增减		
期货公司会员	122,467		5,119		

会员类别	总持卖单量	增减		
期货公司会员	134,174		7,611		

