								大连商品交易所 成交量_买持仓_卖持仓排名	

合约代码：eb2009		Date：2020-08-05	

			期货公司会员	

名次		会员简称	成交量		增减		
1		东证期货	18,652		-2,130		
2		国富期货	7,874		-2,379		
3		华泰期货	6,677		294		
4		中信期货	5,497		-1,330		
5		海通期货	3,901		-1,672		
6		国泰君安	3,596		-1,778		
7		创元期货	3,568		-415		
8		徽商期货	2,861		-1,037		
9		永安期货	2,575		-1,392		
10		中信建投	2,374		-978		
11		南华期货	2,213		-1,243		
12		申银万国	2,103		-1,321		
13		方正中期	1,732		-1,550		
14		东吴期货	1,708		-151		
15		美尔雅期货	1,538		95		
16		兴证期货	1,441		-243		
17		光大期货	1,426		-543		
18		招商期货	1,286		178		
19		宏源期货	1,220		-776		
20		银河期货	1,214		-40		
总计				73,456		-18,411		

名次		会员简称	持买单量	增减		
1		信达期货	11,553		-261		
2		永安期货	10,278		-292		
3		中州期货	5,405		-59		
4		华泰期货	5,103		-9		
5		银河期货	3,768		-85		
6		瑞达期货	3,283		39		
7		徽商期货	3,230		15		
8		中信建投	3,143		-111		
9		中信期货	2,664		-256		
10		国泰君安	1,915		-46		
11		招商期货	1,903		-83		
12		大地期货	1,886		30		
13		中粮期货	1,878		-189		
14		东证期货	1,842		-45		
15		国投安信	1,808		34		
16		方正中期	1,544		-93		
17		海通期货	1,512		-24		
18		广发期货	1,342		40		
19		南华期货	1,311		-294		
20		新湖期货	1,269		10		
总计				66,637		-1,679		

名次		会员简称	持卖单量	增减		
1		永安期货	11,138		107		
2		南华期货	5,808		277		
3		国投安信	5,127		42		
4		银河期货	5,031		-321		
5		华泰期货	4,506		-1,216		
6		浙商期货	4,054		-97		
7		国泰君安	3,735		-78		
8		中信建投	3,285		-19		
9		中信期货	2,998		-13		
10		东证期货	2,712		-949		
11		中财期货	2,498		-348		
12		天风期货	2,457		-6		
13		一德期货	2,424		571		
14		鲁证期货	2,376		-175		
15		华融融达	1,963		901		
16		兴业期货	1,806		-113		
17		兴证期货	1,443		-219		
18		大地期货	1,438		18		
19		东航期货	1,409		-2		
20		长城期货	1,381		1		
总计				67,589		-1,639		



会员类别	总成交量	增减		
期货公司会员	73,456		-18,411		

会员类别	总持买单量	增减		
期货公司会员	66,637		-1,679		

会员类别	总持卖单量	增减		
期货公司会员	67,589		-1,639		

