								大连商品交易所 成交量_买持仓_卖持仓排名	

合约代码：a2101		Date：2020-08-05	

			期货公司会员	

名次		会员简称	成交量		增减		
1		华泰期货	16,401		7,244		
2		永安期货	6,744		5,616		
3		中信期货	5,124		2,152		
4		新湖期货	4,352		1,309		
5		国泰君安	3,994		3,022		
6		海通期货	3,981		2,396		
7		徽商期货	3,641		2,401		
8		申银万国	3,615		1,332		
9		东证期货	3,188		1,586		
10		华安期货	3,047		1,472		
11		深圳金汇	2,773		1,389		
12		北京首创	2,606		2,378		
13		招金期货	2,357		1,429		
14		国投安信	2,031		533		
15		方正中期	1,953		1,041		
16		银河期货	1,855		1,331		
17		五矿经易	1,682		1,334		
18		国富期货	1,668		623		
19		宏源期货	1,652		744		
20		一德期货	1,622		1,030		
总计				74,286		40,362		

名次		会员简称	持买单量	增减		
1		信达期货	5,180		41		
2		中信期货	5,123		279		
3		深圳金汇	4,107		2,629		
4		国投安信	3,569		14		
5		新湖期货	2,899		-3,533		
6		中粮期货	2,256		55		
7		永安期货	1,867		113		
8		宏源期货	1,664		-276		
9		方正中期	1,385		287		
10		海证期货	1,095		47		
11		平安期货	1,055		77		
12		瑞达期货	1,011		29		
13		五矿经易	968		-343		
14		鲁证期货	865		-353		
15		东证期货	758		18		
16		大地期货	758		-83		
17		东吴期货	731		-73		
18		东方财富	699		83		
19		一德期货	678		-239		
20		银河期货	669		46		
总计				37,337		-1,182		

名次		会员简称	持卖单量	增减		
1		国投安信	6,686		-571		
2		鲁证期货	4,015		525		
3		永安期货	3,593		-4,305		
4		一德期货	3,475		-631		
5		北京首创	3,215		-2,183		
6		华安期货	3,100		509		
7		银河期货	2,872		159		
8		浙商期货	1,831		33		
9		招金期货	1,665		558		
10		广发期货	1,644		83		
11		天风期货	1,631		208		
12		徽商期货	1,507		783		
13		迈科期货	1,468		-109		
14		国泰君安	1,465		-1,859		
15		金元期货	1,350		58		
16		广州金控	1,190		-259		
17		中信期货	1,008		17		
18		浙江新世纪	969		624		
19		中粮期货	820		25		
20		华泰期货	802		-332		
总计				44,306		-6,667		



会员类别	总成交量	增减		
期货公司会员	74,286		40,362		

会员类别	总持买单量	增减		
期货公司会员	37,337		-1,182		

会员类别	总持卖单量	增减		
期货公司会员	44,306		-6,667		

