								大连商品交易所 成交量_买持仓_卖持仓排名	

合约代码：c2105		Date：2020-08-05	

			期货公司会员	

名次		会员简称	成交量		增减		
1		东证期货	9,250		1,455		
2		华泰期货	6,881		-7,448		
3		光大期货	6,788		-1,880		
4		金瑞期货	6,451		974		
5		中天期货	3,386		644		
6		永安期货	2,427		-473		
7		东海期货	2,325		-622		
8		银河期货	2,250		1,170		
9		鲁证期货	2,243		1,444		
10		中信期货	2,216		1,444		
11		华闻期货	1,881		-175		
12		徽商期货	1,843		-24		
13		国泰君安	1,543		340		
14		东兴期货	1,501		1,497		
15		冠通期货	1,333		538		
16		华金期货	1,316		379		
17		国富期货	1,314		363		
18		宏源期货	1,297		214		
19		安粮期货	1,295		-2,018		
20		华安期货	1,226		-67		
总计				58,766		-2,245		

名次		会员简称	持买单量	增减		
1		鲁证期货	41,548		1,948		
2		北京首创	32,916		70		
3		国泰君安	28,749		50		
4		一德期货	18,372		-718		
5		中信期货	16,958		-139		
6		光大期货	16,924		-43		
7		中信建投	11,476		501		
8		华泰期货	8,940		597		
9		中州期货	8,803		50		
10		永安期货	7,877		491		
11		中粮期货	7,848		9		
12		摩根大通	7,657		0		
13		招金期货	6,250		-536		
14		徽商期货	5,536		620		
15		东吴期货	4,750		12		
16		东海期货	4,133		1,354		
17		中辉期货	3,869		-98		
18		混沌天成	3,725		136		
19		国投安信	3,588		-240		
20		金瑞期货	3,408		144		
总计				243,327		4,208		

名次		会员简称	持卖单量	增减		
1		永安期货	42,827		900		
2		中粮期货	27,782		-17		
3		光大期货	26,445		975		
4		南华期货	24,531		-280		
5		金瑞期货	22,611		-1		
6		中信期货	18,964		113		
7		华融融达	14,533		0		
8		华泰期货	12,677		110		
9		国投安信	11,897		201		
10		海证期货	11,482		-9		
11		鲁证期货	11,127		3		
12		东证期货	8,233		143		
13		浙商期货	5,824		7		
14		北京首创	4,853		-196		
15		五矿经易	4,128		500		
16		建信期货	3,760		73		
17		美尔雅期货	3,408		-8		
18		国泰君安	3,308		-13		
19		东海期货	2,592		201		
20		徽商期货	2,445		-35		
总计				263,427		2,667		



会员类别	总成交量	增减		
期货公司会员	58,766		-2,245		

会员类别	总持买单量	增减		
期货公司会员	243,327		4,208		

会员类别	总持卖单量	增减		
期货公司会员	263,427		2,667		

