								大连商品交易所 成交量_买持仓_卖持仓排名	

合约代码：i2010		Date：2020-08-05	

			期货公司会员	

名次		会员简称	成交量		增减		
1		华闻期货	9,590		1,895		
2		国泰君安	5,649		2,873		
3		申银万国	4,706		-745		
4		东证期货	4,221		2,799		
5		方正中期	4,147		-1,015		
6		光大期货	3,244		708		
7		新湖期货	3,064		457		
8		宏源期货	2,545		1,151		
9		五矿经易	2,510		614		
10		永安期货	2,262		-164		
11		中信期货	2,142		-873		
12		锦泰期货	1,950		826		
13		招商期货	1,728		199		
14		鲁证期货	1,404		-531		
15		中信建投	1,286		-258		
16		弘业期货	1,182		-590		
17		浙商期货	798		-85		
18		国投安信	748		-2,046		
19		海通期货	641		191		
20		南华期货	506		-381		
总计				54,323		5,025		

名次		会员简称	持买单量	增减		
1		方正中期	1,333		-121		
2		招商期货	997		200		
3		永安期货	810		-8		
4		南华期货	716		0		
5		国投安信	714		0		
6		五矿经易	708		1		
7		宏源期货	679		164		
8		中信期货	645		-57		
9		浙商期货	524		-14		
10		弘业期货	502		4		
11		中信建投	450		150		
12		海通期货	424		-9		
13		鲁证期货	413		-3		
14		冠通期货	200		0		
15		申银万国	177		-15		
16		信达期货	155		0		
17		徽商期货	152		150		
18		国海良时	142		-2		
19		国富期货	124		-15		
20		宝城期货	121		7		
总计				9,986		432		

名次		会员简称	持卖单量	增减		
1		招商期货	1,352		214		
2		永安期货	916		-4		
3		国投安信	749		10		
4		海通期货	722		-10		
5		南华期货	713		0		
6		五矿经易	708		1		
7		宏源期货	684		167		
8		方正中期	639		-148		
9		中信期货	626		-17		
10		弘业期货	504		-4		
11		中信建投	464		150		
12		鲁证期货	416		-13		
13		浙商期货	324		-4		
14		深圳金汇	224		0		
15		冠通期货	200		0		
16		申银万国	184		-25		
17		国海良时	145		-2		
18		光大期货	125		42		
19		宝城期货	120		6		
20		徽商期货	102		-2		
总计				9,917		361		



会员类别	总成交量	增减		
期货公司会员	54,323		5,025		

会员类别	总持买单量	增减		
期货公司会员	9,986		432		

会员类别	总持卖单量	增减		
期货公司会员	9,917		361		

