								大连商品交易所 成交量_买持仓_卖持仓排名	

合约代码：jd2010		Date：2020-08-05	

			期货公司会员	

名次		会员简称	成交量		增减		
1		东证期货	18,060		1,524		
2		海通期货	6,745		1,494		
3		国泰君安	5,063		1,480		
4		华安期货	4,695		267		
5		徽商期货	4,577		-802		
6		申银万国	4,319		-825		
7		宏源期货	4,271		1,911		
8		方正中期	4,054		-415		
9		国富期货	3,894		1,224		
10		光大期货	3,619		63		
11		中信建投	3,171		393		
12		中信期货	2,745		1,826		
13		安粮期货	2,366		292		
14		瑞达期货	2,139		632		
15		天风期货	2,057		-1,102		
16		中辉期货	1,967		525		
17		鲁证期货	1,861		356		
18		华泰期货	1,824		-925		
19		先锋期货	1,772		1,042		
20		东方财富	1,618		-349		
总计				80,817		8,611		

名次		会员简称	持买单量	增减		
1		方正中期	4,451		142		
2		徽商期货	3,543		173		
3		国泰君安	3,293		-57		
4		南华期货	2,746		-12		
5		中信期货	2,548		35		
6		光大期货	2,319		281		
7		东方财富	2,261		230		
8		永安期货	2,178		200		
9		华泰期货	2,032		216		
10		宏源期货	1,943		-283		
11		华安期货	1,904		-49		
12		银河期货	1,825		-66		
13		中信建投	1,776		0		
14		长江期货	1,642		50		
15		东证期货	1,622		-150		
16		鲁证期货	1,560		73		
17		一德期货	1,406		-11		
18		海通期货	1,394		-478		
19		广发期货	1,380		82		
20		中辉期货	1,256		37		
总计				43,079		413		

名次		会员简称	持卖单量	增减		
1		华安期货	4,039		70		
2		东证期货	3,790		2,224		
3		中信建投	3,459		1,023		
4		宏源期货	2,976		-300		
5		永安期货	2,927		-45		
6		浙商期货	2,486		-299		
7		徽商期货	2,430		-224		
8		先锋期货	2,276		-147		
9		国泰君安	2,213		-1,198		
10		方正中期	2,077		20		
11		中信期货	2,065		-558		
12		福能期货	1,978		13		
13		新湖期货	1,913		-6		
14		美尔雅期货	1,822		592		
15		国海良时	1,748		-10		
16		海通期货	1,697		71		
17		长江期货	1,669		85		
18		广州金控	1,638		77		
19		招商期货	1,551		88		
20		五矿经易	1,487		-145		
总计				46,241		1,331		



会员类别	总成交量	增减		
期货公司会员	80,817		8,611		

会员类别	总持买单量	增减		
期货公司会员	43,079		413		

会员类别	总持卖单量	增减		
期货公司会员	46,241		1,331		

