								大连商品交易所 成交量_买持仓_卖持仓排名	

合约代码：eg2009		Date：2020-08-05	

			期货公司会员	

名次		会员简称	成交量		增减		
1		东证期货	104,789		20,732		
2		国富期货	36,783		8,031		
3		海通期货	29,834		19,001		
4		国泰君安	26,737		-2,774		
5		中信期货	25,249		3,181		
6		华泰期货	23,052		-3,117		
7		徽商期货	18,398		616		
8		方正中期	18,398		1,145		
9		华安期货	13,963		2,532		
10		美尔雅期货	13,526		12,002		
11		浙商期货	9,754		-1,604		
12		银河期货	8,812		-528		
13		兴证期货	8,127		1,094		
14		申银万国	7,939		987		
15		华闻期货	7,861		978		
16		天风期货	7,220		-428		
17		东吴期货	7,207		639		
18		宏源期货	7,165		2,487		
19		永安期货	6,567		-2,966		
20		光大期货	6,561		1,585		
总计				387,942		63,593		

名次		会员简称	持买单量	增减		
1		信达期货	9,674		-400		
2		国泰君安	7,206		-18		
3		华泰期货	6,468		721		
4		海通期货	6,080		1,079		
5		中信期货	5,834		1,421		
6		兴证期货	5,756		510		
7		浙商期货	5,413		1,720		
8		中信建投	5,376		2,072		
9		永安期货	5,269		-57		
10		方正中期	4,825		109		
11		东证期货	4,804		217		
12		华闻期货	4,460		-685		
13		银河期货	4,190		-6		
14		广发期货	3,760		163		
15		东海期货	3,488		-32		
16		国投安信	3,279		148		
17		宏源期货	3,266		397		
18		建信期货	3,134		-10		
19		申银万国	3,114		86		
20		中辉期货	2,965		22		
总计				98,361		7,457		

名次		会员简称	持卖单量	增减		
1		永安期货	16,548		-446		
2		华泰期货	10,405		627		
3		中信期货	7,757		564		
4		东海期货	6,371		898		
5		天风期货	6,149		2,396		
6		浙商期货	5,453		158		
7		国贸期货	5,046		774		
8		东证期货	4,677		-670		
9		银河期货	4,528		1,002		
10		南华期货	4,357		631		
11		建信期货	4,275		371		
12		宝城期货	4,251		-562		
13		国泰君安	4,118		369		
14		中财期货	4,037		517		
15		国投安信	3,569		-7		
16		上海中期	3,511		390		
17		五矿经易	3,510		205		
18		东吴期货	3,507		73		
19		新湖期货	3,445		497		
20		申银万国	3,169		433		
总计				108,683		8,220		



会员类别	总成交量	增减		
期货公司会员	387,942		63,593		

会员类别	总持买单量	增减		
期货公司会员	98,361		7,457		

会员类别	总持卖单量	增减		
期货公司会员	108,683		8,220		

