								大连商品交易所 成交量_买持仓_卖持仓排名	

合约代码：l2101		Date：2020-08-14	

			期货公司会员	

名次		会员简称	成交量		增减		
1		东证期货	41,399		2,073		
2		国泰君安	17,958		3,864		
3		中信期货	17,241		3,274		
4		华泰期货	10,558		1,339		
5		国富期货	9,796		4,298		
6		永安期货	6,339		-763		
7		兴证期货	5,784		1,880		
8		光大期货	5,530		524		
9		鲁证期货	5,442		1,663		
10		银河期货	5,172		-2,685		
11		弘业期货	5,167		1,901		
12		中信建投	4,948		-322		
13		方正中期	4,174		-2,098		
14		海通期货	3,638		601		
15		山金期货	3,607		1,971		
16		长江期货	3,312		806		
17		徽商期货	3,029		-12		
18		宏源期货	2,923		-1,118		
19		申银万国	2,692		-1,570		
20		瑞达期货	2,556		-261		
总计				161,265		15,365		

名次		会员简称	持买单量	增减		
1		永安期货	37,172		1,151		
2		信达期货	18,533		-109		
3		东证期货	9,869		287		
4		中信期货	7,730		431		
5		中粮期货	6,018		-101		
6		银河期货	5,596		-683		
7		弘业期货	5,532		3,998		
8		国泰君安	5,258		896		
9		华泰期货	4,252		-1,732		
10		大越期货	4,066		61		
11		中辉期货	3,940		197		
12		华安期货	3,614		-136		
13		东海期货	3,595		-3		
14		方正中期	3,464		-335		
15		大地期货	3,287		-349		
16		新湖期货	3,168		-135		
17		南华期货	3,167		7		
18		海通期货	3,023		-310		
19		浙商期货	2,920		11		
20		徽商期货	2,903		142		
总计				137,107		3,288		

名次		会员简称	持卖单量	增减		
1		华泰期货	12,368		8		
2		中信建投	11,494		-1,204		
3		光大期货	11,352		415		
4		永安期货	9,767		702		
5		建信期货	9,730		603		
6		中信期货	7,966		1,702		
7		上海中期	7,198		719		
8		银河期货	7,096		397		
9		中银期货	6,830		-35		
10		东证期货	6,762		-120		
11		浙商期货	6,186		127		
12		中国国际	6,110		-22		
13		国海良时	5,953		161		
14		兴业期货	5,000		-469		
15		和合期货	4,772		-26		
16		申银万国	4,477		26		
17		方正中期	4,476		223		
18		国投安信	4,200		458		
19		中大期货	4,061		-105		
20		南华期货	3,323		-11		
总计				139,121		3,549		



会员类别	总成交量	增减		
期货公司会员	161,265		15,365		

会员类别	总持买单量	增减		
期货公司会员	137,107		3,288		

会员类别	总持卖单量	增减		
期货公司会员	139,121		3,549		

