								大连商品交易所 成交量_买持仓_卖持仓排名	

合约代码：y2105		Date：2020-08-14	

			期货公司会员	

名次		会员简称	成交量		增减		
1		华安期货	2,616		-2,150		
2		中粮期货	2,405		1,378		
3		光大期货	2,027		-3,671		
4		国泰君安	2,027		-3,271		
5		东证期货	1,925		-2,351		
6		银河期货	1,706		76		
7		广发期货	1,692		136		
8		方正中期	1,436		-651		
9		华泰期货	1,274		349		
10		国富期货	1,258		147		
11		中信期货	995		-3,272		
12		国元期货	972		-296		
13		永安期货	831		-560		
14		国投安信	736		-1,903		
15		中天期货	705		-2,197		
16		宏源期货	683		-1,712		
17		申银万国	666		-2,429		
18		先锋期货	590		82		
19		华闻期货	589		-407		
20		天风期货	583		184		
总计				25,716		-22,518		

名次		会员简称	持买单量	增减		
1		中财期货	9,306		-52		
2		五矿经易	9,040		-238		
3		上海中期	7,326		-131		
4		中粮期货	5,448		-246		
5		永安期货	3,472		186		
6		中信期货	3,454		19		
7		光大期货	3,387		-35		
8		东证期货	3,283		-280		
9		大越期货	3,108		-27		
10		国投安信	2,949		110		
11		浙商期货	2,774		-294		
12		国泰君安	2,227		312		
13		兴证期货	1,878		3		
14		广发期货	1,733		5		
15		银河期货	1,279		-249		
16		华泰期货	1,250		-158		
17		国元期货	1,003		-157		
18		摩根大通	1,000		0		
19		南华期货	988		256		
20		中州期货	914		-169		
总计				65,819		-1,145		

名次		会员简称	持卖单量	增减		
1		中粮期货	27,871		-2,021		
2		摩根大通	10,322		0		
3		海通期货	6,755		39		
4		平安期货	6,536		12		
5		一德期货	4,286		195		
6		新湖期货	4,154		-8		
7		银河期货	3,053		-1,313		
8		中信期货	2,762		4		
9		鲁证期货	2,522		6		
10		五矿经易	2,236		0		
11		国投安信	1,685		0		
12		兴证期货	1,549		22		
13		国泰君安	1,498		9		
14		国富期货	1,335		380		
15		华融融达	1,215		-2		
16		华泰期货	1,122		26		
17		中大期货	916		-10		
18		北京首创	886		2		
19		北京金鹏	680		0		
20		永安期货	672		5		
总计				82,055		-2,654		



会员类别	总成交量	增减		
期货公司会员	25,716		-22,518		

会员类别	总持买单量	增减		
期货公司会员	65,819		-1,145		

会员类别	总持卖单量	增减		
期货公司会员	82,055		-2,654		

