								大连商品交易所 成交量_买持仓_卖持仓排名	

合约代码：c2009		Date：2020-08-14	

			期货公司会员	

名次		会员简称	成交量		增减		
1		东证期货	30,170		17,152		
2		华泰期货	20,748		4,880		
3		中信期货	15,305		3,613		
4		国泰君安	11,965		3,858		
5		光大期货	8,690		3,814		
6		浙商期货	8,672		431		
7		广发期货	5,888		5,386		
8		东方财富	5,105		3,351		
9		银河期货	5,103		2,467		
10		国富期货	4,722		2,501		
11		永安期货	4,697		2,214		
12		长安期货	3,962		2,157		
13		华安期货	3,600		1,401		
14		金瑞期货	3,114		1,584		
15		鲁证期货	2,952		891		
16		新湖期货	2,783		1,656		
17		长江期货	2,746		1,105		
18		中信建投	2,741		991		
19		大有期货	2,366		2,221		
20		宏源期货	2,339		1,595		
总计				147,668		63,268		

名次		会员简称	持买单量	增减		
1		广发期货	16,586		-4,431		
2		中财期货	10,805		-124		
3		国投安信	7,235		524		
4		永安期货	6,988		-770		
5		鲁证期货	4,846		-221		
6		中信期货	4,763		-130		
7		华泰期货	3,483		247		
8		国泰君安	2,682		-1,123		
9		混沌天成	2,520		-2		
10		中国国际	2,380		-103		
11		华融融达	2,166		-1		
12		光大期货	2,102		173		
13		中原期货	2,033		-997		
14		金瑞期货	1,867		989		
15		五矿经易	1,733		556		
16		浙商期货	1,706		-1,713		
17		申银万国	1,621		-57		
18		宏源期货	1,346		-593		
19		北京首创	1,275		-991		
20		兴证期货	1,237		-657		
总计				79,374		-9,424		

名次		会员简称	持卖单量	增减		
1		中信期货	10,871		-4,977		
2		金瑞期货	7,673		-1,205		
3		信达期货	6,813		-1,823		
4		光大期货	6,483		-53		
5		中粮期货	5,980		-736		
6		永安期货	5,807		-1,345		
7		银河期货	5,271		251		
8		浙商期货	3,411		-1,419		
9		国贸期货	3,191		0		
10		北京首创	2,541		-125		
11		国泰君安	2,464		-886		
12		兴证期货	2,414		-524		
13		鲁证期货	2,309		557		
14		华泰期货	2,267		-199		
15		中国国际	2,253		-49		
16		广发期货	1,883		391		
17		国投安信	1,880		189		
18		西南期货	1,765		-561		
19		五矿经易	1,515		-377		
20		海通期货	1,399		-12		
总计				78,190		-12,903		



会员类别	总成交量	增减		
期货公司会员	147,668		63,268		

会员类别	总持买单量	增减		
期货公司会员	79,374		-9,424		

会员类别	总持卖单量	增减		
期货公司会员	78,190		-12,903		

