								大连商品交易所 成交量_买持仓_卖持仓排名	

合约代码：m2101		Date：2020-08-14	

			期货公司会员	

名次		会员简称	成交量		增减		
1		东证期货	364,917		-121,916	
2		国泰君安	186,438		6,706		
3		国富期货	98,205		-16,654		
4		中信期货	60,646		-16,052		
5		海通期货	53,069		-8,642		
6		永安期货	47,969		-10,852		
7		格林大华	43,982		-47,781		
8		方正中期	43,809		7,984		
9		徽商期货	41,499		8,588		
10		华泰期货	40,611		-6,718		
11		银河期货	38,279		-289		
12		国投安信	37,472		-14,711		
13		中粮期货	29,125		-5,027		
14		申银万国	27,983		-11,438		
15		光大期货	27,884		-4,554		
16		新湖期货	26,908		17,027		
17		兴证期货	26,494		-6,897		
18		一德期货	26,454		9,654		
19		弘业期货	24,113		9,778		
20		东方财富	22,589		-266		
总计				1,268,446	-212,060	

名次		会员简称	持买单量	增减		
1		永安期货	104,124		785		
2		中粮期货	72,694		-3,509		
3		中信期货	59,083		1,254		
4		一德期货	49,298		9,512		
5		国泰君安	35,572		3,667		
6		国投安信	34,157		-1,135		
7		宏源期货	32,703		552		
8		新湖期货	31,950		-1,774		
9		浙商期货	31,690		-1,303		
10		鲁证期货	31,557		-88		
11		银河期货	31,407		-1,002		
12		华泰期货	30,386		-2,883		
13		南华期货	30,207		-3,383		
14		摩根大通	27,722		-440		
15		东证期货	26,326		-887		
16		方正中期	25,580		-686		
17		申银万国	24,577		-1,584		
18		海通期货	21,164		-450		
19		海证期货	20,023		445		
20		瑞达期货	19,340		513		
总计				739,560		-2,396		

名次		会员简称	持卖单量	增减		
1		中粮期货	191,582		10,802		
2		国投安信	169,603		-1,287		
3		中信期货	118,282		2,938		
4		银河期货	100,968		1,679		
5		摩根大通	71,544		300		
6		国泰君安	65,873		-2,393		
7		一德期货	50,529		268		
8		平安期货	45,454		2,812		
9		新湖期货	44,629		-604		
10		鲁证期货	36,852		-103		
11		东证期货	29,165		4,620		
12		海通期货	23,961		7,933		
13		北京首创	23,202		189		
14		广发期货	19,762		3,337		
15		中天期货	19,715		-675		
16		永安期货	19,463		448		
17		建信期货	15,855		-901		
18		格林大华	15,096		-428		
19		五矿经易	14,906		481		
20		华泰期货	14,222		-2,336		
总计				1,090,663	27,080		



会员类别	总成交量	增减		
期货公司会员	1,268,446	-212,060	

会员类别	总持买单量	增减		
期货公司会员	739,560		-2,396		

会员类别	总持卖单量	增减		
期货公司会员	1,090,663	27,080		

