								大连商品交易所 成交量_买持仓_卖持仓排名	

合约代码：rr2010		Date：2020-08-14	

			期货公司会员	

名次		会员简称	成交量		增减		
1		东证期货	4,869		-1,678		
2		国泰君安	4,774		1,961		
3		华闻期货	4,115		-3,476		
4		海通期货	2,177		-620		
5		五矿经易	1,668		-166		
6		方正中期	1,384		-892		
7		格林大华	1,315		-309		
8		浙商期货	1,251		-148		
9		永安期货	1,211		-286		
10		中原期货	1,200		-189		
11		申银万国	1,059		-484		
12		美尔雅期货	985		-151		
13		光大期货	947		-142		
14		国富期货	881		-192		
15		鲁证期货	781		544		
16		徽商期货	756		284		
17		中信建投	733		-119		
18		华安期货	633		71		
19		华泰期货	597		459		
20		东方财富	465		158		
总计				31,801		-5,375		

名次		会员简称	持买单量	增减		
1		方正中期	1,452		26		
2		中信建投	1,215		-3		
3		海通期货	1,097		-2		
4		光大期货	1,047		12		
5		宏源期货	1,029		53		
6		安粮期货	1,017		211		
7		五矿经易	1,005		6		
8		永安期货	945		26		
9		国泰君安	921		48		
10		格林大华	544		6		
11		国海良时	464		9		
12		中原期货	370		8		
13		广发期货	302		112		
14		中粮期货	293		249		
15		申银万国	274		33		
16		东航期货	254		4		
17		东方财富	163		-72		
18		徽商期货	158		-21		
19		南华期货	147		7		
20		天风期货	136		14		
总计				12,833		726		

名次		会员简称	持卖单量	增减		
1		北京首创	2,105		-20		
2		方正中期	1,316		10		
3		海通期货	1,262		331		
4		华安期货	1,197		-120		
5		五矿经易	1,133		66		
6		光大期货	1,029		-7		
7		中信建投	952		0		
8		永安期货	800		7		
9		中投期货	656		130		
10		格林大华	508		-15		
11		华泰期货	495		337		
12		鲁证期货	452		120		
13		国海良时	426		-6		
14		申银万国	386		150		
15		中原期货	305		0		
16		建信期货	218		104		
17		东方财富	205		47		
18		国投安信	201		131		
19		中州期货	200		-2		
20		中信期货	175		37		
总计				14,021		1,300		



会员类别	总成交量	增减		
期货公司会员	31,801		-5,375		

会员类别	总持买单量	增减		
期货公司会员	12,833		726		

会员类别	总持卖单量	增减		
期货公司会员	14,021		1,300		

