								大连商品交易所 成交量_买持仓_卖持仓排名	

合约代码：cs2101		Date：2020-08-14	

			期货公司会员	

名次		会员简称	成交量		增减		
1		华泰期货	13,489		6,828		
2		东证期货	7,802		5,959		
3		中信期货	6,125		2,408		
4		徽商期货	6,108		5,205		
5		国富期货	5,668		5,206		
6		华安期货	5,300		3,967		
7		天风期货	5,229		5,119		
8		和合期货	5,041		4,992		
9		国泰君安	4,812		3,102		
10		广州金控	4,444		4,419		
11		国金期货	3,820		2,601		
12		海通期货	3,393		2,158		
13		长安期货	3,176		3,175		
14		中信建投	3,071		1,853		
15		国投安信	2,999		2,368		
16		永安期货	2,916		2,112		
17		方正中期	2,837		2,321		
18		华闻期货	2,823		1,774		
19		广发期货	2,276		403		
20		安粮期货	2,230		1,126		
总计				93,559		67,096		

名次		会员简称	持买单量	增减		
1		鲁证期货	6,955		189		
2		中信期货	4,177		546		
3		一德期货	4,110		-32		
4		弘业期货	3,513		411		
5		中财期货	2,698		483		
6		中粮期货	2,548		712		
7		中信建投	2,073		660		
8		安粮期货	1,575		866		
9		方正中期	1,548		159		
10		徽商期货	1,524		676		
11		永安期货	1,307		941		
12		国泰君安	1,250		376		
13		华泰期货	1,037		216		
14		华安期货	981		396		
15		中国国际	893		78		
16		南华期货	825		79		
17		银河期货	745		102		
18		中辉期货	639		-63		
19		海通期货	610		317		
20		东证期货	586		98		
总计				39,594		7,210		

名次		会员简称	持卖单量	增减		
1		中粮期货	10,442		806		
2		国金期货	5,384		3,474		
3		永安期货	4,348		1,167		
4		国泰君安	2,874		158		
5		中信期货	2,741		-83		
6		中融汇信	2,333		267		
7		东证期货	1,599		-28		
8		北京首创	1,405		-1		
9		瑞达期货	1,367		356		
10		国投安信	1,344		233		
11		广发期货	1,237		561		
12		中信建投	1,129		11		
13		上海中期	1,126		898		
14		国富期货	1,097		163		
15		上海大陆	1,093		30		
16		华泰期货	1,049		753		
17		银河期货	605		255		
18		五矿经易	536		129		
19		中辉期货	512		183		
20		浙商期货	482		164		
总计				42,703		9,496		



会员类别	总成交量	增减		
期货公司会员	93,559		67,096		

会员类别	总持买单量	增减		
期货公司会员	39,594		7,210		

会员类别	总持卖单量	增减		
期货公司会员	42,703		9,496		

