								大连商品交易所 成交量_买持仓_卖持仓排名	

合约代码：y2101		Date：2020-08-14	

			期货公司会员	

名次		会员简称	成交量		增减		
1		东证期货	167,826		-52,644		
2		中信期货	55,197		-25,510		
3		国富期货	53,669		-24,877		
4		国泰君安	52,308		-21,793		
5		兴证期货	47,006		-16,040		
6		光大期货	43,078		-36,123		
7		申银万国	37,302		-30,650		
8		华泰期货	32,077		-19,259		
9		海通期货	31,507		-17,271		
10		华闻期货	30,650		-30,576		
11		方正中期	22,434		-15,374		
12		徽商期货	17,609		-11,083		
13		银河期货	16,989		-20,713		
14		宏源期货	16,804		-13,635		
15		华安期货	16,573		-15,198		
16		永安期货	15,898		-19,329		
17		广发期货	15,274		-21,791		
18		国投安信	14,441		-18,802		
19		中辉期货	13,454		-18,057		
20		中粮期货	12,166		-11,402		
总计				712,262		-440,127	

名次		会员简称	持买单量	增减		
1		永安期货	43,149		5,252		
2		光大期货	30,253		858		
3		东证期货	22,597		-2,035		
4		银河期货	20,683		-673		
5		浙商期货	19,801		462		
6		国泰君安	19,456		810		
7		广发期货	19,135		1,409		
8		中粮期货	18,859		-155		
9		大越期货	17,081		211		
10		国投安信	16,747		-300		
11		大地期货	16,472		62		
12		天风期货	16,339		-10		
13		华泰期货	16,219		327		
14		一德期货	16,106		-333		
15		中信期货	10,581		-2,920		
16		申银万国	10,195		690		
17		五矿经易	9,449		863		
18		海通期货	9,112		-3,227		
19		东兴期货	8,156		60		
20		海证期货	8,079		841		
总计				348,469		2,192		

名次		会员简称	持卖单量	增减		
1		中粮期货	114,042		2,127		
2		国投安信	61,780		-1,773		
3		中信期货	37,582		-533		
4		广发期货	34,458		4,815		
5		摩根大通	32,065		-82		
6		国泰君安	27,941		536		
7		信达期货	26,354		76		
8		银河期货	26,104		796		
9		一德期货	21,118		2,589		
10		永安期货	14,048		18		
11		北京首创	11,289		95		
12		海通期货	10,692		4,498		
13		南华期货	9,396		681		
14		五矿经易	7,951		-429		
15		华泰期货	7,820		948		
16		上海中期	7,603		605		
17		东证期货	7,508		-991		
18		新湖期货	7,506		-159		
19		国富期货	7,139		-74		
20		鲁证期货	6,907		-87		
总计				479,303		13,656		



会员类别	总成交量	增减		
期货公司会员	712,262		-440,127	

会员类别	总持买单量	增减		
期货公司会员	348,469		2,192		

会员类别	总持卖单量	增减		
期货公司会员	479,303		13,656		

