								大连商品交易所 成交量_买持仓_卖持仓排名	

合约代码：jd2101		Date：2020-08-14	

			期货公司会员	

名次		会员简称	成交量		增减		
1		东证期货	9,401		-852		
2		申银万国	3,974		-65		
3		方正中期	3,518		952		
4		光大期货	3,393		329		
5		徽商期货	3,255		353		
6		宏源期货	3,154		1,409		
7		上海大陆	2,970		-1,464		
8		安粮期货	2,644		-335		
9		中信建投	2,478		-1,531		
10		中辉期货	2,158		699		
11		华泰期货	1,965		347		
12		华安期货	1,941		-715		
13		国泰君安	1,865		951		
14		先锋期货	1,836		822		
15		中信期货	1,822		-67		
16		永安期货	1,781		584		
17		金瑞期货	1,613		501		
18		中州期货	1,549		1,387		
19		鲁证期货	1,410		536		
20		银河期货	1,363		457		
总计				54,090		4,298		

名次		会员简称	持买单量	增减		
1		永安期货	3,169		137		
2		徽商期货	2,687		-255		
3		中辉期货	2,077		151		
4		方正中期	1,735		-780		
5		中财期货	1,549		-87		
6		国泰君安	1,371		-1,198		
7		中信建投	1,253		-328		
8		华融融达	1,201		-32		
9		北京首创	1,199		1		
10		申银万国	1,155		-39		
11		安粮期货	1,101		-65		
12		中信期货	1,064		-16		
13		银河期货	1,027		-235		
14		新湖期货	1,015		-15		
15		华安期货	1,005		-27		
16		广发期货	886		-5		
17		浙商期货	860		-190		
18		宏源期货	830		17		
19		东航期货	803		-18		
20		华闻期货	789		-42		
总计				26,776		-3,026		

名次		会员简称	持卖单量	增减		
1		永安期货	3,113		-112		
2		福能期货	3,090		-248		
3		英大期货	2,017		-731		
4		中信建投	1,946		-592		
5		光大期货	1,445		175		
6		方正中期	1,395		-1,018		
7		华安期货	1,389		112		
8		华泰期货	1,275		-1,018		
9		美尔雅期货	1,201		-91		
10		国泰君安	1,164		55		
11		南华期货	1,161		-3		
12		鲁证期货	1,148		-248		
13		徽商期货	1,142		-192		
14		安粮期货	1,123		-185		
15		中国国际	1,111		46		
16		海通期货	1,109		-149		
17		国海良时	1,097		197		
18		北京首创	1,002		-265		
19		宏源期货	953		-151		
20		一德期货	953		-281		
总计				28,834		-4,699		



会员类别	总成交量	增减		
期货公司会员	54,090		4,298		

会员类别	总持买单量	增减		
期货公司会员	26,776		-3,026		

会员类别	总持卖单量	增减		
期货公司会员	28,834		-4,699		

