								大连商品交易所 成交量_买持仓_卖持仓排名	

合约代码：i2105		Date：2020-08-14	

			期货公司会员	

名次		会员简称	成交量		增减		
1		东证期货	8,915		2,224		
2		光大期货	3,878		1,301		
3		中信期货	3,563		-546		
4		东吴期货	1,996		800		
5		国泰君安	1,937		-867		
6		南华期货	1,746		-143		
7		中国国际	1,596		1,249		
8		永安期货	1,370		418		
9		渤海期货	1,332		-262		
10		创元期货	1,302		193		
11		方正中期	1,203		319		
12		中信建投	1,158		880		
13		招金期货	1,104		41		
14		华泰期货	1,074		25		
15		中财期货	926		-129		
16		中辉期货	918		-293		
17		宏源期货	829		249		
18		海通期货	798		154		
19		华闻期货	759		21		
20		国联期货	691		85		
总计				37,095		5,719		

名次		会员简称	持买单量	增减		
1		中国国际	7,960		1,498		
2		华泰期货	3,332		213		
3		国联期货	3,036		412		
4		海证期货	2,858		0		
5		冠通期货	1,704		11		
6		申银万国	1,497		-27		
7		光大期货	1,118		-77		
8		渤海期货	1,115		794		
9		广发期货	937		-23		
10		新纪元期货	935		-47		
11		海通期货	823		66		
12		国泰君安	800		-11		
13		东海期货	787		1		
14		华安期货	772		-60		
15		宝城期货	771		-74		
16		新湖期货	725		-11		
17		国信期货	722		59		
18		中州期货	704		-3		
19		银河期货	701		-19		
20		大地期货	676		3		
总计				31,973		2,705		

名次		会员简称	持卖单量	增减		
1		中信期货	6,001		-267		
2		永安期货	4,667		877		
3		国富期货	2,116		381		
4		一德期货	2,025		415		
5		混沌天成	1,805		-202		
6		北京首创	1,773		3		
7		方正中期	1,715		-491		
8		银河期货	1,708		122		
9		冠通期货	1,697		0		
10		海证期货	1,340		-5		
11		瑞达期货	1,326		196		
12		中信建投	1,218		193		
13		光大期货	1,107		11		
14		华泰期货	935		1		
15		东证期货	820		-8		
16		格林大华	787		-241		
17		国贸期货	665		-6		
18		五矿经易	655		310		
19		国泰君安	616		6		
20		海通期货	609		12		
总计				33,585		1,307		



会员类别	总成交量	增减		
期货公司会员	37,095		5,719		

会员类别	总持买单量	增减		
期货公司会员	31,973		2,705		

会员类别	总持卖单量	增减		
期货公司会员	33,585		1,307		

