								大连商品交易所 成交量_买持仓_卖持仓排名	

合约代码：pg2012		Date：2020-08-14	

			期货公司会员	

名次		会员简称	成交量		增减		
1		华泰期货	16,000		1,919		
2		浙商期货	4,147		948		
3		美尔雅期货	3,285		2,979		
4		东证期货	2,820		371		
5		申银万国	2,674		362		
6		中粮期货	2,414		986		
7		瑞达期货	1,982		282		
8		海证期货	1,956		796		
9		中信建投	1,738		-139		
10		中信期货	1,643		193		
11		五矿经易	1,635		677		
12		方正中期	1,572		121		
13		国海良时	1,379		448		
14		东吴期货	1,259		149		
15		冠通期货	1,159		135		
16		银河期货	1,151		-159		
17		招商期货	1,018		372		
18		光大期货	657		50		
19		江苏东华	614		614		
20		中财期货	604		497		
总计				49,707		11,601		

名次		会员简称	持买单量	增减		
1		永安期货	3,600		5		
2		美尔雅期货	3,281		446		
3		江苏东华	1,540		0		
4		方正中期	1,538		-14		
5		华泰期货	1,381		16		
6		五矿经易	1,319		0		
7		海通期货	1,294		25		
8		招商期货	1,219		38		
9		东证期货	1,212		4		
10		招金期货	1,189		1		
11		徽商期货	1,084		63		
12		中信建投	1,030		40		
13		浙江新世纪	1,012		20		
14		平安期货	913		0		
15		申银万国	828		13		
16		新湖期货	782		20		
17		中财期货	721		-67		
18		华安期货	643		47		
19		中信期货	608		158		
20		东海期货	603		25		
总计				25,797		840		

名次		会员简称	持卖单量	增减		
1		中信期货	6,226		231		
2		浙商期货	3,213		-202		
3		永安期货	1,892		-45		
4		国投安信	1,465		-3		
5		宝城期货	1,441		0		
6		海通期货	1,391		101		
7		方正中期	1,388		-158		
8		中信建投	1,355		104		
9		银河期货	1,319		-91		
10		光大期货	1,272		73		
11		五矿经易	1,121		-47		
12		新湖期货	1,074		568		
13		东证期货	1,055		-26		
14		招商期货	1,044		0		
15		冠通期货	822		-111		
16		长安期货	775		0		
17		平安期货	737		3		
18		东海期货	658		1		
19		兴证期货	434		0		
20		先锋期货	417		7		
总计				29,099		405		



会员类别	总成交量	增减		
期货公司会员	49,707		11,601		

会员类别	总持买单量	增减		
期货公司会员	25,797		840		

会员类别	总持卖单量	增减		
期货公司会员	29,099		405		

