								大连商品交易所 成交量_买持仓_卖持仓排名	

合约代码：v2105		Date：2020-10-14	

			期货公司会员	

名次		会员简称	成交量		增减		
1		东证期货	1,965		507		
2		永安期货	979		-121		
3		国元期货	526		410		
4		华泰期货	477		226		
5		东吴期货	449		342		
6		中投期货	425		413		
7		中信期货	421		35		
8		安粮期货	402		358		
9		中国国际	389		-1,667		
10		华闻期货	345		134		
11		宏源期货	333		126		
12		一德期货	257		57		
13		国信期货	255		250		
14		华金期货	220		2		
15		天风期货	211		72		
16		弘业期货	207		162		
17		徽商期货	195		60		
18		申银万国	187		126		
19		中大期货	169		164		
20		南华期货	163		-6		
总计				8,575		1,650		

名次		会员简称	持买单量	增减		
1		永安期货	3,099		-67		
2		华泰期货	1,050		64		
3		国泰君安	920		77		
4		浙江新世纪	835		4		
5		大地期货	827		6		
6		东海期货	824		20		
7		中财期货	759		30		
8		一德期货	755		-248		
9		广发期货	710		1		
10		大越期货	537		63		
11		申银万国	523		80		
12		浙商期货	465		0		
13		华金期货	440		20		
14		信达期货	364		8		
15		海通期货	362		-4		
16		银河期货	319		19		
17		新湖期货	283		1		
18		宏源期货	276		19		
19		中粮期货	267		1		
20		徽商期货	265		40		
总计				13,880		134		

名次		会员简称	持卖单量	增减		
1		永安期货	2,148		680		
2		中国国际	2,064		-192		
3		国信期货	1,428		150		
4		中财期货	1,229		-61		
5		华泰期货	1,165		161		
6		申银万国	1,041		95		
7		建信期货	1,035		25		
8		国投安信	1,018		20		
9		天风期货	1,004		-77		
10		中投期货	813		413		
11		浙商期货	699		0		
12		新湖期货	589		25		
13		中信期货	558		-1		
14		中大期货	254		-1		
15		汇鑫期货	235		-75		
16		海证期货	231		-10		
17		长江期货	190		-20		
18		鲁证期货	128		-3		
19		东吴期货	91		9		
20		银河期货	88		-6		
总计				16,008		1,132		



会员类别	总成交量	增减		
期货公司会员	8,575		1,650		

会员类别	总持买单量	增减		
期货公司会员	13,880		134		

会员类别	总持卖单量	增减		
期货公司会员	16,008		1,132		

