								大连商品交易所 成交量_买持仓_卖持仓排名	

合约代码：m2101		Date：2020-10-14	

			期货公司会员	

名次		会员简称	成交量		增减		
1		东证期货	460,210		-51,152		
2		国泰君安	294,078		-81,262		
3		中粮期货	82,579		39,506		
4		中信期货	74,375		-16,035		
5		格林大华	65,808		29,155		
6		海通期货	55,431		-7,140		
7		国富期货	45,845		-39,737		
8		华泰期货	41,307		1,837		
9		方正中期	35,382		-17,369		
10		华西期货	34,876		-10,716		
11		银河期货	31,611		-21,957		
12		国投安信	30,887		-2,194		
13		新湖期货	30,806		-14,881		
14		永安期货	26,296		-67,970		
15		鲁证期货	23,232		10,657		
16		中信建投	22,168		-4,131		
17		申银万国	22,072		-6,134		
18		徽商期货	21,760		-16,243		
19		兴证期货	21,425		-10,424		
20		一德期货	20,963		-16,473		
总计				1,441,111	-302,663	

名次		会员简称	持买单量	增减		
1		永安期货	136,433		-6,624		
2		五矿经易	91,404		-2,538		
3		中粮期货	65,656		-6,885		
4		中信期货	58,351		-2,461		
5		国投安信	50,689		-1,272		
6		一德期货	50,494		680		
7		华泰期货	35,074		-564		
8		国泰君安	34,832		295		
9		申银万国	33,744		-400		
10		南华期货	32,767		2,742		
11		摩根大通	30,863		3,220		
12		浙商期货	30,268		1,298		
13		海通期货	25,686		1,802		
14		瑞达期货	24,665		-61		
15		宏源期货	24,441		-326		
16		中信建投	23,952		-1,090		
17		东证期货	23,396		-5,168		
18		广发期货	22,630		372		
19		银河期货	18,690		1,385		
20		兴证期货	18,535		-5,827		
总计				832,570		-21,422		

名次		会员简称	持卖单量	增减		
1		国投安信	181,418		4,347		
2		中粮期货	138,218		-31,160		
3		银河期货	79,762		-1,352		
4		国泰君安	78,736		1,121		
5		中信期货	73,195		782		
6		摩根大通	72,355		-1,093		
7		鲁证期货	49,023		3,572		
8		南华期货	44,546		-385		
9		新湖期货	43,028		3,174		
10		一德期货	39,522		2,863		
11		东证期货	38,517		-468		
12		平安期货	36,903		-2,870		
13		海通期货	31,475		2,047		
14		民生期货	28,405		-77		
15		浙商期货	26,422		-156		
16		建信期货	22,425		7		
17		永安期货	19,174		1,600		
18		北京金鹏	17,825		-79		
19		美尔雅期货	17,131		-779		
20		中天期货	15,888		-24		
总计				1,053,968	-18,930		



会员类别	总成交量	增减		
期货公司会员	1,441,111	-302,663	

会员类别	总持买单量	增减		
期货公司会员	832,570		-21,422		

会员类别	总持卖单量	增减		
期货公司会员	1,053,968	-18,930		

