								大连商品交易所 成交量_买持仓_卖持仓排名	

合约代码：jd2012		Date：2020-10-14	

			期货公司会员	

名次		会员简称	成交量		增减		
1		东证期货	5,475		-6,395		
2		南华期货	2,924		346		
3		中粮期货	2,907		34		
4		徽商期货	2,368		-5,642		
5		申银万国	2,211		-425		
6		中信建投	2,138		602		
7		国泰君安	1,996		-1,362		
8		宏源期货	1,993		-3,972		
9		光大期货	1,662		-2,152		
10		鲁证期货	1,487		-1,323		
11		方正中期	1,328		-1,752		
12		中信期货	1,296		-499		
13		中辉期货	1,100		-577		
14		永安期货	1,022		-126		
15		瑞达期货	1,000		-389		
16		华泰期货	979		-12		
17		华安期货	864		-2,261		
18		金瑞期货	801		-1,110		
19		海通期货	734		98		
20		华融融达	664		-416		
总计				34,949		-27,333		

名次		会员简称	持买单量	增减		
1		福能期货	5,788		17		
2		鲁证期货	2,609		-96		
3		汇鑫期货	2,316		-111		
4		中信期货	1,790		-3		
5		方正中期	1,773		-53		
6		海证期货	1,729		-1		
7		宏源期货	1,481		211		
8		中信建投	1,381		-33		
9		徽商期货	1,109		-21		
10		永安期货	997		27		
11		海通期货	974		36		
12		华泰期货	965		33		
13		中辉期货	891		88		
14		南华期货	874		5		
15		中粮期货	837		230		
16		广发期货	816		-94		
17		安粮期货	755		17		
18		华安期货	744		26		
19		国泰君安	684		112		
20		瑞达期货	636		-41		
总计				29,149		349		

名次		会员简称	持卖单量	增减		
1		方正中期	3,920		211		
2		徽商期货	3,040		-91		
3		国泰君安	2,820		454		
4		长江期货	2,566		96		
5		华安期货	2,097		170		
6		鲁证期货	1,653		-151		
7		永安期货	1,609		-573		
8		中信期货	1,541		177		
9		宏源期货	1,526		94		
10		中信建投	1,518		-987		
11		东证期货	1,373		60		
12		中州期货	1,339		-117		
13		招金期货	1,333		31		
14		海通期货	1,134		314		
15		华融融达	1,106		-41		
16		中粮期货	829		-37		
17		华泰期货	763		580		
18		广发期货	752		-25		
19		先锋期货	701		26		
20		南华期货	611		-7		
总计				32,231		184		



会员类别	总成交量	增减		
期货公司会员	34,949		-27,333		

会员类别	总持买单量	增减		
期货公司会员	29,149		349		

会员类别	总持卖单量	增减		
期货公司会员	32,231		184		

