								大连商品交易所 成交量_买持仓_卖持仓排名	

合约代码：i2105		Date：2020-10-14	

			期货公司会员	

名次		会员简称	成交量		增减		
1		光大期货	9,978		-1,118		
2		国泰君安	6,990		3,139		
3		东证期货	6,408		756		
4		南华期货	5,523		-468		
5		方正中期	5,107		3,350		
6		五矿经易	4,967		4,777		
7		渤海期货	3,851		-1,901		
8		中信期货	3,831		-449		
9		东吴期货	3,136		1,167		
10		中辉期货	2,364		1,600		
11		浙商期货	2,265		974		
12		华闻期货	2,185		735		
13		金元期货	1,976		1,958		
14		银河期货	1,883		-902		
15		国富期货	1,838		428		
16		一德期货	1,744		840		
17		永安期货	1,658		-350		
18		中财期货	1,600		206		
19		宏源期货	1,365		-810		
20		国联期货	1,222		490		
总计				69,891		14,422		

名次		会员简称	持买单量	增减		
1		鲁证期货	8,361		-64		
2		国泰君安	8,026		4,094		
3		国贸期货	7,239		-244		
4		银河期货	6,573		239		
5		东海期货	5,225		2		
6		海证期货	4,513		-68		
7		冠通期货	3,913		0		
8		申银万国	3,763		-27		
9		弘业期货	3,544		31		
10		永安期货	3,517		124		
11		长江期货	3,505		14		
12		方正中期	3,290		1,730		
13		金瑞期货	3,008		1		
14		浙商期货	2,853		9		
15		中信建投	2,852		-45		
16		华泰期货	2,666		-63		
17		英大期货	2,479		-298		
18		格林大华	2,299		-12		
19		道通期货	2,195		2		
20		广发期货	2,176		35		
总计				81,997		5,460		

名次		会员简称	持卖单量	增减		
1		永安期货	6,898		90		
2		浙商期货	6,163		1,958		
3		广发期货	6,063		152		
4		国泰君安	4,848		-44		
5		海通期货	4,619		24		
6		渤海期货	4,325		1,652		
7		一德期货	4,251		603		
8		天风期货	4,195		-87		
9		中信建投	4,095		-13		
10		华泰期货	3,926		155		
11		中信期货	3,541		124		
12		大地期货	3,287		136		
13		银河期货	3,008		636		
14		大越期货	2,763		-29		
15		鲁证期货	2,688		45		
16		方正中期	2,578		-1,241		
17		国海良时	2,422		-42		
18		宝城期货	2,302		654		
19		国投安信	1,956		79		
20		汇鑫期货	1,804		0		
总计				75,732		4,852		



会员类别	总成交量	增减		
期货公司会员	69,891		14,422		

会员类别	总持买单量	增减		
期货公司会员	81,997		5,460		

会员类别	总持卖单量	增减		
期货公司会员	75,732		4,852		

