								大连商品交易所 成交量_买持仓_卖持仓排名	

合约代码：m2105		Date：2020-10-14	

			期货公司会员	

名次		会员简称	成交量		增减		
1		东证期货	169,744		-14,846		
2		国泰君安	40,613		-9,549		
3		中信期货	33,714		-9,519		
4		国投安信	26,875		5,101		
5		永安期货	26,386		289		
6		海通期货	25,039		-1,538		
7		广发期货	23,251		12,390		
8		光大期货	22,966		-11,692		
9		华泰期货	21,501		-427		
10		国富期货	17,469		-1,387		
11		中粮期货	16,375		-14,527		
12		申银万国	11,841		2,829		
13		浙商期货	11,195		-12,758		
14		格林大华	11,027		-2,707		
15		五矿经易	9,458		-15,119		
16		一德期货	9,223		983		
17		弘业期货	8,942		-2,374		
18		银河期货	8,712		-10,495		
19		宏源期货	8,339		-7,049		
20		华安期货	8,294		394		
总计				510,964		-92,001		

名次		会员简称	持买单量	增减		
1		永安期货	71,909		4,210		
2		五矿经易	69,873		1,670		
3		浙商期货	58,687		-4,649		
4		宏源期货	33,822		-248		
5		东证期货	31,736		2,268		
6		中粮期货	31,587		2,296		
7		一德期货	28,861		140		
8		申银万国	27,470		1,641		
9		银河期货	26,225		611		
10		国富期货	24,705		1,270		
11		大地期货	24,643		1,601		
12		国投安信	24,362		2,263		
13		光大期货	24,062		811		
14		国泰君安	23,260		294		
15		海通期货	20,587		574		
16		东吴期货	19,432		-453		
17		华泰期货	19,004		244		
18		摩根大通	18,425		950		
19		广发期货	15,049		79		
20		中信期货	14,843		699		
总计				608,542		16,271		

名次		会员简称	持卖单量	增减		
1		中粮期货	309,430		3,349		
2		国投安信	156,431		5,206		
3		银河期货	69,247		217		
4		广发期货	45,474		10,300		
5		中信期货	34,409		5,931		
6		海通期货	28,763		-357		
7		新湖期货	28,466		442		
8		鲁证期货	27,157		-245		
9		渤海期货	26,261		15		
10		平安期货	26,180		-841		
11		一德期货	25,566		661		
12		南华期货	25,313		533		
13		永安期货	25,037		940		
14		国泰君安	21,182		101		
15		摩根大通	20,204		467		
16		北京首创	16,381		-139		
17		五矿经易	13,878		-748		
18		建信期货	13,713		-392		
19		宏源期货	11,894		181		
20		冠通期货	10,164		-61		
总计				935,150		25,560		



会员类别	总成交量	增减		
期货公司会员	510,964		-92,001		

会员类别	总持买单量	增减		
期货公司会员	608,542		16,271		

会员类别	总持卖单量	增减		
期货公司会员	935,150		25,560		

