								大连商品交易所 成交量_买持仓_卖持仓排名	

合约代码：cs2101		Date：2020-10-14	

			期货公司会员	

名次		会员简称	成交量		增减		
1		华泰期货	66,314		20,923		
2		东证期货	55,960		21,562		
3		国泰君安	32,851		13,499		
4		国富期货	21,772		5,279		
5		中信期货	17,518		7,141		
6		东方财富	13,766		8,957		
7		永安期货	12,034		9,851		
8		光大期货	11,937		7,297		
9		徽商期货	10,806		7,703		
10		海通期货	10,781		-4,767		
11		华安期货	10,562		7,023		
12		兴证期货	10,096		2,911		
13		宏源期货	9,395		7,782		
14		方正中期	9,169		5,554		
15		银河期货	8,287		3,751		
16		东吴期货	7,598		4,755		
17		华闻期货	6,534		1,452		
18		中信建投	5,820		3,797		
19		新湖期货	5,522		3,857		
20		上海大陆	5,200		4,487		
总计				331,922		142,814		

名次		会员简称	持买单量	增减		
1		永安期货	11,134		5,211		
2		中信期货	9,138		-43		
3		鲁证期货	9,114		436		
4		中信建投	7,219		1,083		
5		中粮期货	7,211		-679		
6		东证期货	5,941		2,516		
7		一德期货	5,650		21		
8		宏源期货	5,648		231		
9		华泰期货	5,642		-2		
10		海通期货	4,050		789		
11		新湖期货	3,961		-1,217		
12		中辉期货	3,838		-936		
13		南华期货	2,497		488		
14		海证期货	2,414		574		
15		国泰君安	2,339		242		
16		华融融达	2,306		134		
17		兴证期货	2,263		33		
18		东吴期货	2,106		-264		
19		申银万国	2,077		289		
20		弘业期货	2,018		-1,553		
总计				96,566		7,353		

名次		会员简称	持卖单量	增减		
1		中粮期货	10,792		299		
2		中信期货	8,524		351		
3		广发期货	8,111		1,761		
4		国金期货	7,974		1		
5		东方财富	7,367		1,000		
6		金瑞期货	6,392		92		
7		华安期货	5,844		306		
8		国泰君安	5,259		359		
9		中融汇信	4,455		234		
10		东证期货	4,043		480		
11		永安期货	4,034		137		
12		国投安信	3,830		409		
13		东吴期货	3,655		1,318		
14		北京首创	3,560		1,361		
15		平安期货	3,386		-244		
16		国富期货	3,345		-673		
17		鲁证期货	3,331		269		
18		银河期货	3,025		776		
19		光大期货	2,943		654		
20		上海大陆	2,266		71		
总计				102,136		8,961		



会员类别	总成交量	增减		
期货公司会员	331,922		142,814		

会员类别	总持买单量	增减		
期货公司会员	96,566		7,353		

会员类别	总持卖单量	增减		
期货公司会员	102,136		8,961		

