								大连商品交易所 成交量_买持仓_卖持仓排名	

合约代码：cs2105		Date：2020-10-14	

			期货公司会员	

名次		会员简称	成交量		增减		
1		华安期货	2,230		1,024		
2		徽商期货	1,986		1,424		
3		中信期货	1,822		263		
4		华闻期货	1,693		641		
5		弘业期货	1,501		1,271		
6		国联期货	1,332		1,204		
7		安粮期货	1,298		910		
8		国泰君安	1,268		431		
9		中辉期货	1,167		896		
10		新湖期货	1,155		1,004		
11		北京首创	1,033		1,033		
12		东航期货	1,029		991		
13		银河期货	989		802		
14		国富期货	975		971		
15		兴证期货	874		391		
16		浙商期货	792		34		
17		中州期货	721		711		
18		宏源期货	672		296		
19		国贸期货	667		539		
20		海证期货	593		553		
总计				23,797		15,389		

名次		会员简称	持买单量	增减		
1		鲁证期货	9,488		90		
2		一德期货	5,809		7		
3		中州期货	2,602		600		
4		东航期货	1,918		707		
5		中辉期货	1,361		-5		
6		光大期货	1,286		0		
7		宏源期货	890		366		
8		中信建投	846		-22		
9		华泰期货	791		39		
10		徽商期货	674		232		
11		倍特期货	607		0		
12		中信期货	470		-86		
13		永安期货	458		-1		
14		南华期货	362		-15		
15		锦泰期货	353		0		
16		银河期货	284		279		
17		上海中期	250		18		
18		华安期货	228		-667		
19		安粮期货	215		-55		
20		东兴期货	211		4		
总计				29,103		1,491		

名次		会员简称	持卖单量	增减		
1		中粮期货	4,325		55		
2		东证期货	2,490		25		
3		永安期货	2,063		-16		
4		宏源期货	1,664		-10		
5		弘业期货	1,585		-1,449		
6		国富期货	1,571		740		
7		北京首创	1,032		1,032		
8		银河期货	949		202		
9		中天期货	870		180		
10		中财期货	868		-357		
11		国联期货	834		752		
12		海证期货	771		454		
13		中信期货	756		264		
14		国投安信	709		-6		
15		兴证期货	697		466		
16		华泰期货	693		111		
17		倍特期货	447		1		
18		国贸期货	410		154		
19		国泰君安	399		49		
20		南华期货	370		0		
总计				23,503		2,647		



会员类别	总成交量	增减		
期货公司会员	23,797		15,389		

会员类别	总持买单量	增减		
期货公司会员	29,103		1,491		

会员类别	总持卖单量	增减		
期货公司会员	23,503		2,647		

