								大连商品交易所 成交量_买持仓_卖持仓排名	

合约代码：i2101		Date：2020-10-14	

			期货公司会员	

名次		会员简称	成交量		增减		
1		国富期货	161,353		-19,599		
2		中信期货	99,997		8,733		
3		国泰君安	96,877		-9,994		
4		方正中期	64,127		5,344		
5		海通期货	56,096		-3,306		
6		永安期货	52,345		2,023		
7		东证期货	44,974		-5,677		
8		申银万国	41,738		-13,070		
9		银河期货	40,111		-18,450		
10		华闻期货	38,775		-7,769		
11		华泰期货	38,136		-200		
12		东海期货	37,752		6,882		
13		光大期货	35,072		-2,316		
14		南华期货	29,923		-5,021		
15		五矿经易	28,622		22,636		
16		中辉期货	27,309		-2,088		
17		徽商期货	24,708		1,300		
18		广发期货	24,383		-1,583		
19		冠通期货	21,742		8,849		
20		浙商期货	19,980		4,501		
总计				984,020		-28,805		

名次		会员简称	持买单量	增减		
1		申银万国	50,793		24		
2		永安期货	50,637		218		
3		中信期货	47,344		2,221		
4		东海期货	34,764		10,835		
5		一德期货	34,704		3,730		
6		鲁证期货	34,127		8,915		
7		银河期货	32,359		414		
8		摩根大通	27,576		1,412		
9		东证期货	24,819		-1,165		
10		国泰君安	23,889		-10,754		
11		浙商期货	20,387		1,461		
12		华泰期货	18,590		679		
13		海通期货	13,103		-1,052		
14		五矿经易	12,539		-20,306		
15		海证期货	12,258		1,434		
16		方正中期	11,154		1,476		
17		安粮期货	10,939		2,213		
18		中粮期货	10,377		187		
19		弘业期货	10,072		473		
20		广发期货	9,102		-584		
总计				489,533		1,831		

名次		会员简称	持卖单量	增减		
1		中信期货	39,308		844		
2		永安期货	35,474		-3,379		
3		一德期货	34,278		-579		
4		浙商期货	32,884		-2,123		
5		华泰期货	27,496		2,099		
6		方正中期	26,636		5,525		
7		鲁证期货	24,011		183		
8		大地期货	22,583		-85		
9		东证期货	19,408		-579		
10		银河期货	18,716		409		
11		南华期货	17,353		682		
12		五矿经易	16,667		-396		
13		东兴期货	15,857		-20		
14		海通期货	15,848		4,484		
15		广发期货	15,267		-1,347		
16		天风期货	13,270		-10		
17		中钢期货	12,226		145		
18		中辉期货	12,212		-47		
19		大越期货	11,803		-77		
20		国投安信	11,735		262		
总计				423,032		5,991		



会员类别	总成交量	增减		
期货公司会员	984,020		-28,805		

会员类别	总持买单量	增减		
期货公司会员	489,533		1,831		

会员类别	总持卖单量	增减		
期货公司会员	423,032		5,991		

