								大连商品交易所 成交量_买持仓_卖持仓排名	

合约代码：pg2012		Date：2020-11-12	

			期货公司会员	

名次		会员简称	成交量		增减		
1		华泰期货	31,929		11,213		
2		国富期货	11,812		4,147		
3		中信期货	11,468		4,099		
4		国泰君安	7,884		3,783		
5		瑞达期货	7,359		5,914		
6		海通期货	6,572		1,721		
7		东证期货	6,036		2,841		
8		东海期货	5,818		4,071		
9		光大期货	5,619		1,898		
10		兴证期货	5,010		1,777		
11		华安期货	4,384		1,396		
12		银河期货	4,317		1,405		
13		申银万国	4,289		-645		
14		徽商期货	4,225		1,391		
15		方正中期	3,843		2,335		
16		广发期货	3,841		2,742		
17		国投安信	3,730		1,439		
18		东吴期货	3,064		946		
19		华闻期货	2,895		-260		
20		永安期货	2,636		267		
总计				136,731		52,480		

名次		会员简称	持买单量	增减		
1		永安期货	3,453		-173		
2		方正中期	1,469		-716		
3		银河期货	1,401		-154		
4		天风期货	1,275		141		
5		广发期货	1,108		-2,806		
6		招金期货	1,097		54		
7		徽商期货	992		-19		
8		中信期货	974		-129		
9		兴业期货	924		-589		
10		东证期货	897		-685		
11		华安期货	887		-293		
12		海证期货	851		244		
13		瑞达期货	821		-390		
14		一德期货	695		-111		
15		南华期货	675		-2		
16		国投安信	629		-138		
17		北京首创	627		-73		
18		国泰君安	557		-230		
19		浙商期货	548		-76		
20		华泰期货	513		-282		
总计				20,393		-6,427		

名次		会员简称	持卖单量	增减		
1		中信期货	8,858		-803		
2		东证期货	3,907		-997		
3		国投安信	2,626		-400		
4		永安期货	2,373		-495		
5		国泰君安	1,241		-66		
6		南华期货	1,164		131		
7		中信建投	1,088		-504		
8		兴证期货	843		-80		
9		兴业期货	718		-96		
10		华泰期货	627		-379		
11		方正中期	589		233		
12		国信期货	582		337		
13		海证期货	544		-167		
14		银河期货	531		21		
15		宝城期货	469		-21		
16		申银万国	468		-170		
17		招商期货	442		-77		
18		海通期货	392		-87		
19		东海期货	371		-183		
20		新晟期货	332		1		
总计				28,165		-3,802		



会员类别	总成交量	增减		
期货公司会员	136,731		52,480		

会员类别	总持买单量	增减		
期货公司会员	20,393		-6,427		

会员类别	总持卖单量	增减		
期货公司会员	28,165		-3,802		

