								大连商品交易所 成交量_买持仓_卖持仓排名	

合约代码：c2101		Date：2020-11-12	

			期货公司会员	

名次		会员简称	成交量		增减		
1		国泰君安	149,508		-36,043		
2		东证期货	87,283		-53,999		
3		华泰期货	86,828		-38,454		
4		天风期货	31,244		2,711		
5		永安期货	26,509		-9,125		
6		国富期货	25,637		-25,032		
7		中信期货	25,225		-4,511		
8		兴证期货	20,747		-14,843		
9		银河期货	14,144		-6,617		
10		东海期货	12,198		940		
11		国信期货	11,356		-2,694		
12		方正中期	10,893		-652		
13		华闻期货	10,486		-2,708		
14		徽商期货	9,645		-5,053		
15		中信建投	9,238		-7,717		
16		光大期货	8,999		-10,780		
17		中辉期货	8,959		-5,836		
18		北京首创	8,792		-14,079		
19		东方财富	8,565		-5,171		
20		广州金控	8,475		-11,241		
总计				574,731		-250,904	

名次		会员简称	持买单量	增减		
1		永安期货	153,562		-8,357		
2		东证期货	74,718		1,112		
3		国投安信	59,393		-741		
4		国泰君安	53,400		-1,148		
5		五矿经易	41,407		-60		
6		光大期货	40,663		-560		
7		华融融达	39,057		478		
8		中粮期货	34,656		-1,109		
9		鲁证期货	31,099		-161		
10		中信期货	27,973		-773		
11		北京首创	27,401		675		
12		海证期货	27,106		991		
13		申银万国	24,434		-911		
14		国富期货	19,599		-663		
15		华泰期货	17,574		3,493		
16		浙商期货	17,115		-1,112		
17		一德期货	16,022		-2,073		
18		南华期货	14,196		-1,416		
19		东吴期货	14,062		-3,057		
20		东兴期货	11,849		600		
总计				745,286		-14,792		

名次		会员简称	持卖单量	增减		
1		中粮期货	129,484		1,034		
2		中信期货	88,446		-1,943		
3		国泰君安	63,103		963		
4		永安期货	47,709		2,483		
5		光大期货	41,147		127		
6		国投安信	27,838		-20		
7		中国国际	26,358		-5,924		
8		国富期货	26,015		-2,824		
9		华泰期货	24,654		-2,116		
10		南华期货	22,084		2,126		
11		国贸期货	21,954		-275		
12		银河期货	19,658		1,912		
13		华安期货	16,336		-407		
14		海通期货	16,008		-634		
15		广发期货	15,422		-272		
16		建信期货	13,095		-2,674		
17		瑞达期货	12,923		-338		
18		宝城期货	12,585		-11		
19		兴证期货	12,250		-1,441		
20		信达期货	12,077		-553		
总计				649,146		-10,787		



会员类别	总成交量	增减		
期货公司会员	574,731		-250,904	

会员类别	总持买单量	增减		
期货公司会员	745,286		-14,792		

会员类别	总持卖单量	增减		
期货公司会员	649,146		-10,787		

