								大连商品交易所 成交量_买持仓_卖持仓排名	

合约代码：m2107		Date：2020-11-12	

			期货公司会员	

名次		会员简称	成交量		增减		
1		国泰君安	69,802		-14,070		
2		东证期货	54,239		10,188		
3		申银万国	29,565		2,304		
4		徽商期货	26,212		-3,309		
5		银河期货	25,192		-1,633		
6		一德期货	14,966		-2,355		
7		海证期货	14,811		-2,815		
8		金瑞期货	14,764		-1,327		
9		美尔雅期货	14,006		-2,029		
10		国元期货	13,984		5,176		
11		国富期货	13,826		-24,622		
12		光大期货	12,654		613		
13		中信建投	10,836		2,671		
14		国海良时	9,391		-5,645		
15		中天期货	8,428		-1,618		
16		新湖期货	8,254		-1,185		
17		中辉期货	8,059		-2,227		
18		海通期货	6,781		-13,240		
19		五矿经易	5,786		-483		
20		鲁证期货	4,386		-1,718		
总计				365,942		-57,324		

名次		会员简称	持买单量	增减		
1		国泰君安	8,722		1,101		
2		申银万国	8,649		30		
3		海通期货	4,358		103		
4		招商期货	3,019		4		
5		国投安信	2,425		23		
6		南华期货	1,606		-5		
7		鲁证期货	1,205		-3		
8		国海良时	1,114		-64		
9		五矿经易	1,099		32		
10		新湖期货	1,077		0		
11		中信期货	1,013		-10		
12		东吴期货	1,013		1		
13		浙商期货	936		-29		
14		国富期货	819		-3		
15		创元期货	688		-30		
16		中粮期货	633		-265		
17		东证期货	613		-5		
18		银河期货	543		2		
19		华鑫期货	523		-147		
20		徽商期货	506		-186		
总计				40,561		549		

名次		会员简称	持卖单量	增减		
1		国泰君安	8,670		1,099		
2		申银万国	8,320		9		
3		安粮期货	7,690		-1,747		
4		海通期货	4,413		104		
5		招商期货	3,025		16		
6		摩根大通	2,657		0		
7		国投安信	2,357		29		
8		南华期货	1,600		-4		
9		鲁证期货	1,186		-3		
10		五矿经易	1,083		0		
11		东吴期货	1,010		-1		
12		浙商期货	740		18		
13		国富期货	733		9		
14		创元期货	578		0		
15		国海良时	521		73		
16		平安期货	520		3		
17		锦泰期货	409		349		
18		冠通期货	399		0		
19		新湖期货	329		32		
20		中大期货	300		0		
总计				46,540		-14		



会员类别	总成交量	增减		
期货公司会员	365,942		-57,324		

会员类别	总持买单量	增减		
期货公司会员	40,561		549		

会员类别	总持卖单量	增减		
期货公司会员	46,540		-14		

