								大连商品交易所 成交量_买持仓_卖持仓排名	

合约代码：jd2105		Date：2020-11-12	

			期货公司会员	

名次		会员简称	成交量		增减		
1		东证期货	8,553		161		
2		方正中期	3,066		959		
3		福能期货	2,849		1,494		
4		光大期货	2,592		965		
5		徽商期货	2,408		1,226		
6		长江期货	2,026		1,269		
7		申银万国	1,778		395		
8		华安期货	1,775		726		
9		宏源期货	1,762		622		
10		招金期货	1,631		1,044		
11		浙江新世纪	1,586		1,135		
12		华泰期货	1,512		524		
13		中州期货	1,477		1,205		
14		英大期货	1,475		1,122		
15		安粮期货	1,383		781		
16		中信建投	1,282		383		
17		中天期货	1,207		992		
18		永安期货	1,204		73		
19		中信期货	1,204		-2		
20		鲁证期货	1,192		671		
总计				41,962		15,745		

名次		会员简称	持买单量	增减		
1		中信建投	3,205		285		
2		方正中期	2,867		422		
3		鲁证期货	2,455		235		
4		中辉期货	2,132		110		
5		宏源期货	1,919		167		
6		永安期货	1,901		461		
7		汇鑫期货	1,833		649		
8		华泰期货	1,701		-540		
9		徽商期货	1,634		268		
10		南华期货	1,593		-14		
11		英大期货	1,575		-484		
12		华闻期货	1,483		-129		
13		国泰君安	1,166		265		
14		东证期货	1,165		200		
15		安粮期货	1,046		682		
16		海通期货	948		50		
17		东航期货	860		-4		
18		一德期货	819		79		
19		渤海期货	754		138		
20		广发期货	684		72		
总计				31,740		2,912		

名次		会员简称	持卖单量	增减		
1		福能期货	3,081		2,718		
2		招金期货	2,711		984		
3		宏源期货	2,125		-265		
4		长江期货	1,850		264		
5		方正中期	1,686		-1,562		
6		浙江新世纪	1,601		682		
7		徽商期货	1,526		424		
8		盛达期货	1,401		39		
9		中信建投	1,296		91		
10		中信期货	1,200		85		
11		华安期货	1,197		-146		
12		中州期货	1,195		1,013		
13		广发期货	1,089		37		
14		鲁证期货	1,052		603		
15		海证期货	1,005		622		
16		东证期货	797		-1		
17		东航期货	794		275		
18		一德期货	780		-86		
19		国泰君安	758		264		
20		先锋期货	751		35		
总计				27,895		6,076		



会员类别	总成交量	增减		
期货公司会员	41,962		15,745		

会员类别	总持买单量	增减		
期货公司会员	31,740		2,912		

会员类别	总持卖单量	增减		
期货公司会员	27,895		6,076		

