								大连商品交易所 成交量_买持仓_卖持仓排名	

合约代码：pp2102		Date：2020-11-12	

			期货公司会员	

名次		会员简称	成交量		增减		
1		东证期货	47,991		2,569		
2		恒泰期货	16,008		-5,124		
3		海通期货	12,056		-9,967		
4		国泰君安	9,280		-5,716		
5		光大期货	8,048		-3,339		
6		安粮期货	7,895		2,534		
7		申银万国	7,838		3,689		
8		锦泰期货	7,236		1,027		
9		中信期货	7,126		-223		
10		中辉期货	6,676		-419		
11		天风期货	6,165		3,885		
12		宏源期货	5,959		241		
13		银河期货	5,774		-1,924		
14		上海大陆	5,770		637		
15		迈科期货	5,524		1,186		
16		鲁证期货	5,183		-1,004		
17		瑞达期货	4,787		140		
18		新湖期货	4,546		-3,112		
19		国海良时	4,539		-740		
20		先锋期货	4,480		160		
总计				182,881		-15,500		

名次		会员简称	持买单量	增减		
1		国泰君安	3,183		-30		
2		中信期货	1,611		-175		
3		鲁证期货	884		32		
4		五矿经易	751		0		
5		中信建投	628		-25		
6		安粮期货	533		335		
7		申银万国	530		37		
8		瑞达期货	500		-21		
9		中大期货	365		0		
10		东吴期货	312		-20		
11		宏源期货	253		-541		
12		建信期货	238		222		
13		东方财富	155		89		
14		锦泰期货	137		100		
15		国海良时	126		43		
16		平安期货	117		3		
17		东证期货	113		2		
18		海证期货	110		4		
19		福能期货	108		-4		
20		永安期货	105		-6		
总计				10,759		45		

名次		会员简称	持卖单量	增减		
1		国泰君安	3,613		88		
2		中信期货	1,514		-231		
3		鲁证期货	867		-27		
4		五矿经易	751		-1		
5		浙商期货	710		0		
6		瑞达期货	512		10		
7		中信建投	478		17		
8		申银万国	422		37		
9		华泰期货	375		-7		
10		中大期货	360		0		
11		东吴期货	343		-19		
12		兴证期货	311		21		
13		中粮期货	261		0		
14		国海良时	126		44		
15		东航期货	125		0		
16		兴业期货	125		-4		
17		华闻期货	95		15		
18		新湖期货	87		21		
19		东证期货	61		13		
20		金瑞期货	56		41		
总计				11,192		18		



会员类别	总成交量	增减		
期货公司会员	182,881		-15,500		

会员类别	总持买单量	增减		
期货公司会员	10,759		45		

会员类别	总持卖单量	增减		
期货公司会员	11,192		18		

