								大连商品交易所 成交量_买持仓_卖持仓排名	

合约代码：v2105		Date：2020-11-12	

			期货公司会员	

名次		会员简称	成交量		增减		
1		天风期货	3,151		2,907		
2		永安期货	2,334		24		
3		中信期货	1,990		-1,110		
4		东证期货	1,747		-645		
5		国泰君安	1,089		-608		
6		华泰期货	975		819		
7		东吴期货	934		476		
8		广州金控	808		205		
9		华闻期货	713		169		
10		宏源期货	637		-292		
11		鲁证期货	631		-393		
12		英大期货	560		405		
13		中国国际	502		-375		
14		海证期货	464		376		
15		北京首创	428		428		
16		安粮期货	424		315		
17		徽商期货	419		-220		
18		国元期货	415		-74		
19		申银万国	391		181		
20		上海中期	379		345		
总计				18,991		2,933		

名次		会员简称	持买单量	增减		
1		永安期货	7,290		46		
2		天风期货	3,093		2,523		
3		国泰君安	1,757		-263		
4		华泰期货	1,437		151		
5		中财期货	1,349		58		
6		国投安信	1,324		6		
7		中信期货	1,287		-85		
8		广发期货	964		46		
9		鲁证期货	900		-23		
10		浙商期货	874		-231		
11		中粮期货	766		42		
12		浙江新世纪	742		-1		
13		南华期货	726		140		
14		新湖期货	718		11		
15		宏源期货	701		-70		
16		大越期货	676		95		
17		东证期货	645		5		
18		一德期货	627		-114		
19		东海期货	593		3		
20		申银万国	570		78		
总计				27,039		2,417		

名次		会员简称	持卖单量	增减		
1		中投期货	5,153		324		
2		兴业期货	4,001		1		
3		中国国际	3,811		82		
4		天风期货	3,275		356		
5		华泰期货	2,910		552		
6		永安期货	2,575		848		
7		国信期货	2,313		0		
8		申银万国	1,991		5		
9		中信期货	1,213		135		
10		中财期货	1,136		-1		
11		新晟期货	900		0		
12		徽商期货	612		65		
13		银河期货	566		90		
14		华融融达	431		28		
15		中辉期货	423		42		
16		长江期货	380		2		
17		广发期货	351		133		
18		中信建投	342		134		
19		国联期货	292		204		
20		广州金控	289		-808		
总计				32,964		2,192		



会员类别	总成交量	增减		
期货公司会员	18,991		2,933		

会员类别	总持买单量	增减		
期货公司会员	27,039		2,417		

会员类别	总持卖单量	增减		
期货公司会员	32,964		2,192		

