								大连商品交易所 成交量_买持仓_卖持仓排名	

合约代码：i2102		Date：2020-11-12	

			期货公司会员	

名次		会员简称	成交量		增减		
1		国富期货	90,352		7,034		
2		东证期货	53,195		11,291		
3		海通期货	38,360		4,681		
4		国泰君安	36,601		-3,985		
5		申银万国	28,170		-4,747		
6		银河期货	27,582		2,912		
7		光大期货	25,773		8,676		
8		鲁证期货	20,087		-6,223		
9		先锋期货	19,926		7,249		
10		徽商期货	18,268		3,195		
11		华泰期货	17,904		9,419		
12		中辉期货	16,282		3,634		
13		中信期货	15,146		470		
14		华安期货	14,975		6,061		
15		金瑞期货	13,766		8,548		
16		渤海期货	12,743		8,386		
17		东航期货	12,014		7,435		
18		上海大陆	11,798		1,593		
19		瑞达期货	11,504		6,460		
20		方正中期	10,933		-7,845		
总计				495,379		74,244		

名次		会员简称	持买单量	增减		
1		国泰君安	8,758		1,030		
2		申银万国	7,970		3		
3		中信期货	3,599		191		
4		招商期货	2,226		0		
5		东吴期货	2,078		12		
6		华泰期货	1,743		-32		
7		国投安信	1,630		1		
8		中信建投	1,479		16		
9		宏源期货	1,147		-7		
10		中大期货	1,102		-11		
11		国元期货	1,073		187		
12		中金期货	1,000		0		
13		海证期货	894		106		
14		创元期货	888		-41		
15		鲁证期货	859		23		
16		冠通期货	676		43		
17		华安期货	666		-15		
18		海通期货	655		-57		
19		永安期货	631		-62		
20		方正中期	624		-36		
总计				39,698		1,351		

名次		会员简称	持卖单量	增减		
1		国泰君安	8,138		1,007		
2		申银万国	8,020		-5		
3		招商期货	2,364		-31		
4		东吴期货	2,116		18		
5		国投安信	1,632		-1		
6		鲁证期货	1,602		14		
7		中信期货	1,552		-5		
8		华泰期货	1,514		-158		
9		中信建投	1,387		-3		
10		东海期货	1,220		-1		
11		中大期货	1,125		-14		
12		国元期货	1,079		286		
13		金信期货	1,000		0		
14		宏源期货	906		33		
15		海证期货	865		80		
16		东证期货	857		128		
17		海通期货	793		-61		
18		创元期货	684		8		
19		永安期货	666		-3		
20		国信期货	660		-74		
总计				38,180		1,218		



会员类别	总成交量	增减		
期货公司会员	495,379		74,244		

会员类别	总持买单量	增减		
期货公司会员	39,698		1,351		

会员类别	总持卖单量	增减		
期货公司会员	38,180		1,218		

