								大连商品交易所 成交量_买持仓_卖持仓排名	

合约代码：b2101		Date：2020-11-12	

			期货公司会员	

名次		会员简称	成交量		增减		
1		海通期货	6,653		-249		
2		华泰期货	6,508		-3,647		
3		华闻期货	2,316		562		
4		申银万国	2,126		-755		
5		徽商期货	2,008		301		
6		国富期货	1,909		1,176		
7		锦泰期货	1,838		-24		
8		五矿经易	1,760		-1,502		
9		国信期货	1,581		-14		
10		弘业期货	1,572		326		
11		国海良时	1,517		-429		
12		国投安信	1,426		-697		
13		国泰君安	1,281		-60		
14		南华期货	1,097		-1,329		
15		渤海期货	1,068		-259		
16		光大期货	1,003		-424		
17		摩根大通	1,000		1,000		
18		安粮期货	940		-678		
19		金瑞期货	873		-1,022		
20		方正中期	846		-1,149		
总计				39,322		-8,873		

名次		会员简称	持买单量	增减		
1		国投安信	2,021		2		
2		海通期货	1,308		-8		
3		国海良时	1,024		119		
4		光大期货	1,004		137		
5		弘业期货	896		-6		
6		摩根大通	708		0		
7		徽商期货	635		130		
8		渤海期货	604		138		
9		国信期货	542		13		
10		方正中期	530		-51		
11		南华期货	511		3		
12		中信期货	416		-3		
13		申银万国	414		-4		
14		国泰君安	408		34		
15		广发期货	378		47		
16		华泰期货	334		-27		
17		华安期货	284		14		
18		浙商期货	280		45		
19		五矿经易	276		0		
20		银河期货	252		-20		
总计				12,825		563		

名次		会员简称	持卖单量	增减		
1		国投安信	2,070		4		
2		上海中期	1,606		-1		
3		海通期货	1,135		-23		
4		摩根大通	1,000		1,000		
5		弘业期货	900		6		
6		光大期货	840		-84		
7		国海良时	823		48		
8		南华期货	721		2		
9		中信建投	661		-202		
10		渤海期货	542		-4		
11		方正中期	537		-35		
12		国信期货	523		0		
13		华泰期货	386		-23		
14		美尔雅期货	350		2		
15		五矿经易	313		0		
16		新湖期货	309		0		
17		国贸期货	294		199		
18		华闻期货	209		15		
19		华安期货	165		-44		
20		东证期货	146		-16		
总计				13,530		844		



会员类别	总成交量	增减		
期货公司会员	39,322		-8,873		

会员类别	总持买单量	增减		
期货公司会员	12,825		563		

会员类别	总持卖单量	增减		
期货公司会员	13,530		844		

