								大连商品交易所 成交量_买持仓_卖持仓排名	

合约代码：i2105		Date：2020-11-12	

			期货公司会员	

名次		会员简称	成交量		增减		
1		光大期货	19,638		4,227		
2		东证期货	14,803		-78		
3		永安期货	7,325		4,758		
4		中信期货	7,210		1,465		
5		方正中期	7,082		4,094		
6		渤海期货	5,866		3,508		
7		南华期货	4,731		114		
8		国泰君安	4,215		502		
9		浙商期货	4,028		344		
10		国富期货	3,842		2,305		
11		东吴期货	3,736		1,588		
12		一德期货	3,596		-37		
13		中粮期货	3,497		1,814		
14		中财期货	3,123		1,583		
15		海证期货	2,594		1,549		
16		五矿经易	2,432		1,854		
17		大地期货	2,404		2,161		
18		弘业期货	2,274		1,509		
19		申银万国	2,246		-1,414		
20		徽商期货	2,141		852		
总计				106,783		32,698		

名次		会员简称	持买单量	增减		
1		申银万国	33,710		857		
2		鲁证期货	11,973		-62		
3		国泰君安	10,580		440		
4		浙商期货	10,192		1,408		
5		海证期货	9,123		20		
6		国贸期货	8,494		392		
7		银河期货	8,323		-104		
8		永安期货	7,295		191		
9		中信期货	5,736		238		
10		方正中期	4,961		-1,439		
11		中信建投	4,703		85		
12		中粮期货	4,480		1,148		
13		华泰期货	4,327		-8		
14		冠通期货	3,820		-12		
15		东海期货	3,327		35		
16		上海中期	3,053		-7		
17		金瑞期货	3,019		5		
18		长江期货	2,948		-791		
19		浙江新世纪	2,824		-1		
20		英大期货	2,590		-446		
总计				145,478		1,949		

名次		会员简称	持卖单量	增减		
1		永安期货	17,339		-1,908		
2		一德期货	14,574		1,146		
3		浙商期货	14,496		1,146		
4		五矿经易	11,417		-61		
5		兴证期货	9,685		102		
6		天风期货	7,287		219		
7		广发期货	6,609		-75		
8		大越期货	6,113		4		
9		中信建投	5,834		118		
10		银河期货	4,766		149		
11		大地期货	4,614		1,164		
12		中信期货	4,449		46		
13		华泰期货	4,324		193		
14		鲁证期货	3,853		354		
15		国投安信	3,778		32		
16		弘业期货	3,609		1,391		
17		东证期货	3,388		179		
18		宝城期货	3,247		13		
19		东兴期货	3,226		71		
20		江苏东华	3,008		-502		
总计				135,616		3,781		



会员类别	总成交量	增减		
期货公司会员	106,783		32,698		

会员类别	总持买单量	增减		
期货公司会员	145,478		1,949		

会员类别	总持卖单量	增减		
期货公司会员	135,616		3,781		

