								大连商品交易所 成交量_买持仓_卖持仓排名	

合约代码：pg2101		Date：2020-11-12	

			期货公司会员	

名次		会员简称	成交量		增减		
1		华泰期货	13,086		6,510		
2		东海期货	5,281		3,717		
3		光大期货	3,683		1,176		
4		方正中期	3,620		3,176		
5		中信期货	1,978		650		
6		东证期货	1,663		934		
7		永安期货	1,549		260		
8		锦泰期货	1,537		739		
9		国投安信	1,413		811		
10		海通期货	1,332		930		
11		徽商期货	1,320		580		
12		美尔雅期货	1,303		897		
13		申银万国	1,282		656		
14		中辉期货	1,273		922		
15		宏源期货	1,199		609		
16		东吴期货	1,198		898		
17		财信期货	1,034		325		
18		国泰君安	906		461		
19		国富期货	870		652		
20		冠通期货	826		188		
总计				46,353		25,091		

名次		会员简称	持买单量	增减		
1		招金期货	1,513		170		
2		兴业期货	1,248		500		
3		银河期货	1,165		-107		
4		东证期货	1,112		-621		
5		方正中期	1,099		-260		
6		永安期货	1,066		70		
7		徽商期货	891		-33		
8		国泰君安	736		25		
9		中辉期货	614		75		
10		中信期货	533		-100		
11		光大期货	470		-89		
12		华安期货	466		-82		
13		弘业期货	438		-65		
14		海通期货	416		-56		
15		浙商期货	406		4		
16		国投安信	393		-37		
17		平安期货	361		11		
18		先融期货	353		0		
19		广发期货	308		-142		
20		宏源期货	302		89		
总计				13,890		-648		

名次		会员简称	持卖单量	增减		
1		中信期货	6,018		598		
2		永安期货	4,260		337		
3		东证期货	1,749		372		
4		东吴期货	1,095		-887		
5		瑞达期货	980		-100		
6		国投安信	700		208		
7		方正中期	662		416		
8		中信建投	651		-206		
9		浙商期货	630		69		
10		华泰期货	448		-426		
11		银河期货	273		12		
12		大有期货	255		-9		
13		大地期货	253		-28		
14		国泰君安	186		57		
15		国元期货	174		61		
16		铜冠金源	160		-38		
17		浙江新世纪	138		3		
18		华闻期货	136		-43		
19		徽商期货	135		-161		
20		一德期货	133		6		
总计				19,036		241		



会员类别	总成交量	增减		
期货公司会员	46,353		25,091		

会员类别	总持买单量	增减		
期货公司会员	13,890		-648		

会员类别	总持卖单量	增减		
期货公司会员	19,036		241		

