								大连商品交易所 成交量_买持仓_卖持仓排名	

合约代码：c2109		Date：2020-11-12	

			期货公司会员	

名次		会员简称	成交量		增减		
1		永安期货	4,734		2,803		
2		光大期货	4,644		2,868		
3		东证期货	3,332		720		
4		中金期货	2,284		2,284		
5		宏源期货	1,709		431		
6		华闻期货	1,455		-557		
7		海通期货	1,443		-1,235		
8		金瑞期货	1,273		299		
9		北京首创	1,143		-2,864		
10		方正中期	1,135		24		
11		徽商期货	1,083		-425		
12		国富期货	870		794		
13		中投期货	830		324		
14		一德期货	792		786		
15		中信期货	774		-139		
16		上海中期	678		652		
17		国投安信	668		290		
18		南华期货	590		14		
19		东航期货	505		17		
20		金元期货	502		502		
总计				30,444		7,588		

名次		会员简称	持买单量	增减		
1		鲁证期货	31,300		-66		
2		建信期货	13,145		336		
3		一德期货	10,325		173		
4		国泰君安	8,246		33		
5		中信建投	7,210		-13		
6		海通期货	5,742		1,283		
7		东吴期货	3,808		33		
8		永安期货	3,335		2,311		
9		混沌天成	3,056		0		
10		中州期货	3,051		1		
11		东海期货	2,577		0		
12		国富期货	2,269		41		
13		华安期货	2,172		36		
14		徽商期货	2,129		-1		
15		金瑞期货	1,992		-102		
16		福能期货	1,583		-20		
17		国投安信	1,457		57		
18		先锋期货	1,412		64		
19		光大期货	1,211		-277		
20		中辉期货	1,192		129		
总计				107,212		4,018		

名次		会员简称	持卖单量	增减		
1		永安期货	17,822		-2,115		
2		北京首创	14,369		1,105		
3		海证期货	11,250		99		
4		光大期货	8,998		-677		
5		国盛期货	7,904		115		
6		东证期货	7,033		2,016		
7		中信期货	6,677		-93		
8		兴证期货	5,912		3		
9		华融融达	5,742		-42		
10		国泰君安	4,612		93		
11		国投安信	3,966		427		
12		五矿经易	3,606		1		
13		浙商期货	2,753		-14		
14		中金期货	2,284		2,284		
15		信达期货	2,166		42		
16		长江期货	2,005		10		
17		美尔雅期货	1,548		3		
18		东航期货	1,473		-46		
19		海通期货	1,187		112		
20		方正中期	929		49		
总计				112,236		3,372		



会员类别	总成交量	增减		
期货公司会员	30,444		7,588		

会员类别	总持买单量	增减		
期货公司会员	107,212		4,018		

会员类别	总持卖单量	增减		
期货公司会员	112,236		3,372		

