								大连商品交易所 成交量_买持仓_卖持仓排名	

合约代码：c2107		Date：2020-09-29	

			期货公司会员	

名次		会员简称	成交量		增减		
1		光大期货	18,468		-12,982		
2		华泰期货	17,294		-10,201		
3		国泰君安	15,679		-10,170		
4		国富期货	9,725		-9,820		
5		中辉期货	5,818		-8,744		
6		东证期货	4,039		-2,817		
7		格林大华	4,028		266		
8		鲁证期货	2,601		-6,922		
9		五矿经易	2,512		-2,047		
10		申银万国	2,160		-38		
11		海通期货	1,883		-1,629		
12		华闻期货	1,823		-1,107		
13		国海良时	1,818		-784		
14		冠通期货	1,664		-1,380		
15		宝城期货	1,424		-789		
16		中信建投	1,238		493		
17		永安期货	1,180		-712		
18		中投期货	1,133		505		
19		中信期货	944		-246		
20		锦泰期货	873		-698		
总计				96,304		-69,822		

名次		会员简称	持买单量	增减		
1		鲁证期货	24,723		-831		
2		一德期货	12,857		-1		
3		中信建投	8,228		1,055		
4		中州期货	7,002		0		
5		宝城期货	3,901		-12		
6		中辉期货	3,387		-20		
7		中信期货	3,213		198		
8		申银万国	3,098		306		
9		东证期货	2,961		-72		
10		永安期货	2,919		-1		
11		东吴期货	1,945		0		
12		混沌天成	1,258		258		
13		海通期货	1,118		-17		
14		银河期货	1,103		-96		
15		浙商期货	1,090		22		
16		中大期货	812		0		
17		海证期货	803		5		
18		国海良时	633		281		
19		五矿经易	595		0		
20		新湖期货	518		-1		
总计				82,164		1,074		

名次		会员简称	持卖单量	增减		
1		光大期货	12,243		50		
2		中信期货	11,222		38		
3		东证期货	9,119		961		
4		金瑞期货	8,093		-1		
5		国投安信	5,802		-2		
6		鲁证期货	5,342		-828		
7		徽商期货	4,402		22		
8		宝城期货	3,918		-20		
9		北京首创	3,242		-53		
10		申银万国	2,987		306		
11		永安期货	2,253		1		
12		东海期货	1,953		257		
13		海证期货	1,557		1		
14		海通期货	1,287		-180		
15		中大期货	1,135		0		
16		兴证期货	1,102		0		
17		浙商期货	1,085		-10		
18		中投期货	859		399		
19		国海良时	804		287		
20		冠通期货	620		74		
总计				79,025		1,302		



会员类别	总成交量	增减		
期货公司会员	96,304		-69,822		

会员类别	总持买单量	增减		
期货公司会员	82,164		1,074		

会员类别	总持卖单量	增减		
期货公司会员	79,025		1,302		

