								大连商品交易所 成交量_买持仓_卖持仓排名	

合约代码：c2101		Date：2020-09-29	

			期货公司会员	

名次		会员简称	成交量		增减		
1		国泰君安	153,691		-123,867	
2		东证期货	96,266		-46,030		
3		华泰期货	89,719		-42,628		
4		国富期货	27,907		-20,308		
5		天风期货	21,163		7,433		
6		东海期货	20,298		1,467		
7		永安期货	15,948		-71,092		
8		中粮期货	15,175		-6,126		
9		中信期货	15,049		-25,193		
10		华闻期货	13,637		-14,893		
11		冠通期货	13,142		-26,105		
12		中信建投	12,215		-27,279		
13		海通期货	12,170		-7,529		
14		银河期货	12,008		-19,420		
15		新湖期货	11,992		-8,269		
16		申银万国	11,628		-11,311		
17		东方财富	11,468		-6,690		
18		广发期货	11,013		-18,475		
19		国投安信	10,889		-2,929		
20		兴证期货	10,583		-16,543		
总计				585,961		-485,787	

名次		会员简称	持买单量	增减		
1		永安期货	127,512		-6,793		
2		东证期货	70,662		-1,512		
3		国泰君安	65,062		16,673		
4		鲁证期货	64,737		104		
5		中信期货	61,078		-811		
6		国盛期货	59,133		269		
7		中粮期货	54,056		243		
8		光大期货	50,312		-483		
9		五矿经易	50,111		-1,181		
10		华融融达	42,073		1,097		
11		一德期货	41,617		54		
12		国投安信	37,820		-876		
13		北京首创	37,272		-999		
14		国富期货	35,555		-227		
15		海证期货	32,388		-875		
16		华泰期货	25,834		-4,935		
17		申银万国	20,800		-4,484		
18		东吴期货	19,521		1,464		
19		宏源期货	17,677		7		
20		海通期货	17,382		1,483		
总计				930,602		-1,782		

名次		会员简称	持卖单量	增减		
1		中粮期货	212,286		-3,788		
2		中信期货	106,678		-1,804		
3		永安期货	73,278		-1,427		
4		光大期货	67,588		-1,953		
5		中辉期货	62,497		102		
6		国投安信	62,013		17		
7		南华期货	60,713		-3,210		
8		东证期货	40,837		-790		
9		中国国际	39,440		-15		
10		北京首创	39,375		-155		
11		国富期货	30,886		-240		
12		国泰君安	28,447		2,240		
13		华泰期货	26,170		880		
14		鲁证期货	24,953		-1,597		
15		摩根大通	24,849		-1,300		
16		浙商期货	24,583		-116		
17		中金期货	21,667		0		
18		广发期货	21,196		-1,692		
19		国贸期货	20,815		-728		
20		银河期货	19,946		1,568		
总计				1,008,217	-14,008		



会员类别	总成交量	增减		
期货公司会员	585,961		-485,787	

会员类别	总持买单量	增减		
期货公司会员	930,602		-1,782		

会员类别	总持卖单量	增减		
期货公司会员	1,008,217	-14,008		

