								大连商品交易所 成交量_买持仓_卖持仓排名	

合约代码：eg2102		Date：2020-09-29	

			期货公司会员	

名次		会员简称	成交量		增减		
1		东证期货	27,184		-3,927		
2		申银万国	10,617		8,422		
3		浙商期货	10,359		8,499		
4		海通期货	9,509		7,743		
5		银河期货	8,818		7,936		
6		国泰君安	8,541		8,533		
7		宏源期货	8,476		8,472		
8		华西期货	2,881		933		
9		招商期货	2,177		82		
10		格林大华	2,108		906		
11		五矿经易	1,884		548		
12		国投安信	1,770		-16		
13		迈科期货	1,754		-1,096		
14		中粮期货	1,596		-390		
15		锦泰期货	1,505		-21		
16		东吴期货	1,450		212		
17		中信期货	1,391		249		
18		方正中期	1,154		-1,460		
19		华闻期货	851		-53		
20		冠通期货	812		-120		
总计				104,837		45,452		

名次		会员简称	持买单量	增减		
1		申银万国	2,741		156		
2		国投安信	2,004		-5		
3		东证期货	1,031		-112		
4		五矿经易	934		0		
5		中粮期货	804		247		
6		招商期货	708		7		
7		创元期货	611		14		
8		中信期货	464		0		
9		方正中期	312		4		
10		浙商期货	307		-1		
11		冠通期货	264		0		
12		格林大华	209		-92		
13		光大期货	80		-13		
14		锦泰期货	77		29		
15		鲁证期货	58		49		
16		华泰期货	58		13		
17		华闻期货	57		-13		
18		国富期货	56		0		
19		国金期货	40		0		
20		东吴期货	37		15		
总计				10,852		298		

名次		会员简称	持卖单量	增减		
1		申银万国	2,780		189		
2		国投安信	2,040		-3		
3		东证期货	987		-94		
4		五矿经易	934		0		
5		中粮期货	804		247		
6		招商期货	711		6		
7		创元期货	597		4		
8		中信期货	490		-3		
9		方正中期	363		4		
10		浙商期货	324		12		
11		冠通期货	314		0		
12		格林大华	209		-92		
13		国富期货	84		-1		
14		锦泰期货	48		2		
15		华西期货	39		39		
16		光大期货	37		3		
17		迈科期货	36		-3		
18		金瑞期货	34		18		
19		华泰期货	33		-18		
20		国泰君安	21		-7		
总计				10,885		303		



会员类别	总成交量	增减		
期货公司会员	104,837		45,452		

会员类别	总持买单量	增减		
期货公司会员	10,852		298		

会员类别	总持卖单量	增减		
期货公司会员	10,885		303		

