								大连商品交易所 成交量_买持仓_卖持仓排名	

合约代码：m2109		Date：2020-09-29	

			期货公司会员	

名次		会员简称	成交量		增减		
1		东证期货	4,586		-76		
2		迈科期货	4,065		-1,955		
3		光大期货	2,697		-1,106		
4		华闻期货	2,375		-2,241		
5		国泰君安	1,691		-1,868		
6		五矿经易	1,380		-240		
7		方正中期	1,185		-1,581		
8		安粮期货	893		-293		
9		华安期货	872		-1,116		
10		中原期货	870		-572		
11		中州期货	839		777		
12		海通期货	808		-1,308		
13		华融融达	793		-1,867		
14		南华期货	752		5		
15		宏源期货	632		-591		
16		国投安信	624		574		
17		永安期货	603		-2,231		
18		国海良时	539		-79		
19		长城期货	522		-291		
20		中投期货	462		-1,160		
总计				27,188		-17,219		

名次		会员简称	持买单量	增减		
1		格林大华	7,795		17		
2		美尔雅期货	7,412		-48		
3		长江期货	4,162		45		
4		中粮期货	3,954		101		
5		国海良时	2,401		271		
6		华泰期货	2,182		-40		
7		国富期货	2,049		0		
8		华金期货	1,816		-3		
9		国投安信	1,723		603		
10		中辉期货	1,670		55		
11		永安期货	1,546		52		
12		申银万国	1,432		237		
13		金石期货	1,412		0		
14		安粮期货	1,411		674		
15		宏源期货	1,398		49		
16		江苏东华	1,357		197		
17		海通期货	1,254		-296		
18		中州期货	1,244		811		
19		浙商期货	1,098		32		
20		徽商期货	987		112		
总计				48,303		2,869		

名次		会员简称	持卖单量	增减		
1		摩根大通	16,088		200		
2		中粮期货	14,826		1		
3		华泰期货	4,920		-14		
4		银河期货	4,290		95		
5		一德期货	4,213		333		
6		北京首创	3,954		-10		
7		五矿经易	3,375		1,234		
8		永安期货	3,077		521		
9		宏源期货	2,509		131		
10		新湖期货	2,428		-15		
11		国元期货	2,314		0		
12		东证期货	2,000		1,216		
13		国泰君安	1,805		4		
14		中信期货	1,359		84		
15		海证期货	1,057		33		
16		中天期货	736		1		
17		渤海期货	600		0		
18		平安期货	464		46		
19		浙商期货	381		-3		
20		华安期货	346		57		
总计				70,742		3,914		



会员类别	总成交量	增减		
期货公司会员	27,188		-17,219		

会员类别	总持买单量	增减		
期货公司会员	48,303		2,869		

会员类别	总持卖单量	增减		
期货公司会员	70,742		3,914		

