								大连商品交易所 成交量_买持仓_卖持仓排名	

合约代码：m2103		Date：2020-09-29	

			期货公司会员	

名次		会员简称	成交量		增减		
1		海通期货	7,524		1,655		
2		东证期货	5,686		-5,906		
3		华闻期货	4,709		-676		
4		方正中期	4,531		460		
5		申银万国	3,981		-2,423		
6		中粮期货	3,343		568		
7		南华期货	3,103		395		
8		国海良时	2,827		122		
9		鲁证期货	2,627		-723		
10		格林大华	2,430		250		
11		锦泰期货	2,303		178		
12		国泰君安	1,888		-371		
13		国投安信	1,636		-1,264		
14		五矿经易	1,494		-542		
15		招商期货	1,468		-503		
16		浙商期货	1,294		-1,649		
17		弘业期货	1,079		-900		
18		光大期货	1,062		-707		
19		宏源期货	698		-334		
20		美尔雅期货	695		-1,448		
总计				54,378		-13,818		

名次		会员简称	持买单量	增减		
1		美尔雅期货	2,156		-25		
2		国投安信	1,650		525		
3		南华期货	1,359		15		
4		五矿经易	1,311		0		
5		福能期货	1,003		-3		
6		浙商期货	784		-6		
7		中信期货	717		-90		
8		海通期货	700		-902		
9		鑫鼎盛期货	660		-12		
10		瑞达期货	647		-30		
11		中粮期货	562		465		
12		招商期货	531		10		
13		广发期货	529		0		
14		国泰君安	512		19		
15		上海中期	500		-1		
16		鲁证期货	482		-416		
17		中天期货	469		0		
18		银河期货	463		2		
19		国海良时	431		-2		
20		安粮期货	426		-120		
总计				15,892		-571		

名次		会员简称	持卖单量	增减		
1		国泰君安	4,029		9		
2		中粮期货	3,002		504		
3		国投安信	2,605		-55		
4		方正中期	1,724		-1		
5		摩根大通	1,700		-252		
6		五矿经易	1,063		0		
7		南华期货	908		0		
8		广发期货	877		0		
9		浙商期货	717		16		
10		东吴期货	705		5		
11		海通期货	618		-902		
12		国富期货	527		14		
13		金瑞期货	500		0		
14		国金期货	490		0		
15		招商期货	436		-20		
16		盛达期货	350		-10		
17		鲁证期货	339		-393		
18		弘业期货	332		1		
19		中信期货	322		-153		
20		国海良时	306		5		
总计				21,550		-1,232		



会员类别	总成交量	增减		
期货公司会员	54,378		-13,818		

会员类别	总持买单量	增减		
期货公司会员	15,892		-571		

会员类别	总持卖单量	增减		
期货公司会员	21,550		-1,232		

