								大连商品交易所 成交量_买持仓_卖持仓排名	

合约代码：l2101		Date：2020-09-29	

			期货公司会员	

名次		会员简称	成交量		增减		
1		东证期货	141,660		-17,930		
2		兴证期货	32,728		-7,765		
3		国泰君安	27,612		-2,794		
4		海通期货	26,424		-4,053		
5		国富期货	22,869		595		
6		中信期货	16,942		-4,308		
7		华泰期货	10,910		2,317		
8		中信建投	9,779		3,044		
9		永安期货	9,203		873		
10		银河期货	8,900		-4,197		
11		东吴期货	5,704		2,162		
12		鲁证期货	5,323		-548		
13		方正中期	5,308		-1,543		
14		国信期货	5,289		2,093		
15		徽商期货	4,473		-386		
16		南华期货	3,830		184		
17		弘业期货	3,662		-104		
18		国投安信	3,591		-1,591		
19		光大期货	3,521		279		
20		华安期货	3,287		-4,832		
总计				351,015		-38,504		

名次		会员简称	持买单量	增减		
1		永安期货	39,683		1,667		
2		信达期货	17,260		88		
3		东证期货	14,903		465		
4		中信期货	11,970		216		
5		国泰君安	9,269		-89		
6		中粮期货	7,896		8		
7		浙商期货	7,338		-79		
8		华泰期货	5,979		-147		
9		南华期货	5,430		-922		
10		方正中期	4,878		-76		
11		国投安信	4,611		92		
12		弘业期货	4,589		-393		
13		银河期货	4,505		-361		
14		浙江新世纪	3,939		278		
15		徽商期货	3,749		39		
16		华安期货	3,577		-753		
17		广发期货	3,145		142		
18		新湖期货	3,047		202		
19		中财期货	2,987		-247		
20		申银万国	2,908		-82		
总计				161,663		48		

名次		会员简称	持卖单量	增减		
1		国投安信	19,940		481		
2		华泰期货	14,746		429		
3		建信期货	14,368		-21		
4		光大期货	13,413		138		
5		中信期货	12,434		-1,556		
6		东证期货	11,036		1,219		
7		浙商期货	9,496		167		
8		永安期货	9,318		2,186		
9		上海中期	8,681		-387		
10		方正中期	7,965		514		
11		兴业期货	6,899		-626		
12		中大期货	5,581		46		
13		中国国际	5,424		-21		
14		银河期货	5,207		85		
15		申银万国	3,630		343		
16		信达期货	3,617		-255		
17		国泰君安	3,477		-227		
18		南华期货	3,416		1,076		
19		海通期货	3,345		1,106		
20		东吴期货	3,245		-125		
总计				165,238		4,572		



会员类别	总成交量	增减		
期货公司会员	351,015		-38,504		

会员类别	总持买单量	增减		
期货公司会员	161,663		48		

会员类别	总持卖单量	增减		
期货公司会员	165,238		4,572		

