								大连商品交易所 成交量_买持仓_卖持仓排名	

合约代码：eb2101		Date：2020-09-29	

			期货公司会员	

名次		会员简称	成交量		增减		
1		东证期货	25,935		-9,600		
2		国富期货	9,112		-4,132		
3		海通期货	5,807		-551		
4		中信期货	4,891		-1,866		
5		华泰期货	4,114		-2,354		
6		中信建投	4,014		-876		
7		弘业期货	3,419		2,232		
8		国泰君安	3,191		40		
9		中辉期货	2,796		303		
10		国投安信	2,340		-383		
11		创元期货	2,173		-1,500		
12		申银万国	1,996		-689		
13		南华期货	1,927		-377		
14		永安期货	1,920		-3,110		
15		大地期货	1,911		312		
16		徽商期货	1,852		-1,501		
17		天风期货	1,802		-411		
18		长安期货	1,688		-405		
19		光大期货	1,623		-278		
20		兴证期货	1,596		-964		
总计				84,107		-26,110		

名次		会员简称	持买单量	增减		
1		信达期货	10,854		-110		
2		永安期货	8,632		-101		
3		一德期货	5,771		114		
4		浙商期货	4,655		32		
5		天风期货	3,851		228		
6		北京首创	3,019		-3		
7		徽商期货	2,944		-146		
8		中信建投	2,485		1,101		
9		东证期货	2,299		-1,372		
10		中信期货	2,152		439		
11		银河期货	2,092		-33		
12		华泰期货	1,649		321		
13		国投安信	1,598		-16		
14		方正中期	1,492		93		
15		大地期货	1,274		-360		
16		华融融达	1,248		-11		
17		南华期货	1,214		-232		
18		广发期货	1,196		-4		
19		海通期货	1,194		-312		
20		中财期货	1,158		116		
总计				60,777		-256		

名次		会员简称	持卖单量	增减		
1		国投安信	6,973		548		
2		永安期货	6,180		-605		
3		中信期货	5,920		-286		
4		东证期货	5,329		417		
5		浙商期货	4,621		170		
6		银河期货	4,276		-168		
7		华泰期货	3,770		497		
8		华融融达	2,821		392		
9		中银期货	2,641		10		
10		一德期货	2,174		56		
11		中财期货	2,043		-216		
12		建信期货	1,857		400		
13		国泰君安	1,828		235		
14		鲁证期货	1,811		397		
15		南华期货	1,663		-197		
16		新湖期货	1,589		70		
17		国贸期货	1,552		1		
18		东海期货	1,330		-303		
19		国海良时	1,287		301		
20		瑞达期货	1,251		-130		
总计				60,916		1,589		



会员类别	总成交量	增减		
期货公司会员	84,107		-26,110		

会员类别	总持买单量	增减		
期货公司会员	60,777		-256		

会员类别	总持卖单量	增减		
期货公司会员	60,916		1,589		

