								大连商品交易所 成交量_买持仓_卖持仓排名	

合约代码：jd2011		Date：2020-09-29	

			期货公司会员	

名次		会员简称	成交量		增减		
1		东证期货	48,849		-9,266		
2		徽商期货	25,549		-7,797		
3		国富期货	18,901		-7,470		
4		国泰君安	15,643		1,288		
5		海通期货	14,608		-1,219		
6		宏源期货	14,558		-2,452		
7		银河期货	13,799		-4,352		
8		中信期货	13,680		-8,528		
9		东吴期货	12,486		-1,773		
10		中辉期货	11,551		-3,694		
11		方正中期	11,284		-2,040		
12		华安期货	11,222		-1,527		
13		华泰期货	10,594		-4,585		
14		中信建投	9,932		-502		
15		申银万国	9,570		-3,421		
16		兴证期货	8,421		-1,832		
17		东方财富	6,883		-332		
18		弘业期货	6,584		3,014		
19		先锋期货	6,366		-2,631		
20		南华期货	6,179		-147		
总计				276,659		-59,266		

名次		会员简称	持买单量	增减		
1		中信建投	5,200		-282		
2		国泰君安	4,863		90		
3		徽商期货	4,663		-908		
4		海通期货	3,851		1,136		
5		中信期货	3,842		-618		
6		永安期货	3,697		-683		
7		方正中期	3,632		-662		
8		南华期货	3,182		344		
9		宏源期货	3,071		327		
10		华泰期货	2,985		-202		
11		银河期货	2,814		330		
12		华安期货	2,661		-75		
13		国信期货	2,402		814		
14		东证期货	2,038		-1,866		
15		弘业期货	2,006		-262		
16		先锋期货	1,947		412		
17		光大期货	1,749		450		
18		鲁证期货	1,707		-163		
19		北京首创	1,572		471		
20		兴证期货	1,559		45		
总计				59,441		-1,302		

名次		会员简称	持卖单量	增减		
1		宏源期货	5,379		-941		
2		中信建投	5,321		-332		
3		永安期货	4,266		-332		
4		格林大华	4,195		222		
5		方正中期	4,063		-94		
6		银河期货	3,700		-649		
7		徽商期货	3,663		105		
8		美尔雅期货	3,562		876		
9		中信期货	3,172		-1,820		
10		英大期货	3,155		-183		
11		国泰君安	2,903		647		
12		兴证期货	2,815		332		
13		鲁证期货	2,758		-67		
14		长江期货	2,731		-544		
15		华泰期货	2,287		-796		
16		建信期货	2,211		-617		
17		浙商期货	2,193		358		
18		海通期货	2,174		-350		
19		华安期货	2,166		-129		
20		一德期货	1,926		43		
总计				64,640		-4,271		



会员类别	总成交量	增减		
期货公司会员	276,659		-59,266		

会员类别	总持买单量	增减		
期货公司会员	59,441		-1,302		

会员类别	总持卖单量	增减		
期货公司会员	64,640		-4,271		

