								大连商品交易所 成交量_买持仓_卖持仓排名	

合约代码：a2105		Date：2020-09-29	

			期货公司会员	

名次		会员简称	成交量		增减		
1		华泰期货	3,292		1,986		
2		华安期货	2,210		2,138		
3		大有期货	1,781		854		
4		永安期货	1,558		1,346		
5		财信期货	1,143		581		
6		中信期货	825		492		
7		国元期货	824		767		
8		国泰君安	646		277		
9		金瑞期货	547		287		
10		创元期货	456		433		
11		一德期货	454		413		
12		安粮期货	387		182		
13		海通期货	371		194		
14		国信期货	360		343		
15		申银万国	332		124		
16		东证期货	329		86		
17		宏源期货	315		278		
18		南华期货	304		285		
19		浙商期货	298		84		
20		东吴期货	267		154		
总计				16,699		11,304		

名次		会员简称	持买单量	增减		
1		深圳金汇	3,927		0		
2		永安期货	2,029		1,426		
3		国信期货	894		314		
4		中信期货	731		-129		
5		东吴期货	508		-25		
6		国泰君安	464		204		
7		中粮期货	383		102		
8		一德期货	348		214		
9		华泰期货	329		-528		
10		安粮期货	294		74		
11		国联期货	274		-44		
12		南华期货	267		239		
13		北京金鹏	253		146		
14		宏源期货	250		190		
15		西南期货	248		-15		
16		浙商期货	239		-43		
17		国投安信	233		16		
18		广州金控	203		2		
19		华联期货	200		200		
20		华安期货	195		-52		
总计				12,269		2,291		

名次		会员简称	持卖单量	增减		
1		大有期货	3,981		1,177		
2		华安期货	2,575		196		
3		一德期货	1,346		214		
4		鲁证期货	1,006		2		
5		东吴期货	652		128		
6		宏源期货	634		-17		
7		中原期货	574		50		
8		创元期货	515		299		
9		海通期货	343		32		
10		中粮期货	303		-2		
11		南华期货	212		3		
12		永安期货	210		24		
13		财信期货	210		68		
14		华金期货	177		20		
15		浙江新世纪	176		-24		
16		申银万国	154		125		
17		首创京都	150		150		
18		招金期货	136		66		
19		浙商期货	135		67		
20		中信建投	116		-28		
总计				13,605		2,550		



会员类别	总成交量	增减		
期货公司会员	16,699		11,304		

会员类别	总持买单量	增减		
期货公司会员	12,269		2,291		

会员类别	总持卖单量	增减		
期货公司会员	13,605		2,550		

