								大连商品交易所 成交量_买持仓_卖持仓排名	

合约代码：c2011		Date：2020-09-29	

			期货公司会员	

名次		会员简称	成交量		增减		
1		永安期货	2,756		1,283		
2		广发期货	2,367		-536		
3		东证期货	2,314		-1,846		
4		中粮期货	1,882		-2,012		
5		华闻期货	1,781		28		
6		鲁证期货	1,747		-453		
7		格林大华	1,668		-662		
8		中信期货	1,614		214		
9		国海良时	1,506		52		
10		海通期货	1,423		223		
11		浙商期货	1,225		-604		
12		新湖期货	1,079		-821		
13		五矿经易	1,002		-73		
14		冠通期货	1,000		-2,660		
15		银河期货	944		-2,004		
16		光大期货	606		-752		
17		宝城期货	527		-5		
18		国投安信	518		348		
19		弘业期货	479		-606		
20		方正中期	475		-25		
总计				26,913		-10,911		

名次		会员简称	持买单量	增减		
1		国投安信	17,636		-505		
2		华安期货	4,763		-7		
3		永安期货	2,855		1,676		
4		兴证期货	2,716		-200		
5		弘业期货	2,544		-147		
6		北京首创	1,853		-163		
7		冠通期货	1,727		-138		
8		东证期货	1,650		8		
9		中大期货	919		0		
10		东吴期货	816		-100		
11		中辉期货	604		-2		
12		中粮期货	407		-45		
13		锦泰期货	296		-54		
14		南华期货	240		0		
15		迈科期货	238		0		
16		中信建投	198		7		
17		国海良时	167		11		
18		创元期货	165		-15		
19		国联期货	153		-2		
20		光大期货	141		-3		
总计				40,088		321		

名次		会员简称	持卖单量	增减		
1		中信期货	6,340		19		
2		民生期货	5,113		-1		
3		银河期货	5,034		104		
4		一德期货	3,006		0		
5		弘业期货	2,282		10		
6		永安期货	2,027		20		
7		海通期货	1,983		-254		
8		中粮期货	1,780		52		
9		国投安信	1,580		67		
10		广州金控	1,450		0		
11		国泰君安	938		23		
12		中大期货	934		0		
13		中信建投	893		-85		
14		徽商期货	647		-32		
15		光大期货	572		1		
16		金瑞期货	559		101		
17		招商期货	509		22		
18		长安期货	507		0		
19		新湖期货	461		53		
20		方正中期	402		51		
总计				37,017		151		



会员类别	总成交量	增减		
期货公司会员	26,913		-10,911		

会员类别	总持买单量	增减		
期货公司会员	40,088		321		

会员类别	总持卖单量	增减		
期货公司会员	37,017		151		

