								大连商品交易所 成交量_买持仓_卖持仓排名	

合约代码：m2105		Date：2020-09-15	

			期货公司会员	

名次		会员简称	成交量		增减		
1		东证期货	126,593		-43,412		
2		光大期货	31,186		-8,763		
3		国投安信	29,903		8,704		
4		中粮期货	19,968		559		
5		兴证期货	19,346		-3,875		
6		摩根大通	18,278		3,996		
7		中信期货	17,159		-8,172		
8		华泰期货	14,397		-21,760		
9		银河期货	13,669		-11,923		
10		海通期货	13,625		-7,816		
11		永安期货	12,991		-8,150		
12		国泰君安	12,169		-5,410		
13		国富期货	8,557		-16,534		
14		方正中期	8,019		-9,551		
15		国元期货	7,896		673		
16		招金期货	7,666		2,766		
17		南华期货	7,564		-2,216		
18		中辉期货	7,125		1,897		
19		五矿经易	6,991		4,640		
20		长江期货	6,775		-8,384		
总计				389,877		-132,731	

名次		会员简称	持买单量	增减		
1		中粮期货	56,225		525		
2		永安期货	45,677		2,720		
3		中信建投	33,857		-4		
4		宏源期货	30,093		668		
5		申银万国	28,803		1,059		
6		方正中期	26,151		403		
7		国富期货	25,323		-104		
8		一德期货	25,168		-55		
9		国泰君安	19,917		765		
10		兴证期货	19,722		-830		
11		海通期货	19,461		1,116		
12		摩根大通	19,273		-715		
13		浙商期货	18,506		2,414		
14		华泰期货	18,417		574		
15		银河期货	17,020		3,025		
16		东吴期货	15,697		191		
17		国投安信	15,321		1,971		
18		东证期货	15,083		1,629		
19		华融融达	13,521		463		
20		五矿经易	13,193		3,537		
总计				476,428		19,352		

名次		会员简称	持卖单量	增减		
1		中粮期货	256,171		4,887		
2		国投安信	118,504		9,456		
3		银河期货	55,932		2,472		
4		摩根大通	45,885		967		
5		广发期货	37,046		-386		
6		海通期货	31,848		-157		
7		中信期货	27,184		-60		
8		平安期货	27,068		3,057		
9		南华期货	23,498		5,196		
10		一德期货	22,541		-2,088		
11		国泰君安	21,957		-60		
12		永安期货	20,505		63		
13		北京首创	17,439		-2,185		
14		鲁证期货	17,110		-85		
15		新湖期货	16,254		-2,391		
16		五矿经易	15,216		-38		
17		建信期货	12,362		1,716		
18		国元期货	9,062		4,715		
19		北京金鹏	8,642		0		
20		宏源期货	7,557		-387		
总计				791,781		24,692		



会员类别	总成交量	增减		
期货公司会员	389,877		-132,731	

会员类别	总持买单量	增减		
期货公司会员	476,428		19,352		

会员类别	总持卖单量	增减		
期货公司会员	791,781		24,692		

