								大连商品交易所 成交量_买持仓_卖持仓排名	

合约代码：m2011		Date：2020-09-15	

			期货公司会员	

名次		会员简称	成交量		增减		
1		东证期货	23,118		-10,160		
2		海通期货	12,063		-539		
3		华闻期货	10,364		564		
4		光大期货	8,214		-1,518		
5		国泰君安	7,383		-1,420		
6		中粮期货	5,610		1,934		
7		浙商期货	4,756		-5,978		
8		申银万国	4,475		547		
9		鲁证期货	3,787		-965		
10		南华期货	3,203		-2,025		
11		格林大华	2,889		185		
12		华泰期货	2,766		-1,187		
13		五矿经易	2,178		-1,608		
14		北京首创	2,079		955		
15		方正中期	1,886		-418		
16		国海良时	1,813		-1,249		
17		招商期货	1,622		-495		
18		国投安信	1,621		-2,503		
19		国信期货	1,560		-498		
20		天风期货	1,455		-1,632		
总计				102,842		-28,010		

名次		会员简称	持买单量	增减		
1		安粮期货	8,121		812		
2		国投安信	5,315		46		
3		银河期货	3,872		86		
4		北京首创	3,615		31		
5		国泰君安	3,158		12		
6		国元期货	2,750		246		
7		摩根大通	1,972		-15		
8		新湖期货	1,926		-209		
9		华融融达	1,740		160		
10		南华期货	1,588		-1,436		
11		弘业期货	1,505		0		
12		中粮期货	1,439		26		
13		五矿经易	1,414		-29		
14		中银期货	1,141		-100		
15		浙商期货	1,119		-23		
16		广发期货	1,028		-16		
17		中信建投	1,026		-117		
18		鲁证期货	927		562		
19		国贸期货	914		114		
20		格林大华	903		-23		
总计				45,473		127		

名次		会员简称	持卖单量	增减		
1		中粮期货	9,617		1,582		
2		国泰君安	7,130		-141		
3		南华期货	5,893		-1,433		
4		中信期货	5,275		-4		
5		一德期货	3,636		614		
6		格林大华	3,201		-222		
7		北京首创	2,836		1,958		
8		国投安信	2,799		-57		
9		东兴期货	2,501		199		
10		国富期货	2,221		120		
11		弘业期货	1,626		-7		
12		申银万国	1,339		110		
13		瑞达期货	1,088		-92		
14		永安期货	1,024		1		
15		五矿经易	995		-25		
16		兴证期货	870		-1		
17		海通期货	684		-1,629		
18		新湖期货	542		200		
19		宝城期货	524		200		
20		鲁证期货	429		-5		
总计				54,230		1,368		



会员类别	总成交量	增减		
期货公司会员	102,842		-28,010		

会员类别	总持买单量	增减		
期货公司会员	45,473		127		

会员类别	总持卖单量	增减		
期货公司会员	54,230		1,368		

