								大连商品交易所 成交量_买持仓_卖持仓排名	

合约代码：pp2101		Date：2020-09-15	

			期货公司会员	

名次		会员简称	成交量		增减		
1		东证期货	201,363		68,548		
2		中信期货	64,350		16,766		
3		国泰君安	60,999		22,359		
4		海通期货	50,703		17,500		
5		华泰期货	34,188		13,420		
6		方正中期	34,097		8,529		
7		国富期货	30,042		6,433		
8		银河期货	25,504		8,673		
9		兴证期货	24,383		13,354		
10		华安期货	22,954		6,941		
11		徽商期货	22,708		7,295		
12		永安期货	19,782		5,291		
13		申银万国	17,798		6,122		
14		广发期货	14,952		5,755		
15		国信期货	14,934		5,348		
16		光大期货	14,020		4,629		
17		东方财富	13,568		4,144		
18		国投安信	12,683		1,324		
19		东海期货	12,443		2,110		
20		中辉期货	11,477		4,071		
总计				702,948		228,612		

名次		会员简称	持买单量	增减		
1		永安期货	51,293		2,586		
2		中信期货	31,271		-1,703		
3		银河期货	20,500		1,450		
4		东证期货	11,231		917		
5		华泰期货	9,387		1,279		
6		东海期货	9,083		-135		
7		瑞达期货	8,559		3,326		
8		新湖期货	8,324		-222		
9		华安期货	6,236		366		
10		国投安信	6,052		-359		
11		国泰君安	5,630		-234		
12		方正中期	5,492		966		
13		福能期货	4,519		174		
14		申银万国	4,455		-426		
15		长江期货	4,391		-182		
16		国信期货	4,383		2,119		
17		广发期货	4,273		4		
18		中信建投	4,238		146		
19		东吴期货	4,013		-192		
20		徽商期货	3,922		256		
总计				207,252		10,136		

名次		会员简称	持卖单量	增减		
1		浙商期货	16,162		-1,036		
2		永安期货	15,545		782		
3		华泰期货	12,836		3,965		
4		国泰君安	12,161		-1,225		
5		国投安信	11,397		-54		
6		中信期货	11,211		2,375		
7		国信期货	10,801		1,229		
8		南华期货	10,565		1,449		
9		鲁证期货	9,964		30		
10		瑞达期货	9,760		-361		
11		中银期货	9,476		-172		
12		东证期货	8,035		2,278		
13		建信期货	7,853		352		
14		中信建投	6,682		505		
15		银河期货	5,773		202		
16		海通期货	5,690		-1,417		
17		兴证期货	5,481		208		
18		天风期货	5,458		142		
19		广发期货	5,071		228		
20		方正中期	5,015		-25		
总计				184,936		9,455		



会员类别	总成交量	增减		
期货公司会员	702,948		228,612		

会员类别	总持买单量	增减		
期货公司会员	207,252		10,136		

会员类别	总持卖单量	增减		
期货公司会员	184,936		9,455		

