								大连商品交易所 成交量_买持仓_卖持仓排名	

合约代码：i2101		Date：2020-09-15	

			期货公司会员	

名次		会员简称	成交量		增减		
1		国富期货	168,082		29,763		
2		国泰君安	130,773		21,878		
3		中信期货	95,859		21,272		
4		方正中期	77,151		-295		
5		银河期货	74,764		17,423		
6		申银万国	67,552		15,804		
7		华闻期货	63,772		10,253		
8		东证期货	58,927		12,975		
9		永安期货	51,430		13,676		
10		光大期货	51,347		12,296		
11		海通期货	49,437		10,798		
12		华泰期货	42,218		12,824		
13		徽商期货	41,542		11,774		
14		兴证期货	38,537		12,335		
15		中辉期货	30,488		7,099		
16		南华期货	26,166		5,496		
17		广发期货	25,522		3,144		
18		国投安信	25,491		3,606		
19		摩根大通	22,666		20,160		
20		华安期货	21,703		4,227		
总计				1,163,427	246,508		

名次		会员简称	持买单量	增减		
1		中信期货	65,969		4,712		
2		五矿经易	53,262		-218		
3		永安期货	50,662		5,053		
4		申银万国	48,287		-3,368		
5		银河期货	43,008		-1,620		
6		摩根大通	36,813		-12,081		
7		国泰君安	30,769		-2,000		
8		华泰期货	25,098		-4,965		
9		鲁证期货	23,396		5,472		
10		东海期货	23,046		5,471		
11		东证期货	23,037		-123		
12		方正中期	17,495		7,804		
13		一德期货	15,539		10,359		
14		浙商期货	14,723		1,208		
15		海通期货	13,046		369		
16		海证期货	12,447		-142		
17		国联期货	9,871		40		
18		国投安信	9,737		831		
19		兴证期货	9,696		1,432		
20		广发期货	8,600		566		
总计				534,501		18,800		

名次		会员简称	持卖单量	增减		
1		浙商期货	51,073		67		
2		永安期货	43,606		9,319		
3		中信期货	38,431		2,521		
4		一德期货	34,561		432		
5		大地期货	24,555		-530		
6		华泰期货	22,498		251		
7		东证期货	22,122		-534		
8		鲁证期货	21,418		2,185		
9		广发期货	19,854		-120		
10		五矿经易	18,523		-112		
11		海通期货	18,043		4,630		
12		弘业期货	17,757		-471		
13		银河期货	15,834		2,472		
14		东兴期货	15,597		55		
15		中辉期货	15,351		879		
16		中信建投	14,771		-281		
17		国泰君安	14,295		923		
18		方正中期	13,994		-1,047		
19		天风期货	13,617		844		
20		国投安信	13,573		674		
总计				449,473		22,157		



会员类别	总成交量	增减		
期货公司会员	1,163,427	246,508		

会员类别	总持买单量	增减		
期货公司会员	534,501		18,800		

会员类别	总持卖单量	增减		
期货公司会员	449,473		22,157		

