								大连商品交易所 成交量_买持仓_卖持仓排名	

合约代码：jd2010		Date：2020-09-15	

			期货公司会员	

名次		会员简称	成交量		增减		
1		东证期货	49,032		6,817		
2		徽商期货	35,064		2,229		
3		国富期货	20,483		-1,378		
4		中信期货	18,474		-772		
5		华安期货	18,261		-1,332		
6		方正中期	16,487		-1,319		
7		中辉期货	16,437		-2,576		
8		东吴期货	15,971		1,635		
9		宏源期货	15,907		1,547		
10		银河期货	14,578		-5,034		
11		国泰君安	14,464		-2,000		
12		中信建投	12,654		-453		
13		申银万国	12,472		-464		
14		海通期货	11,177		648		
15		华闻期货	10,180		-2,216		
16		华泰期货	9,867		-1,638		
17		东方财富	9,203		-1,095		
18		安粮期货	8,489		-749		
19		光大期货	7,494		-1,334		
20		永安期货	7,306		606		
总计				324,000		-8,878		

名次		会员简称	持买单量	增减		
1		徽商期货	7,998		-701		
2		国泰君安	6,651		-292		
3		方正中期	6,571		-671		
4		东方财富	6,045		-934		
5		华安期货	5,056		-4		
6		银河期货	4,874		-582		
7		中信期货	4,744		-380		
8		中信建投	4,170		-563		
9		鲁证期货	3,926		-602		
10		永安期货	3,879		118		
11		新纪元期货	3,789		-286		
12		光大期货	3,633		-280		
13		华泰期货	3,620		356		
14		申银万国	3,429		-23		
15		平安期货	3,334		-58		
16		广发期货	3,221		-483		
17		东证期货	3,115		-112		
18		南华期货	3,086		-92		
19		宏源期货	3,044		-250		
20		瑞达期货	2,868		-429		
总计				87,053		-6,268		

名次		会员简称	持卖单量	增减		
1		方正中期	11,181		-1,212		
2		宏源期货	10,505		523		
3		徽商期货	9,949		-157		
4		华安期货	7,111		-1,067		
5		美尔雅期货	5,267		-149		
6		先锋期货	4,753		-63		
7		中信建投	4,330		-63		
8		永安期货	4,203		-262		
9		银河期货	3,906		-464		
10		国泰君安	3,823		-298		
11		长江期货	3,682		-175		
12		英大期货	3,485		34		
13		安粮期货	3,454		-198		
14		格林大华	3,400		-43		
15		招金期货	3,316		-326		
16		中辉期货	3,232		-341		
17		华泰期货	3,116		-793		
18		光大期货	2,921		-504		
19		瑞达期货	2,844		-490		
20		鲁证期货	2,701		-216		
总计				97,179		-6,264		



会员类别	总成交量	增减		
期货公司会员	324,000		-8,878		

会员类别	总持买单量	增减		
期货公司会员	87,053		-6,268		

会员类别	总持卖单量	增减		
期货公司会员	97,179		-6,264		

