								大连商品交易所 成交量_买持仓_卖持仓排名	

合约代码：m2107		Date：2020-09-15	

			期货公司会员	

名次		会员简称	成交量		增减		
1		东证期货	8,786		1,504		
2		方正中期	6,493		-2,502		
3		华闻期货	4,798		-1,794		
4		光大期货	4,748		-4,871		
5		国泰君安	3,662		-4,423		
6		海通期货	3,562		-725		
7		国富期货	3,231		-4,636		
8		申银万国	3,212		-2,982		
9		鲁证期货	2,210		-1,476		
10		浙商期货	2,121		-143		
11		南华期货	2,077		-104		
12		格林大华	1,780		-50		
13		中粮期货	1,708		-410		
14		招商期货	1,395		-76		
15		华西期货	1,266		-1,786		
16		国海良时	1,148		-474		
17		国投安信	847		-809		
18		神华期货	798		392		
19		银河期货	730		-2,445		
20		五矿经易	624		-563		
总计				55,196		-28,373		

名次		会员简称	持买单量	增减		
1		申银万国	3,948		15		
2		国投安信	1,455		8		
3		东吴期货	1,250		0		
4		鲁证期货	1,067		0		
5		海通期货	1,011		-201		
6		中投期货	1,000		0		
7		五矿经易	952		0		
8		招商期货	815		7		
9		冠通期货	776		0		
10		浙商期货	519		2		
11		瑞达期货	440		0		
12		光大期货	436		66		
13		格林大华	401		0		
14		国海良时	364		1		
15		东证期货	336		38		
16		上海中期	324		-21		
17		新湖期货	266		-23		
18		中衍期货	255		0		
19		中信建投	204		40		
20		西南期货	188		71		
总计				16,007		3		

名次		会员简称	持卖单量	增减		
1		申银万国	3,859		-5		
2		国投安信	1,445		3		
3		东吴期货	1,330		-32		
4		安粮期货	1,086		215		
5		鲁证期货	1,080		0		
6		海通期货	1,007		-203		
7		五矿经易	950		0		
8		招商期货	805		6		
9		冠通期货	776		-7		
10		摩根大通	557		0		
11		国元期货	554		152		
12		浙商期货	528		21		
13		格林大华	407		0		
14		国海良时	360		1		
15		国泰君安	350		-17		
16		新湖期货	251		-22		
17		宏源期货	250		60		
18		中衍期货	250		0		
19		国信期货	200		0		
20		华闻期货	129		85		
总计				16,174		257		



会员类别	总成交量	增减		
期货公司会员	55,196		-28,373		

会员类别	总持买单量	增减		
期货公司会员	16,007		3		

会员类别	总持卖单量	增减		
期货公司会员	16,174		257		

