								大连商品交易所 成交量_买持仓_卖持仓排名	

合约代码：a2101		Date：2020-09-15	

			期货公司会员	

名次		会员简称	成交量		增减		
1		华泰期货	85,483		37,931		
2		国富期货	30,315		16,358		
3		申银万国	27,989		14,336		
4		中信期货	25,731		14,183		
5		光大期货	25,147		10,883		
6		海通期货	23,452		12,896		
7		东证期货	21,929		6,002		
8		方正中期	21,746		11,599		
9		徽商期货	18,133		9,391		
10		华安期货	18,122		8,919		
11		中辉期货	16,042		10,880		
12		国泰君安	15,129		4,461		
13		银河期货	14,298		8,624		
14		永安期货	12,748		7,940		
15		东吴期货	12,182		5,018		
16		国投安信	11,762		5,039		
17		南华期货	11,261		3,034		
18		兴证期货	9,638		4,143		
19		东方财富	9,484		3,941		
20		宏源期货	8,816		4,815		
总计				419,407		200,393		

名次		会员简称	持买单量	增减		
1		永安期货	12,947		1,047		
2		中信期货	9,644		1,227		
3		华泰期货	7,767		1,977		
4		国泰君安	7,107		2,003		
5		五矿经易	5,805		152		
6		信达期货	5,659		12		
7		兴证期货	4,879		2,040		
8		海通期货	3,881		1,743		
9		东证期货	3,706		2,240		
10		国投安信	3,520		174		
11		宏源期货	3,195		-745		
12		中粮期货	3,106		10		
13		方正中期	3,054		260		
14		深圳金汇	3,004		2,794		
15		国元期货	2,833		-139		
16		银河期货	2,252		-469		
17		申银万国	2,238		-271		
18		南华期货	2,215		613		
19		徽商期货	2,071		304		
20		国信期货	1,853		-382		
总计				90,736		14,590		

名次		会员简称	持卖单量	增减		
1		国投安信	13,460		5,860		
2		一德期货	11,005		1,339		
3		银河期货	9,470		393		
4		鲁证期货	8,141		141		
5		华安期货	7,250		4,269		
6		永安期货	6,603		-21		
7		南华期货	6,028		656		
8		北京首创	5,095		1,389		
9		广发期货	4,460		174		
10		中信期货	3,991		-554		
11		天风期货	3,905		520		
12		格林大华	3,819		287		
13		国联期货	3,541		868		
14		国泰君安	3,423		136		
15		兴证期货	2,535		-176		
16		中粮期货	2,533		382		
17		国富期货	2,468		2,062		
18		新纪元期货	2,368		296		
19		新湖期货	2,286		595		
20		光大期货	2,133		985		
总计				104,514		19,601		



会员类别	总成交量	增减		
期货公司会员	419,407		200,393		

会员类别	总持买单量	增减		
期货公司会员	90,736		14,590		

会员类别	总持卖单量	增减		
期货公司会员	104,514		19,601		

