								大连商品交易所 成交量_买持仓_卖持仓排名	

合约代码：pg2011		Date：2020-09-15	

			期货公司会员	

名次		会员简称	成交量		增减		
1		华泰期货	37,896		6,857		
2		中信期货	22,008		4,782		
3		海通期货	19,281		-2,179		
4		光大期货	13,955		361		
5		国富期货	9,476		123		
6		徽商期货	7,811		669		
7		东证期货	7,573		947		
8		华安期货	6,970		1,118		
9		银河期货	5,730		249		
10		国泰君安	5,403		170		
11		兴证期货	4,950		1,251		
12		中辉期货	4,331		413		
13		广发期货	4,075		1,070		
14		华西期货	3,811		305		
15		申银万国	3,777		-264		
16		瑞达期货	3,771		1,711		
17		安粮期货	3,519		1,006		
18		华闻期货	3,400		1,330		
19		宏源期货	3,373		343		
20		东吴期货	3,154		-1,877		
总计				174,264		18,385		

名次		会员简称	持买单量	增减		
1		中大期货	9,656		53		
2		永安期货	9,253		-61		
3		银河期货	3,485		-47		
4		东证期货	2,340		12		
5		方正中期	2,214		12		
6		徽商期货	2,194		-222		
7		中财期货	2,076		-81		
8		中信期货	2,016		84		
9		中粮期货	1,858		62		
10		一德期货	1,630		-715		
11		国海良时	1,575		-3		
12		光大期货	1,379		-312		
13		国泰君安	1,370		-86		
14		华安期货	1,353		37		
15		浙商期货	1,332		71		
16		信达期货	1,164		-125		
17		南华期货	1,117		25		
18		长江期货	1,020		45		
19		广发期货	1,005		15		
20		大通期货	968		1		
总计				49,005		-1,235		

名次		会员简称	持卖单量	增减		
1		国投安信	12,818		-944		
2		中信期货	7,874		104		
3		永安期货	5,643		93		
4		广发期货	4,790		32		
5		银河期货	4,717		-39		
6		海通期货	3,114		-500		
7		东证期货	1,889		251		
8		华泰期货	1,826		-569		
9		华安期货	1,702		-173		
10		国泰君安	1,500		-137		
11		兴证期货	1,494		608		
12		新湖期货	1,413		-95		
13		宏源期货	1,343		135		
14		南华期货	1,312		-62		
15		海航期货	1,292		-4		
16		一德期货	1,249		605		
17		中信建投	1,048		292		
18		光大期货	960		59		
19		徽商期货	911		15		
20		中大期货	833		-56		
总计				57,728		-385		



会员类别	总成交量	增减		
期货公司会员	174,264		18,385		

会员类别	总持买单量	增减		
期货公司会员	49,005		-1,235		

会员类别	总持卖单量	增减		
期货公司会员	57,728		-385		

