								大连商品交易所 成交量_买持仓_卖持仓排名	

合约代码：j2101		Date：2020-09-15	

			期货公司会员	

名次		会员简称	成交量		增减		
1		东证期货	33,681		9,063		
2		国富期货	27,061		6,545		
3		中信期货	20,000		6,591		
4		光大期货	17,261		4,336		
5		国泰君安	15,559		5,621		
6		申银万国	13,219		4,472		
7		海通期货	11,184		3,383		
8		方正中期	8,668		3,810		
9		银河期货	8,576		4,385		
10		华泰期货	7,515		2,954		
11		河北恒银	7,198		3,075		
12		中辉期货	7,040		2,845		
13		永安期货	6,959		1,168		
14		华创期货	6,548		2,043		
15		山西三立	6,473		2,728		
16		东吴期货	5,962		1,147		
17		徽商期货	5,474		1,821		
18		宏源期货	5,471		2,833		
19		上海大陆	5,383		824		
20		新纪元期货	5,372		1,146		
总计				224,604		70,790		

名次		会员简称	持买单量	增减		
1		东证期货	12,474		9,650		
2		中信期货	10,045		1,940		
3		国富期货	8,733		1,470		
4		国泰君安	6,219		1,006		
5		银河期货	5,279		193		
6		永安期货	4,486		-337		
7		东海期货	4,116		51		
8		申银万国	3,615		1,621		
9		中辉期货	3,248		563		
10		海通期货	2,969		431		
11		中信建投	2,904		405		
12		五矿经易	2,677		411		
13		华泰期货	2,560		-52		
14		方正中期	2,268		731		
15		广发期货	2,219		148		
16		兴证期货	1,596		142		
17		弘业期货	1,516		136		
18		瑞达期货	1,497		-327		
19		一德期货	1,419		92		
20		山西三立	1,175		527		
总计				81,015		18,801		

名次		会员简称	持卖单量	增减		
1		东证期货	13,329		9,449		
2		中信期货	8,811		1,416		
3		国富期货	7,107		1,473		
4		永安期货	6,533		-690		
5		华泰期货	5,782		569		
6		国泰君安	4,164		825		
7		海通期货	3,911		1,587		
8		申银万国	3,772		1,444		
9		天风期货	3,091		510		
10		中辉期货	2,974		31		
11		中信建投	2,547		98		
12		银河期货	2,429		1,005		
13		大越期货	2,390		77		
14		浙商期货	2,371		-69		
15		中粮期货	2,085		1,663		
16		国投安信	1,885		170		
17		一德期货	1,816		-220		
18		鲁证期货	1,804		1,240		
19		兴证期货	1,666		582		
20		东兴期货	1,546		-9		
总计				80,013		21,151		



会员类别	总成交量	增减		
期货公司会员	224,604		70,790		

会员类别	总持买单量	增减		
期货公司会员	81,015		18,801		

会员类别	总持卖单量	增减		
期货公司会员	80,013		21,151		

