								大连商品交易所 成交量_买持仓_卖持仓排名	

合约代码：c2011		Date：2020-09-15	

			期货公司会员	

名次		会员简称	成交量		增减		
1		华闻期货	24,081		-6,093		
2		光大期货	20,198		112		
3		方正中期	17,615		-719		
4		国泰君安	8,014		-5,000		
5		鲁证期货	6,052		-2,735		
6		格林大华	5,968		-1,139		
7		中粮期货	5,781		-3,387		
8		弘业期货	5,707		1,530		
9		申银万国	5,543		-3,243		
10		中大期货	5,140		-4,542		
11		银河期货	4,505		-1,317		
12		东证期货	3,912		-945		
13		华泰期货	3,529		89		
14		冠通期货	3,392		-2,354		
15		永安期货	3,387		-1,454		
16		中信期货	3,164		-830		
17		国海良时	2,794		-1,110		
18		浙商期货	2,482		-141		
19		五矿经易	2,375		-1,304		
20		中天期货	1,787		-1,523		
总计				135,426		-36,105		

名次		会员简称	持买单量	增减		
1		国投安信	14,692		261		
2		弘业期货	2,318		23		
3		中大期货	2,051		12		
4		兴证期货	1,524		-5		
5		冠通期货	1,060		-344		
6		国泰君安	779		-158		
7		中信期货	687		-6		
8		永安期货	617		27		
9		中辉期货	605		-1		
10		华安期货	433		9		
11		国富期货	411		88		
12		中粮期货	406		34		
13		格林大华	390		-20		
14		光大期货	357		50		
15		鲁证期货	306		7		
16		锦泰期货	286		-31		
17		南华期货	256		2		
18		迈科期货	231		-4		
19		创元期货	230		75		
20		方正中期	184		10		
总计				27,823		29		

名次		会员简称	持卖单量	增减		
1		民生期货	4,865		-25		
2		银河期货	3,160		56		
3		弘业期货	2,329		22		
4		中信期货	1,856		74		
5		永安期货	1,722		38		
6		国泰君安	1,603		20		
7		海通期货	1,583		0		
8		广州金控	1,107		0		
9		中大期货	1,032		4		
10		一德期货	1,026		300		
11		国投安信	974		-1		
12		南华期货	693		-29		
13		光大期货	644		244		
14		中信建投	602		-58		
15		中粮期货	447		9		
16		五矿经易	421		0		
17		招商期货	402		11		
18		格林大华	401		-1,852		
19		中融汇信	350		0		
20		鲁证期货	346		5		
总计				25,563		-1,182		



会员类别	总成交量	增减		
期货公司会员	135,426		-36,105		

会员类别	总持买单量	增减		
期货公司会员	27,823		29		

会员类别	总持卖单量	增减		
期货公司会员	25,563		-1,182		

