								大连商品交易所 成交量_买持仓_卖持仓排名	

合约代码：m2109		Date：2020-09-15	

			期货公司会员	

名次		会员简称	成交量		增减		
1		摩根大通	6,833		6,833		
2		格林大华	3,512		3,512		
3		北京首创	3,250		3,250		
4		新湖期货	2,729		2,729		
5		一德期货	2,053		2,053		
6		长江期货	1,657		1,657		
7		国富期货	1,543		1,543		
8		宏源期货	1,520		1,520		
9		长城期货	1,279		1,279		
10		国泰君安	1,239		1,239		
11		华鑫期货	1,196		1,196		
12		美尔雅期货	1,096		1,096		
13		华金期货	1,013		1,013		
14		五矿经易	908		908		
15		中财期货	858		858		
16		冠通期货	840		840		
17		华安期货	825		825		
18		东证期货	820		820		
19		中辉期货	768		768		
20		国海良时	755		755		
总计				34,694		34,694		

名次		会员简称	持买单量	增减		
1		格林大华	3,397		3,397		
2		长江期货	1,631		1,631		
3		国富期货	1,532		1,532		
4		华鑫期货	1,180		1,180		
5		华金期货	981		981		
6		美尔雅期货	978		978		
7		中财期货	791		791		
8		中辉期货	760		760		
9		金元期货	738		738		
10		国海良时	713		713		
11		北京首创	705		705		
12		金石期货	619		619		
13		上海中期	408		408		
14		永安期货	329		329		
15		新湖期货	325		325		
16		中粮期货	316		316		
17		光大期货	243		243		
18		安粮期货	231		231		
19		国泰君安	201		201		
20		华西期货	200		200		
总计				16,278		16,278		

名次		会员简称	持卖单量	增减		
1		摩根大通	6,833		6,833		
2		北京首创	2,537		2,537		
3		新湖期货	2,400		2,400		
4		一德期货	2,052		2,052		
5		五矿经易	890		890		
6		宏源期货	841		841		
7		国泰君安	758		758		
8		东证期货	599		599		
9		海证期货	578		578		
10		浙商期货	261		261		
11		中粮期货	236		236		
12		平安期货	214		214		
13		华泰期货	203		203		
14		中航期货	200		200		
15		长城期货	113		113		
16		华安期货	111		111		
17		中天期货	105		105		
18		银河期货	104		104		
19		招商期货	100		100		
20		安粮期货	90		90		
总计				19,225		19,225		



会员类别	总成交量	增减		
期货公司会员	34,694		34,694		

会员类别	总持买单量	增减		
期货公司会员	16,278		16,278		

会员类别	总持卖单量	增减		
期货公司会员	19,225		19,225		

