								大连商品交易所 成交量_买持仓_卖持仓排名	

合约代码：m2101		Date：2020-09-15	

			期货公司会员	

名次		会员简称	成交量		增减		
1		东证期货	507,403		-225,736	
2		国泰君安	217,509		-84,944		
3		中信期货	102,239		-34,251		
4		国富期货	79,045		-51,754		
5		海通期货	78,486		9,056		
6		格林大华	67,985		-28,627		
7		申银万国	58,899		3,769		
8		永安期货	54,678		-48,743		
9		银河期货	49,190		-39,885		
10		方正中期	42,447		-36,283		
11		华泰期货	37,298		-24,313		
12		中粮期货	34,021		-16,428		
13		国投安信	33,301		-26,032		
14		一德期货	33,008		-16,606		
15		宏源期货	32,494		-36,760		
16		新湖期货	31,527		-22,104		
17		华闻期货	31,339		-24,183		
18		徽商期货	31,078		-16,577		
19		兴证期货	29,836		-10,720		
20		中信建投	27,697		-3,487		
总计				1,579,480	-734,608	

名次		会员简称	持买单量	增减		
1		永安期货	148,873		-10,528		
2		中信期货	70,949		4,035		
3		五矿经易	70,159		-1,458		
4		中粮期货	63,977		-1,672		
5		一德期货	59,689		-541		
6		国投安信	52,820		753		
7		海通期货	50,078		702		
8		申银万国	47,546		1,420		
9		华泰期货	43,650		-1,639		
10		国泰君安	41,622		1,475		
11		东证期货	36,349		-2,918		
12		宏源期货	32,243		-4,154		
13		瑞达期货	31,218		157		
14		摩根大通	30,827		1,277		
15		南华期货	28,883		-1,250		
16		海证期货	25,441		1,510		
17		浙商期货	24,585		-94		
18		方正中期	22,868		2,310		
19		华闻期货	22,827		1,054		
20		银河期货	22,559		-1,751		
总计				927,163		-11,312		

名次		会员简称	持卖单量	增减		
1		国投安信	197,741		2,627		
2		中粮期货	194,057		4,910		
3		中信期货	112,774		-892		
4		银河期货	105,047		3,989		
5		摩根大通	72,898		229		
6		国泰君安	69,711		953		
7		一德期货	66,474		797		
8		南华期货	60,451		-524		
9		新湖期货	55,480		58		
10		鲁证期货	45,278		696		
11		平安期货	40,537		1,638		
12		永安期货	38,135		5,430		
13		海通期货	31,234		1,144		
14		格林大华	24,045		2,214		
15		北京首创	23,792		586		
16		中天期货	22,565		-93		
17		东证期货	21,929		-2,265		
18		建信期货	21,644		-28		
19		浙商期货	20,482		-475		
20		广发期货	19,754		342		
总计				1,244,028	21,336		



会员类别	总成交量	增减		
期货公司会员	1,579,480	-734,608	

会员类别	总持买单量	增减		
期货公司会员	927,163		-11,312		

会员类别	总持卖单量	增减		
期货公司会员	1,244,028	21,336		

