								大连商品交易所 成交量_买持仓_卖持仓排名	

合约代码：pp2102		Date：2020-09-15	

			期货公司会员	

名次		会员简称	成交量		增减		
1		东证期货	55,592		25,013		
2		恒泰期货	15,241		10,579		
3		光大期货	12,702		684		
4		国富期货	10,268		1,731		
5		银河期货	7,716		4,455		
6		东海期货	6,956		866		
7		五矿经易	6,530		1,594		
8		中粮期货	6,338		3,970		
9		华闻期货	6,222		4,679		
10		中信期货	6,184		-569		
11		申银万国	5,473		2,291		
12		广发期货	5,044		2,595		
13		国泰君安	4,968		232		
14		迈科期货	4,954		1,006		
15		格林大华	4,835		2,716		
16		鲁证期货	4,295		1,336		
17		国海良时	4,216		1,093		
18		国元期货	3,667		726		
19		南华期货	3,369		1,149		
20		国投安信	3,159		1,065		
总计				177,729		67,211		

名次		会员简称	持买单量	增减		
1		华泰期货	2,062		24		
2		南华期货	1,511		-9		
3		恒泰期货	1,287		-22		
4		中信期货	1,055		29		
5		鲁证期货	1,014		4		
6		五矿经易	662		-29		
7		东吴期货	509		10		
8		格林大华	309		9		
9		申银万国	291		-19		
10		光大期货	136		68		
11		北京首创	116		-12		
12		国海良时	112		-20		
13		西南期货	101		0		
14		中财期货	91		76		
15		国投安信	81		57		
16		国泰君安	69		44		
17		瑞达期货	65		-97		
18		兴证期货	64		37		
19		锦泰期货	63		2		
20		浙商期货	62		-5		
总计				9,660		147		

名次		会员简称	持卖单量	增减		
1		华泰期货	2,135		-23		
2		南华期货	1,499		-14		
3		恒泰期货	1,280		11		
4		鲁证期货	1,081		-51		
5		中信期货	1,062		3		
6		五矿经易	652		1		
7		东吴期货	499		-14		
8		格林大华	308		8		
9		申银万国	306		-14		
10		安粮期货	255		237		
11		金瑞期货	112		-48		
12		国海良时	111		-20		
13		建信期货	101		99		
14		中粮期货	89		-194		
15		锦泰期货	82		22		
16		海证期货	75		60		
17		华闻期货	74		63		
18		海通期货	72		47		
19		瑞达期货	60		-99		
20		东证期货	53		-9		
总计				9,906		65		



会员类别	总成交量	增减		
期货公司会员	177,729		67,211		

会员类别	总持买单量	增减		
期货公司会员	9,660		147		

会员类别	总持卖单量	增减		
期货公司会员	9,906		65		

