								大连商品交易所 成交量_买持仓_卖持仓排名	

合约代码：m2009		Date：2020-08-07	

			期货公司会员	

名次		会员简称	成交量		增减		
1		东证期货	143,451		-24,126		
2		国泰君安	53,158		-49,342		
3		兴证期货	26,647		6,029		
4		银河期货	26,441		8,627		
5		光大期货	23,766		-8,033		
6		华泰期货	20,255		-9,829		
7		东方财富	18,690		10,819		
8		中粮期货	18,527		-86		
9		中信期货	17,354		-1,857		
10		建信期货	17,277		15,761		
11		海通期货	13,894		-13,672		
12		国投安信	13,027		-7,893		
13		永安期货	11,604		-550		
14		华闻期货	10,353		3,341		
15		东海期货	10,250		3,838		
16		国富期货	9,513		-5,440		
17		宏源期货	9,370		-2,476		
18		南华期货	9,291		-4,198		
19		冠通期货	9,245		3,645		
20		鲁证期货	8,969		317		
总计				471,082		-75,125		

名次		会员简称	持买单量	增减		
1		永安期货	51,580		-109		
2		国投安信	26,653		5,601		
3		中粮期货	26,256		2,008		
4		国泰君安	21,751		6,310		
5		鲁证期货	20,903		-2,546		
6		宏源期货	18,015		-6,221		
7		一德期货	17,629		-1,005		
8		安粮期货	17,242		41		
9		倍特期货	14,949		-220		
10		摩根大通	14,389		-539		
11		五矿经易	14,087		1,987		
12		浙商期货	13,962		-717		
13		中信期货	13,296		-1,880		
14		混沌天成	12,842		-71		
15		南华期货	12,806		3,350		
16		华泰期货	11,826		-870		
17		光大期货	8,939		452		
18		银河期货	8,215		-1,883		
19		新湖期货	8,160		-490		
20		华安期货	7,272		-1,912		
总计				340,772		1,286		

名次		会员简称	持卖单量	增减		
1		中粮期货	92,720		-7,144		
2		国投安信	74,180		-4,043		
3		广发期货	37,331		-2,270		
4		永安期货	26,983		-3,526		
5		中信期货	26,811		-1,844		
6		国泰君安	23,531		14		
7		五矿经易	20,311		-3,105		
8		南华期货	18,724		128		
9		一德期货	18,628		-1,733		
10		鲁证期货	18,292		-478		
11		国盛期货	16,903		38		
12		新湖期货	15,796		-1,253		
13		建信期货	14,947		502		
14		银河期货	14,111		-2,842		
15		摩根大通	13,292		3,441		
16		北京首创	11,065		-1,854		
17		海通期货	9,970		446		
18		瑞达期货	7,631		471		
19		中国国际	7,388		-60		
20		东方财富	7,340		7,101		
总计				475,954		-18,011		



会员类别	总成交量	增减		
期货公司会员	471,082		-75,125		

会员类别	总持买单量	增减		
期货公司会员	340,772		1,286		

会员类别	总持卖单量	增减		
期货公司会员	475,954		-18,011		

