								大连商品交易所 成交量_买持仓_卖持仓排名	

合约代码：v2101		Date：2020-08-07	

			期货公司会员	

名次		会员简称	成交量		增减		
1		东证期货	22,306		-14		
2		中信期货	6,803		592		
3		国泰君安	4,372		-503		
4		永安期货	3,662		-1,477		
5		国富期货	2,863		-1,885		
6		光大期货	2,835		138		
7		中财期货	2,772		-606		
8		长江期货	2,655		96		
9		国投安信	2,517		1,364		
10		华金期货	2,516		-4,872		
11		宏源期货	2,429		-524		
12		国贸期货	2,292		1,232		
13		华泰期货	2,082		86		
14		海通期货	1,852		440		
15		中信建投	1,793		-9,217		
16		鲁证期货	1,672		-2,205		
17		国信期货	1,566		834		
18		安粮期货	1,534		-20		
19		信达期货	1,503		658		
20		浙商期货	1,460		-539		
总计				71,484		-16,422		

名次		会员简称	持买单量	增减		
1		永安期货	15,806		604		
2		国泰君安	9,766		11		
3		一德期货	5,288		-622		
4		鲁证期货	5,170		304		
5		中信期货	4,949		1,273		
6		银河期货	4,048		136		
7		南华期货	3,683		-23		
8		信达期货	2,561		-108		
9		中信建投	2,325		436		
10		华泰期货	2,240		55		
11		东证期货	2,152		-491		
12		长江期货	1,940		-337		
13		方正中期	1,736		-198		
14		广发期货	1,700		171		
15		华金期货	1,516		-152		
16		摩根大通	1,356		-28		
17		广州期货	1,232		-268		
18		宝城期货	1,164		307		
19		新晟期货	1,155		7		
20		中大期货	1,150		51		
总计				70,937		1,128		

名次		会员简称	持卖单量	增减		
1		国信期货	12,641		9		
2		国贸期货	12,114		1,556		
3		中财期货	7,840		176		
4		永安期货	6,019		336		
5		浙商期货	5,259		-75		
6		银河期货	4,520		-91		
7		申银万国	3,801		-96		
8		方正中期	3,636		-17		
9		大越期货	3,045		-2		
10		华泰期货	2,973		-83		
11		国投安信	2,917		-186		
12		大地期货	2,780		252		
13		国泰君安	1,928		-147		
14		信达期货	1,908		457		
15		中信建投	1,837		331		
16		中粮期货	1,832		-10		
17		中信期货	1,643		-114		
18		中大期货	1,355		4		
19		中国国际	1,298		-383		
20		一德期货	999		83		
总计				80,345		2,000		



会员类别	总成交量	增减		
期货公司会员	71,484		-16,422		

会员类别	总持买单量	增减		
期货公司会员	70,937		1,128		

会员类别	总持卖单量	增减		
期货公司会员	80,345		2,000		

