								大连商品交易所 成交量_买持仓_卖持仓排名	

合约代码：jd2009		Date：2020-08-07	

			期货公司会员	

名次		会员简称	成交量		增减		
1		东证期货	49,532		3,789		
2		徽商期货	45,702		10,351		
3		中信期货	35,745		16,703		
4		东吴期货	32,136		15,327		
5		方正中期	31,160		8,931		
6		国泰君安	30,602		10,185		
7		华安期货	24,861		4,085		
8		申银万国	18,446		4,076		
9		中信建投	17,503		4,327		
10		银河期货	17,352		-4,880		
11		华闻期货	16,947		9,342		
12		宏源期货	16,386		-3,322		
13		中辉期货	15,861		2,992		
14		国富期货	15,270		4,324		
15		海通期货	14,364		4,649		
16		华泰期货	14,204		2,375		
17		东方财富	13,070		5,404		
18		安粮期货	12,243		1,806		
19		光大期货	12,009		33		
20		兴证期货	11,948		4,141		
总计				445,341		104,638		

名次		会员简称	持买单量	增减		
1		徽商期货	5,052		-634		
2		银河期货	3,327		-797		
3		国泰君安	3,307		-213		
4		方正中期	3,154		-790		
5		华安期货	2,714		-183		
6		中信期货	2,713		-1,214		
7		东证期货	2,645		-260		
8		南华期货	2,288		-141		
9		光大期货	2,212		-160		
10		东方财富	2,172		-78		
11		新纪元期货	2,091		61		
12		宏源期货	2,090		-545		
13		永安期货	2,078		-253		
14		中信建投	1,975		-1,072		
15		长江期货	1,856		74		
16		山西三立	1,792		-1,383		
17		华泰期货	1,765		-170		
18		国海良时	1,640		145		
19		鲁证期货	1,534		-46		
20		国信期货	1,430		-58		
总计				47,835		-7,717		

名次		会员简称	持卖单量	增减		
1		徽商期货	5,595		78		
2		宏源期货	3,961		311		
3		华泰期货	3,875		-372		
4		华安期货	3,618		-60		
5		国泰君安	3,411		-661		
6		方正中期	3,409		-1,004		
7		中财期货	3,085		-356		
8		中信建投	3,007		171		
9		永安期货	2,899		-216		
10		福能期货	2,624		-131		
11		格林大华	2,160		427		
12		海通期货	2,158		-143		
13		中信期货	2,054		155		
14		东证期货	1,828		-1,160		
15		兴证期货	1,713		-842		
16		鲁证期货	1,608		169		
17		美尔雅期货	1,529		-10		
18		安粮期货	1,496		-599		
19		申银万国	1,485		-166		
20		光大期货	1,401		-405		
总计				52,916		-4,814		



会员类别	总成交量	增减		
期货公司会员	445,341		104,638		

会员类别	总持买单量	增减		
期货公司会员	47,835		-7,717		

会员类别	总持卖单量	增减		
期货公司会员	52,916		-4,814		

