								大连商品交易所 成交量_买持仓_卖持仓排名	

合约代码：eg2101		Date：2020-08-07	

			期货公司会员	

名次		会员简称	成交量		增减		
1		东证期货	21,249		-870		
2		中信期货	5,994		4,016		
3		永安期货	5,436		347		
4		光大期货	4,740		315		
5		华泰期货	4,725		667		
6		东海期货	4,523		51		
7		国富期货	3,429		887		
8		华安期货	2,939		1,145		
9		浙商期货	2,895		1,617		
10		华闻期货	2,675		1,227		
11		徽商期货	2,657		306		
12		国泰君安	2,559		1,360		
13		海通期货	2,498		536		
14		方正中期	2,198		901		
15		鲁证期货	2,010		1,300		
16		弘业期货	1,866		130		
17		天风期货	1,845		1,113		
18		金瑞期货	1,523		634		
19		中信建投	1,449		680		
20		信达期货	1,388		538		
总计				78,598		16,900		

名次		会员简称	持买单量	增减		
1		通惠期货	16,910		0		
2		新湖期货	6,099		-11		
3		华泰期货	5,313		-377		
4		国元期货	4,785		273		
5		华安期货	4,264		-89		
6		宏源期货	4,196		45		
7		中信期货	3,416		-387		
8		兴业期货	3,415		12		
9		招商期货	2,947		186		
10		东吴期货	2,853		94		
11		东证期货	2,604		79		
12		华闻期货	2,480		1,503		
13		一德期货	2,383		459		
14		国投安信	2,267		-2		
15		浙商期货	2,202		1,241		
16		弘业期货	2,015		1,005		
17		申银万国	1,873		441		
18		国富期货	1,835		13		
19		建信期货	1,794		49		
20		信达期货	1,612		701		
总计				75,263		5,235		

名次		会员简称	持卖单量	增减		
1		永安期货	20,865		570		
2		国贸期货	10,638		-54		
3		华泰期货	8,083		364		
4		中信期货	7,891		3,197		
5		天风期货	7,851		-1,406		
6		宝城期货	7,609		400		
7		五矿经易	4,409		-18		
8		国泰君安	4,048		374		
9		方正中期	2,897		32		
10		银河期货	2,122		-157		
11		鲁证期货	1,687		302		
12		东证期货	1,385		98		
13		申银万国	1,297		0		
14		弘业期货	1,266		303		
15		兴业期货	1,191		-8		
16		浙商期货	1,172		-98		
17		倍特期货	1,127		957		
18		宏源期货	1,041		241		
19		金瑞期货	1,002		835		
20		中信建投	974		497		
总计				88,555		6,429		



会员类别	总成交量	增减		
期货公司会员	78,598		16,900		

会员类别	总持买单量	增减		
期货公司会员	75,263		5,235		

会员类别	总持卖单量	增减		
期货公司会员	88,555		6,429		

