								大连商品交易所 成交量_买持仓_卖持仓排名	

合约代码：c2101		Date：2020-08-07	

			期货公司会员	

名次		会员简称	成交量		增减		
1		国泰君安	139,414		79,754		
2		华泰期货	85,201		34,660		
3		国富期货	74,583		20,644		
4		东证期货	71,534		-3,715		
5		中信期货	47,326		18,197		
6		兴证期货	26,487		6,996		
7		中粮期货	26,218		2,571		
8		天风期货	23,851		-1,165		
9		银河期货	21,855		2,664		
10		中信建投	15,984		1,874		
11		徽商期货	15,145		924		
12		长江期货	14,839		2,888		
13		永安期货	14,809		-16,372		
14		金瑞期货	14,487		5,409		
15		五矿经易	14,328		7,062		
16		光大期货	14,073		-2,116		
17		冠通期货	13,755		5,804		
18		华闻期货	12,786		171		
19		国信期货	12,734		-1,794		
20		国投安信	12,698		-6,726		
总计				672,107		157,730		

名次		会员简称	持买单量	增减		
1		永安期货	89,794		825		
2		鲁证期货	66,407		-1,156		
3		中信期货	62,771		-1,169		
4		国泰君安	56,691		6,053		
5		五矿经易	51,908		7,084		
6		中财期货	50,150		984		
7		光大期货	46,100		-1,073		
8		一德期货	36,299		1,027		
9		中粮期货	32,721		-2,471		
10		国投安信	31,615		1,598		
11		华融融达	22,715		279		
12		东证期货	21,699		-1,138		
13		申银万国	19,038		1,161		
14		海证期货	16,274		299		
15		华泰期货	15,896		-1,074		
16		金瑞期货	14,544		4,756		
17		国盛期货	10,678		28		
18		北京首创	10,667		-604		
19		海通期货	10,211		-6,668		
20		中信建投	9,654		-5,588		
总计				675,832		3,153		

名次		会员简称	持卖单量	增减		
1		中粮期货	190,281		4,291		
2		永安期货	75,083		914		
3		南华期货	66,698		-682		
4		中辉期货	57,559		-116		
5		北京首创	42,695		-1,144		
6		光大期货	41,449		1,210		
7		东证期货	35,042		-2,806		
8		中信期货	30,153		1,975		
9		中国国际	26,892		222		
10		浙商期货	26,501		-5,578		
11		国投安信	25,666		-450		
12		摩根大通	25,218		0		
13		中金期货	25,001		0		
14		鲁证期货	19,984		875		
15		华泰期货	17,502		2,421		
16		银河期货	12,406		-1,579		
17		广发期货	11,686		-1,002		
18		金瑞期货	9,309		117		
19		宏源期货	9,237		-818		
20		新湖期货	8,487		245		
总计				756,849		-1,905		



会员类别	总成交量	增减		
期货公司会员	672,107		157,730		

会员类别	总持买单量	增减		
期货公司会员	675,832		3,153		

会员类别	总持卖单量	增减		
期货公司会员	756,849		-1,905		

