								大连商品交易所 成交量_买持仓_卖持仓排名	

合约代码：j2101		Date：2020-08-07	

			期货公司会员	

名次		会员简称	成交量		增减		
1		东证期货	14,188		6,962		
2		华泰期货	3,580		2,054		
3		国富期货	3,102		1,764		
4		光大期货	2,494		1,362		
5		国信期货	2,263		1,358		
6		永安期货	2,235		1,124		
7		银河期货	1,970		1,144		
8		徽商期货	1,939		1,197		
9		中财期货	1,836		1,472		
10		新湖期货	1,670		1,288		
11		申银万国	1,557		384		
12		新纪元期货	1,432		971		
13		华安期货	1,337		626		
14		中辉期货	1,279		834		
15		中信期货	1,259		149		
16		渤海期货	1,222		773		
17		宝城期货	1,202		172		
18		一德期货	1,135		203		
19		方正中期	1,087		359		
20		鲁证期货	1,044		697		
总计				47,831		24,893		

名次		会员简称	持买单量	增减		
1		东证期货	5,143		1,530		
2		东海期货	3,033		256		
3		永安期货	2,501		516		
4		中信建投	2,436		22		
5		鲁证期货	1,526		513		
6		国泰君安	1,525		11		
7		华泰期货	1,283		194		
8		国富期货	1,202		583		
9		摩根大通	1,147		80		
10		银河期货	1,128		-142		
11		国投安信	1,059		33		
12		方正中期	935		94		
13		北京首创	822		162		
14		国信期货	801		341		
15		五矿经易	747		-50		
16		信达期货	693		-20		
17		中信期货	679		156		
18		海通期货	665		77		
19		浙商期货	646		-28		
20		申银万国	619		-282		
总计				28,590		4,046		

名次		会员简称	持卖单量	增减		
1		东证期货	4,597		1,538		
2		华泰期货	3,896		1,252		
3		一德期货	2,721		-173		
4		永安期货	2,401		69		
5		中信建投	2,278		109		
6		国投安信	1,804		285		
7		银河期货	1,422		186		
8		新湖期货	1,258		-51		
9		申银万国	1,110		423		
10		中信期货	1,109		-91		
11		天风期货	1,094		8		
12		大越期货	1,039		226		
13		国富期货	955		599		
14		国信期货	941		290		
15		兴业期货	878		146		
16		鲁证期货	706		5		
17		浙商期货	630		-138		
18		光大期货	590		-105		
19		五矿经易	537		108		
20		中财期货	497		221		
总计				30,463		4,907		



会员类别	总成交量	增减		
期货公司会员	47,831		24,893		

会员类别	总持买单量	增减		
期货公司会员	28,590		4,046		

会员类别	总持卖单量	增减		
期货公司会员	30,463		4,907		

