								大连商品交易所 成交量_买持仓_卖持仓排名	

合约代码：c2009		Date：2020-08-07	

			期货公司会员	

名次		会员简称	成交量		增减		
1		东证期货	76,308		18,205		
2		华泰期货	44,165		-57,599		
3		中信期货	31,264		7,892		
4		国泰君安	30,754		-53,929		
5		银河期货	27,452		13,242		
6		中信建投	20,667		7,549		
7		东方财富	15,143		-2,576		
8		永安期货	13,693		-3,668		
9		冠通期货	12,628		9,273		
10		中粮期货	11,776		6,522		
11		海通期货	11,277		2,677		
12		中辉期货	10,582		8,464		
13		光大期货	10,082		-5,254		
14		金瑞期货	8,983		1,355		
15		长江期货	7,851		2,943		
16		浙商期货	7,832		3,201		
17		方正中期	7,677		446		
18		国信期货	7,542		-1,815		
19		徽商期货	7,191		-1,044		
20		华安期货	6,868		-1,049		
总计				369,735		-45,165		

名次		会员简称	持买单量	增减		
1		中财期货	27,089		-2,069		
2		永安期货	17,648		-1,229		
3		光大期货	12,103		138		
4		中信期货	10,406		-11,447		
5		广发期货	6,178		-390		
6		国投安信	5,905		1,761		
7		国泰君安	5,585		-514		
8		五矿经易	5,156		-1,564		
9		华融融达	4,919		-844		
10		南华期货	4,863		696		
11		民生期货	4,661		-1		
12		华安期货	4,195		-259		
13		新湖期货	4,009		-279		
14		摩根大通	3,805		112		
15		兴业期货	3,430		3,216		
16		华泰期货	3,407		-447		
17		中国国际	3,278		871		
18		中粮期货	3,192		-553		
19		北京首创	3,132		-308		
20		东证期货	3,090		-1,754		
总计				136,051		-14,864		

名次		会员简称	持卖单量	增减		
1		中信期货	19,639		741		
2		中辉期货	17,261		-9,115		
3		金瑞期货	15,463		5,025		
4		永安期货	8,977		-3,946		
5		中粮期货	8,961		-3,585		
6		浙商期货	8,824		918		
7		光大期货	8,757		-675		
8		信达期货	8,725		-289		
9		华安期货	6,478		2,286		
10		银河期货	6,391		-7,332		
11		新湖期货	5,708		3,720		
12		海通期货	5,584		2,300		
13		中国国际	5,317		-2,953		
14		国泰君安	4,509		-983		
15		华泰期货	4,476		1,023		
16		国贸期货	3,285		-149		
17		兴证期货	3,079		653		
18		长江期货	3,048		-582		
19		中信建投	2,568		-1,336		
20		大有期货	2,309		-234		
总计				149,359		-14,513		



会员类别	总成交量	增减		
期货公司会员	369,735		-45,165		

会员类别	总持买单量	增减		
期货公司会员	136,051		-14,864		

会员类别	总持卖单量	增减		
期货公司会员	149,359		-14,513		

