								大连商品交易所 成交量_买持仓_卖持仓排名	

合约代码：pg2011		Date：2020-08-07	

			期货公司会员	

名次		会员简称	成交量		增减		
1		华泰期货	33,686		-454		
2		海通期货	25,835		11,629		
3		国富期货	20,390		912		
4		中信期货	20,186		3,724		
5		徽商期货	12,513		216		
6		华安期货	12,030		993		
7		申银万国	12,013		2,547		
8		东证期货	10,838		1,313		
9		东吴期货	9,882		3,005		
10		光大期货	8,894		2,016		
11		浙商期货	8,360		1,345		
12		方正中期	7,856		214		
13		银河期货	7,545		641		
14		国泰君安	7,219		1,678		
15		兴证期货	5,746		-627		
16		宏源期货	5,337		1,032		
17		华西期货	4,936		299		
18		中辉期货	4,927		-47		
19		广发期货	4,585		1,364		
20		永安期货	4,532		674		
总计				227,310		32,474		

名次		会员简称	持买单量	增减		
1		永安期货	8,558		-59		
2		海通期货	6,869		1,760		
3		美尔雅期货	5,010		373		
4		浙商期货	4,774		-91		
5		江苏东华	2,480		60		
6		东海期货	2,172		-24		
7		华泰期货	2,048		-127		
8		徽商期货	2,019		856		
9		申银万国	2,015		-581		
10		平安期货	1,928		268		
11		中粮期货	1,759		23		
12		东证期货	1,712		-168		
13		方正中期	1,497		370		
14		五矿经易	1,490		-149		
15		中信期货	1,474		-72		
16		银河期货	1,451		74		
17		华安期货	1,366		82		
18		宏源期货	1,346		-281		
19		华金期货	1,305		54		
20		中财期货	1,227		107		
总计				52,500		2,475		

名次		会员简称	持卖单量	增减		
1		国投安信	14,106		-11		
2		中信期货	10,781		114		
3		永安期货	6,244		237		
4		银河期货	4,593		459		
5		国泰君安	3,145		-222		
6		广发期货	2,406		-144		
7		华泰期货	2,344		249		
8		浙商期货	2,287		-85		
9		华安期货	2,042		-24		
10		东证期货	1,871		414		
11		一德期货	1,481		13		
12		海通期货	1,474		-471		
13		中信建投	1,354		82		
14		方正中期	1,277		-178		
15		南华期货	1,176		42		
16		宝城期货	1,171		-13		
17		徽商期货	1,081		3		
18		迈科期货	922		472		
19		申银万国	907		-98		
20		中粮期货	780		239		
总计				61,442		1,078		



会员类别	总成交量	增减		
期货公司会员	227,310		32,474		

会员类别	总持买单量	增减		
期货公司会员	52,500		2,475		

会员类别	总持卖单量	增减		
期货公司会员	61,442		1,078		

