								大连商品交易所 成交量_买持仓_卖持仓排名	

合约代码：i2009		Date：2020-08-07	

			期货公司会员	

名次		会员简称	成交量		增减		
1		国泰君安	105,006		25,659		
2		申银万国	73,489		-4,942		
3		中信期货	61,195		10,722		
4		方正中期	59,618		5,957		
5		光大期货	59,342		4,487		
6		东证期货	59,313		130		
7		国富期货	48,752		-16,671		
8		银河期货	46,004		-9,508		
9		海通期货	41,533		17,884		
10		永安期货	34,039		2,523		
11		华泰期货	32,140		4,246		
12		华闻期货	19,117		5,796		
13		广发期货	18,054		-5,523		
14		徽商期货	17,899		-9,562		
15		南华期货	17,838		5,460		
16		浙商期货	17,453		7,244		
17		兴证期货	17,388		8,990		
18		中信建投	16,213		8,090		
19		中辉期货	15,833		-5,645		
20		宏源期货	13,933		2,031		
总计				774,159		57,368		

名次		会员简称	持买单量	增减		
1		国泰君安	33,266		-16,437		
2		方正中期	30,593		8,767		
3		中信期货	26,972		-1,908		
4		华泰期货	24,774		6,172		
5		永安期货	23,727		-16,087		
6		银河期货	19,268		1,101		
7		海通期货	13,131		-3,353		
8		东证期货	11,926		-4,957		
9		兴证期货	11,832		-1,493		
10		一德期货	10,973		-3,117		
11		申银万国	9,680		510		
12		美尔雅期货	9,249		145		
13		浙商期货	9,067		1,761		
14		鲁证期货	7,951		708		
15		江苏东华	7,227		698		
16		光大期货	6,654		108		
17		东航期货	6,372		-1,013		
18		海证期货	6,290		102		
19		上海东亚	6,041		56		
20		中辉期货	5,745		-1,654		
总计				280,738		-29,891		

名次		会员简称	持卖单量	增减		
1		中信期货	33,883		-6,735		
2		永安期货	22,137		-1,045		
3		大地期货	21,912		54		
4		银河期货	18,681		-4,509		
5		华泰期货	16,476		-2,219		
6		一德期货	16,423		-99		
7		浙商期货	14,953		-7,904		
8		广发期货	13,970		-49		
9		东兴期货	11,827		126		
10		五矿经易	11,180		-448		
11		中钢期货	11,108		-307		
12		方正中期	10,737		2,406		
13		国泰君安	10,132		-1,647		
14		中辉期货	9,613		813		
15		东证期货	9,553		-3,751		
16		天风期货	9,347		-91		
17		国投安信	8,916		-1,387		
18		建信期货	8,785		-105		
19		海通期货	8,729		-1,748		
20		宝城期货	7,884		-1,795		
总计				276,246		-30,440		



会员类别	总成交量	增减		
期货公司会员	774,159		57,368		

会员类别	总持买单量	增减		
期货公司会员	280,738		-29,891		

会员类别	总持卖单量	增减		
期货公司会员	276,246		-30,440		

