								大连商品交易所 成交量_买持仓_卖持仓排名	

合约代码：y2009		Date：2020-08-07	

			期货公司会员	

名次		会员简称	成交量		增减		
1		东证期货	82,326		-8,142		
2		光大期货	30,250		10,572		
3		中信期货	24,402		567		
4		华泰期货	20,361		-9,084		
5		兴证期货	16,766		-1,917		
6		海通期货	13,273		-1,441		
7		国泰君安	11,605		-7,296		
8		国富期货	10,396		-15,387		
9		中粮期货	8,181		-9,551		
10		申银万国	7,830		-15,895		
11		一德期货	7,173		1,325		
12		永安期货	6,787		1,216		
13		广发期货	6,156		1,628		
14		徽商期货	6,041		-2,964		
15		国投安信	5,803		-1,513		
16		华安期货	5,356		-1,378		
17		国元期货	4,983		-854		
18		中天期货	4,943		-3,309		
19		银河期货	4,806		-1,016		
20		华融融达	4,221		1,824		
总计				281,659		-62,615		

名次		会员简称	持买单量	增减		
1		永安期货	18,075		-2,888		
2		光大期货	8,656		-323		
3		国投安信	7,158		330		
4		一德期货	7,155		-376		
5		大越期货	6,354		-180		
6		广发期货	5,194		-2,679		
7		国泰君安	4,968		-667		
8		国盛期货	4,295		397		
9		中信期货	4,224		-46		
10		华泰期货	3,842		-2,560		
11		东兴期货	3,766		-50		
12		海通期货	3,364		-99		
13		北京首创	3,140		-74		
14		五矿经易	3,010		-93		
15		东海期货	2,801		131		
16		中粮期货	2,737		-303		
17		华融融达	2,722		97		
18		申银万国	2,109		-665		
19		东证期货	2,032		-384		
20		南华期货	1,978		-336		
总计				97,580		-10,768		

名次		会员简称	持卖单量	增减		
1		中粮期货	22,805		-2,864		
2		国投安信	11,256		-2,977		
3		一德期货	8,857		-5,231		
4		银河期货	7,092		-977		
5		信达期货	6,936		-2,420		
6		摩根大通	6,040		-777		
7		永安期货	5,710		-181		
8		鲁证期货	4,647		-621		
9		浙商期货	4,270		-287		
10		南华期货	3,872		-334		
11		海通期货	3,063		-616		
12		申银万国	3,037		-199		
13		上海中期	2,937		-355		
14		中天期货	2,845		-291		
15		华泰期货	2,765		-17		
16		北京首创	2,583		-316		
17		招商期货	2,333		-87		
18		平安期货	2,273		204		
19		北京金鹏	2,108		0		
20		国富期货	1,928		-328		
总计				107,357		-18,674		



会员类别	总成交量	增减		
期货公司会员	281,659		-62,615		

会员类别	总持买单量	增减		
期货公司会员	97,580		-10,768		

会员类别	总持卖单量	增减		
期货公司会员	107,357		-18,674		

