								大连商品交易所 成交量_买持仓_卖持仓排名	

合约代码：cs2011		Date：2020-08-07	

			期货公司会员	

名次		会员简称	成交量		增减		
1		华闻期货	2,193		480		
2		格林大华	1,352		-930		
3		光大期货	1,327		-135		
4		中信期货	1,317		-56		
5		国泰君安	1,281		-369		
6		海通期货	1,178		-741		
7		新湖期货	1,158		21		
8		五矿经易	1,093		-933		
9		中粮期货	1,080		-1,254		
10		南华期货	1,071		-1,090		
11		金瑞期货	1,039		1,039		
12		招商期货	1,033		-379		
13		浙商期货	971		-196		
14		中信建投	927		-220		
15		鲁证期货	905		-664		
16		方正中期	764		-503		
17		东证期货	702		-571		
18		华泰期货	562		453		
19		中融汇信	333		333		
20		国富期货	305		305		
总计				20,591		-5,410		

名次		会员简称	持买单量	增减		
1		中信期货	1,313		7		
2		金瑞期货	1,203		879		
3		五矿经易	1,200		433		
4		鲁证期货	1,171		0		
5		南华期货	1,107		4		
6		海通期货	1,104		4		
7		浙商期货	1,049		6		
8		光大期货	1,003		2		
9		中粮期货	904		-4		
10		中信建投	802		1		
11		招商期货	802		0		
12		格林大华	409		-7		
13		东证期货	307		148		
14		新湖期货	298		-16		
15		华泰期货	171		15		
16		国泰君安	81		-69		
17		华安期货	55		9		
18		广州金控	30		30		
19		财信期货	21		1		
20		方正中期	19		12		
总计				13,049		1,455		

名次		会员简称	持卖单量	增减		
1		中信期货	1,720		2		
2		五矿经易	1,201		434		
3		鲁证期货	1,176		5		
4		南华期货	1,104		-1		
5		海通期货	1,104		4		
6		光大期货	1,017		11		
7		浙商期货	1,006		1		
8		中粮期货	900		-4		
9		中信建投	800		0		
10		招商期货	787		-1		
11		金瑞期货	433		0		
12		格林大华	409		-7		
13		中融汇信	333		333		
14		东证期货	323		164		
15		新湖期货	312		2		
16		国富期货	305		305		
17		华泰期货	43		-3		
18		中州期货	33		33		
19		方正中期	28		24		
20		国泰君安	27		-76		
总计				13,061		1,226		



会员类别	总成交量	增减		
期货公司会员	20,591		-5,410		

会员类别	总持买单量	增减		
期货公司会员	13,049		1,455		

会员类别	总持卖单量	增减		
期货公司会员	13,061		1,226		

