								大连商品交易所 成交量_买持仓_卖持仓排名	

合约代码：a2101		Date：2020-08-07	

			期货公司会员	

名次		会员简称	成交量		增减		
1		华泰期货	18,965		11,774		
2		中信期货	6,387		3,769		
3		徽商期货	4,197		3,005		
4		东证期货	4,085		2,971		
5		华安期货	3,985		2,307		
6		海通期货	3,914		2,087		
7		申银万国	3,303		1,795		
8		国泰君安	3,075		2,142		
9		永安期货	2,726		1,583		
10		国投安信	2,500		-136		
11		银河期货	2,400		1,179		
12		招金期货	1,877		1,168		
13		安粮期货	1,848		1,611		
14		国富期货	1,743		957		
15		宏源期货	1,562		898		
16		一德期货	1,346		809		
17		新湖期货	1,299		817		
18		方正中期	1,220		694		
19		五矿经易	1,160		890		
20		中辉期货	1,140		853		
总计				68,732		41,173		

名次		会员简称	持买单量	增减		
1		中信期货	6,975		2,098		
2		信达期货	5,167		-32		
3		国投安信	3,491		-340		
4		深圳金汇	3,446		-661		
5		新湖期货	2,987		123		
6		中粮期货	2,237		-17		
7		永安期货	1,699		-39		
8		宏源期货	1,659		191		
9		方正中期	1,427		30		
10		安粮期货	1,102		711		
11		海证期货	1,059		-75		
12		瑞达期货	991		-67		
13		五矿经易	926		-61		
14		鲁证期货	875		27		
15		国泰君安	827		254		
16		华融融达	765		264		
17		东证期货	761		8		
18		大地期货	760		-56		
19		华泰期货	753		160		
20		中财期货	729		120		
总计				38,636		2,638		

名次		会员简称	持卖单量	增减		
1		国投安信	6,884		1,600		
2		永安期货	4,276		847		
3		鲁证期货	4,064		99		
4		华安期货	3,990		1,107		
5		一德期货	3,457		366		
6		银河期货	2,969		106		
7		北京首创	2,408		-23		
8		国泰君安	2,043		549		
9		金元期货	1,790		252		
10		招金期货	1,784		-78		
11		浙商期货	1,730		-100		
12		广州金控	1,633		495		
13		迈科期货	1,609		185		
14		广发期货	1,593		-70		
15		天风期货	1,588		-47		
16		徽商期货	1,157		-647		
17		中信期货	903		-117		
18		中粮期货	862		38		
19		方正中期	833		32		
20		光大期货	763		33		
总计				46,336		4,627		



会员类别	总成交量	增减		
期货公司会员	68,732		41,173		

会员类别	总持买单量	增减		
期货公司会员	38,636		2,638		

会员类别	总持卖单量	增减		
期货公司会员	46,336		4,627		

