								大连商品交易所 成交量_买持仓_卖持仓排名	

合约代码：y2101		Date：2020-08-07	

			期货公司会员	

名次		会员简称	成交量		增减		
1		东证期货	183,220		41,815		
2		光大期货	65,329		9,335		
3		中信期货	57,801		-2,593		
4		国泰君安	49,964		3,628		
5		国富期货	48,938		18,433		
6		兴证期货	43,748		8,464		
7		申银万国	39,491		26,026		
8		海通期货	33,259		10,375		
9		华泰期货	33,245		9,228		
10		华闻期货	25,802		21,078		
11		银河期货	25,215		4,002		
12		中粮期货	21,694		2,599		
13		国信期货	18,363		-1,266		
14		宏源期货	16,786		3,909		
15		方正中期	16,689		3,110		
16		广发期货	15,211		5,135		
17		徽商期货	14,733		4,097		
18		招商期货	14,040		-2,740		
19		华西期货	12,428		11,960		
20		华安期货	12,146		1,129		
总计				748,102		177,724		

名次		会员简称	持买单量	增减		
1		永安期货	31,171		2,539		
2		光大期货	26,838		-295		
3		浙商期货	21,151		660		
4		中粮期货	17,627		2,027		
5		天风期货	16,493		208		
6		大地期货	16,193		305		
7		银河期货	16,172		2,779		
8		广发期货	14,883		3,108		
9		中信期货	13,735		-3,708		
10		国投安信	13,317		330		
11		华泰期货	13,037		-799		
12		东证期货	13,028		-474		
13		大越期货	10,869		99		
14		兴证期货	10,777		-696		
15		一德期货	9,841		-4,431		
16		宏源期货	9,647		-394		
17		鲁证期货	9,139		2,507		
18		国泰君安	8,911		190		
19		国盛期货	8,720		16		
20		申银万国	8,472		528		
总计				290,021		4,499		

名次		会员简称	持卖单量	增减		
1		中粮期货	108,096		1,045		
2		国投安信	61,155		-197		
3		中信期货	32,421		463		
4		摩根大通	30,179		-564		
5		国泰君安	22,846		-46		
6		信达期货	22,160		1,928		
7		广发期货	21,395		445		
8		银河期货	18,657		320		
9		一德期货	12,250		-135		
10		东证期货	12,053		2,048		
11		永安期货	11,709		-225		
12		北京首创	8,007		1,513		
13		五矿经易	7,074		284		
14		新湖期货	6,913		538		
15		南华期货	6,672		35		
16		平安期货	6,113		-1,001		
17		鲁证期货	6,063		-3,370		
18		海通期货	5,950		304		
19		上海中期	5,731		-143		
20		中天期货	4,971		-90		
总计				410,415		3,152		



会员类别	总成交量	增减		
期货公司会员	748,102		177,724		

会员类别	总持买单量	增减		
期货公司会员	290,021		4,499		

会员类别	总持卖单量	增减		
期货公司会员	410,415		3,152		

