								大连商品交易所 成交量_买持仓_卖持仓排名	

合约代码：jd2101		Date：2020-10-12	

			期货公司会员	

名次		会员简称	成交量		增减		
1		东证期货	15,823		7,324		
2		徽商期货	4,649		407		
3		申银万国	4,467		-1,971		
4		方正中期	3,755		595		
5		国泰君安	3,401		-2,183		
6		天风期货	3,306		84		
7		宏源期货	3,023		-1,179		
8		光大期货	2,891		106		
9		中信期货	2,875		-595		
10		华安期货	2,392		-809		
11		华泰期货	2,342		-553		
12		中信建投	2,325		184		
13		国富期货	2,253		-596		
14		海通期货	2,207		-75		
15		安粮期货	1,828		296		
16		南华期货	1,640		905		
17		银河期货	1,598		293		
18		永安期货	1,589		-772		
19		中辉期货	1,533		373		
20		格林大华	1,251		296		
总计				65,148		2,130		

名次		会员简称	持买单量	增减		
1		福能期货	4,774		216		
2		汇鑫期货	2,852		7		
3		永安期货	2,645		105		
4		中辉期货	2,457		467		
5		中信期货	2,221		127		
6		方正中期	2,024		40		
7		中信建投	2,020		34		
8		国泰君安	1,968		78		
9		徽商期货	1,845		346		
10		宏源期货	1,612		-24		
11		新湖期货	1,551		-6		
12		光大期货	1,548		39		
13		海证期货	1,542		31		
14		东证期货	1,409		-1,560		
15		东航期货	1,397		32		
16		宝城期货	1,384		414		
17		安粮期货	1,313		234		
18		海通期货	1,276		-170		
19		银河期货	1,155		323		
20		申银万国	1,127		-182		
总计				38,120		551		

名次		会员简称	持卖单量	增减		
1		徽商期货	3,668		325		
2		宏源期货	3,583		187		
3		永安期货	3,519		150		
4		中信建投	2,347		59		
5		华安期货	2,189		125		
6		方正中期	2,181		195		
7		国泰君安	1,976		-19		
8		东证期货	1,925		921		
9		华泰期货	1,638		213		
10		中辉期货	1,627		72		
11		银河期货	1,572		-81		
12		中信期货	1,487		38		
13		国富期货	1,411		1		
14		东航期货	1,367		-4		
15		长江期货	1,338		19		
16		南华期货	1,318		36		
17		海通期货	1,126		45		
18		北京首创	1,117		-17		
19		广发期货	1,043		-73		
20		瑞达期货	1,011		-118		
总计				37,443		2,074		



会员类别	总成交量	增减		
期货公司会员	65,148		2,130		

会员类别	总持买单量	增减		
期货公司会员	38,120		551		

会员类别	总持卖单量	增减		
期货公司会员	37,443		2,074		

