								大连商品交易所 成交量_买持仓_卖持仓排名	

合约代码：rr2012		Date：2020-10-12	

			期货公司会员	

名次		会员简称	成交量		增减		
1		东证期货	5,544		3,126		
2		国海良时	1,968		1,681		
3		国投安信	1,740		1,013		
4		光大期货	1,656		1,360		
5		申银万国	1,615		1,098		
6		鲁证期货	1,565		1,492		
7		中信建投	1,442		1,010		
8		五矿经易	1,226		856		
9		美尔雅期货	1,190		1,102		
10		中原期货	1,155		787		
11		国泰君安	1,124		426		
12		方正中期	1,018		701		
13		海通期货	922		562		
14		浙商期货	900		496		
15		上海东亚	885		880		
16		永安期货	830		712		
17		徽商期货	686		426		
18		北京首创	572		486		
19		中信期货	542		-284		
20		华安期货	538		462		
总计				27,118		18,392		

名次		会员简称	持买单量	增减		
1		宏源期货	2,215		34		
2		五矿经易	2,016		-25		
3		东证期货	1,943		-57		
4		永安期货	1,913		-32		
5		安粮期货	1,148		61		
6		国泰君安	1,022		35		
7		海通期货	797		164		
8		浙商期货	643		38		
9		方正中期	593		203		
10		申银万国	544		276		
11		光大期货	502		-38		
12		中原期货	420		147		
13		江西瑞奇	401		1		
14		中信建投	378		139		
15		中信期货	351		123		
16		徽商期货	314		35		
17		国信期货	313		78		
18		中航期货	276		276		
19		东航期货	254		232		
20		国海良时	248		-112		
总计				16,291		1,578		

名次		会员简称	持卖单量	增减		
1		五矿经易	2,082		11		
2		东证期货	1,999		-113		
3		永安期货	1,562		-26		
4		北京首创	1,200		-200		
5		东海期货	1,176		0		
6		鲁证期货	837		293		
7		国投安信	789		186		
8		渤海期货	749		0		
9		金元期货	732		0		
10		光大期货	721		236		
11		中信期货	706		69		
12		海通期货	686		-90		
13		浙商期货	607		22		
14		国泰君安	507		9		
15		方正中期	501		217		
16		天风期货	499		-1		
17		国富期货	478		458		
18		长江期货	429		10		
19		中原期货	415		154		
20		和合期货	365		5		
总计				17,040		1,240		



会员类别	总成交量	增减		
期货公司会员	27,118		18,392		

会员类别	总持买单量	增减		
期货公司会员	16,291		1,578		

会员类别	总持卖单量	增减		
期货公司会员	17,040		1,240		

