								大连商品交易所 成交量_买持仓_卖持仓排名	

合约代码：eg2102		Date：2020-10-12	

			期货公司会员	

名次		会员简称	成交量		增减		
1		海通期货	30,497		29,693		
2		国泰君安	27,474		27,445		
3		东证期货	24,240		14,796		
4		方正中期	22,382		19,903		
5		浙商期货	21,538		20,484		
6		东吴期货	20,441		19,539		
7		申银万国	19,852		17,399		
8		东海期货	19,587		19,014		
9		银河期货	19,463		19,304		
10		光大期货	9,449		-17,756		
11		五矿经易	3,132		1,276		
12		华西期货	2,431		1,463		
13		招商期货	2,399		1,211		
14		国投安信	1,902		1,054		
15		迈科期货	1,822		954		
16		冠通期货	1,440		1,052		
17		中粮期货	1,379		193		
18		格林大华	1,318		370		
19		中信期货	1,280		12		
20		锦泰期货	1,069		-199		
总计				233,095		177,207		

名次		会员简称	持买单量	增减		
1		申银万国	2,642		-175		
2		国投安信	2,001		-2		
3		东证期货	973		-95		
4		五矿经易	934		0		
5		招商期货	702		-2		
6		中粮期货	561		-144		
7		创元期货	521		54		
8		中信期货	431		-52		
9		冠通期货	336		72		
10		方正中期	311		243		
11		浙商期货	302		-9		
12		徽商期货	158		139		
13		格林大华	109		-94		
14		南华期货	100		100		
15		光大期货	66		-23		
16		华闻期货	60		1		
17		国富期货	57		0		
18		迈科期货	50		26		
19		锦泰期货	46		0		
20		国金期货	45		1		
总计				10,405		40		

名次		会员简称	持卖单量	增减		
1		申银万国	2,615		-235		
2		国投安信	2,001		-2		
3		五矿经易	934		0		
4		东证期货	931		-153		
5		招商期货	700		-3		
6		中粮期货	530		-175		
7		创元期货	516		49		
8		中信期货	445		-44		
9		方正中期	305		189		
10		浙商期货	300		-9		
11		冠通期货	284		-36		
12		天风期货	154		154		
13		华泰期货	117		35		
14		鲁证期货	113		40		
15		格林大华	109		-94		
16		宏源期货	108		101		
17		光大期货	105		72		
18		金瑞期货	100		2		
19		迈科期货	50		26		
20		东吴期货	40		9		
总计				10,457		-74		



会员类别	总成交量	增减		
期货公司会员	233,095		177,207		

会员类别	总持买单量	增减		
期货公司会员	10,405		40		

会员类别	总持卖单量	增减		
期货公司会员	10,457		-74		

