								大连商品交易所 成交量_买持仓_卖持仓排名	

合约代码：pg2011		Date：2020-10-12	

			期货公司会员	

名次		会员简称	成交量		增减		
1		华泰期货	32,649		21,132		
2		国富期货	20,333		7,062		
3		中信期货	12,264		7,641		
4		海通期货	11,539		3,409		
5		国泰君安	9,966		3,994		
6		兴证期货	8,078		4,019		
7		东证期货	7,282		3,281		
8		银河期货	6,688		3,055		
9		徽商期货	6,578		3,985		
10		光大期货	5,800		2,784		
11		方正中期	5,391		2,752		
12		申银万国	5,368		1,940		
13		宏源期货	5,334		3,268		
14		华安期货	5,062		2,677		
15		华西期货	4,863		1,543		
16		东海期货	4,420		719		
17		中大期货	3,705		1,790		
18		华闻期货	3,606		1,778		
19		中辉期货	3,532		1,654		
20		东吴期货	3,491		1,031		
总计				165,949		79,514		

名次		会员简称	持买单量	增减		
1		永安期货	3,116		410		
2		浙商期货	2,037		773		
3		中大期货	1,934		-3,325		
4		东证期货	1,671		718		
5		国投安信	1,395		720		
6		中信期货	1,290		-85		
7		中信建投	1,231		-109		
8		东海期货	920		492		
9		银河期货	909		-396		
10		国泰君安	843		-198		
11		华泰期货	804		-410		
12		申银万国	656		381		
13		中粮期货	648		-6		
14		方正中期	627		76		
15		兴证期货	583		41		
16		宏源期货	559		332		
17		光大期货	556		135		
18		一德期货	538		31		
19		瑞达期货	529		-13		
20		广发期货	524		179		
总计				21,370		-254		

名次		会员简称	持卖单量	增减		
1		银河期货	3,190		232		
2		广发期货	2,828		-169		
3		永安期货	1,950		-265		
4		华安期货	1,826		240		
5		东证期货	1,532		-222		
6		国泰君安	1,291		-1,070		
7		光大期货	1,086		591		
8		中信期货	1,037		-27		
9		华泰期货	845		-425		
10		方正中期	810		65		
11		先锋期货	679		83		
12		中大期货	622		-28		
13		福能期货	606		316		
14		申银万国	564		201		
15		徽商期货	542		66		
16		国投安信	519		-314		
17		平安期货	515		282		
18		南华期货	505		110		
19		海通期货	503		7		
20		一德期货	475		-200		
总计				21,925		-527		



会员类别	总成交量	增减		
期货公司会员	165,949		79,514		

会员类别	总持买单量	增减		
期货公司会员	21,370		-254		

会员类别	总持卖单量	增减		
期货公司会员	21,925		-527		

