								大连商品交易所 成交量_买持仓_卖持仓排名	

合约代码：m2109		Date：2020-10-12	

			期货公司会员	

名次		会员简称	成交量		增减		
1		东证期货	26,033		17,215		
2		华闻期货	19,088		10,649		
3		光大期货	17,050		10,598		
4		迈科期货	11,226		4,817		
5		国泰君安	8,928		4,047		
6		新湖期货	7,515		6,759		
7		海通期货	6,885		3,231		
8		美尔雅期货	5,677		311		
9		方正中期	5,077		2,880		
10		安粮期货	4,799		3,586		
11		中粮期货	4,525		3,454		
12		宏源期货	3,583		-4,518		
13		五矿经易	3,217		977		
14		永安期货	3,209		-6,365		
15		国元期货	2,522		1,406		
16		申银万国	2,392		1,688		
17		徽商期货	2,363		849		
18		华融融达	2,257		1,266		
19		中投期货	2,019		1,062		
20		华安期货	2,015		-15		
总计				140,380		63,897		

名次		会员简称	持买单量	增减		
1		格林大华	8,471		487		
2		美尔雅期货	5,442		1,832		
3		中粮期货	4,171		-51		
4		华泰期货	4,144		1,016		
5		安粮期货	4,128		1,850		
6		长江期货	4,001		24		
7		海通期货	3,758		1,657		
8		永安期货	3,512		296		
9		宏源期货	3,415		900		
10		华闻期货	2,973		2,840		
11		北京首创	2,713		252		
12		华安期货	2,478		244		
13		国投安信	2,265		412		
14		国海良时	2,001		289		
15		申银万国	1,923		259		
16		中辉期货	1,820		178		
17		大地期货	1,736		1,526		
18		国富期货	1,670		-145		
19		国元期货	1,528		991		
20		光大期货	1,435		431		
总计				63,584		15,288		

名次		会员简称	持卖单量	增减		
1		中粮期货	17,950		3,119		
2		摩根大通	16,518		0		
3		永安期货	10,603		1		
4		新湖期货	7,645		5,243		
5		五矿经易	5,920		1,736		
6		宏源期货	5,607		428		
7		银河期货	4,949		-132		
8		华泰期货	4,921		88		
9		一德期货	4,202		6		
10		北京首创	4,041		287		
11		东证期货	3,673		660		
12		国泰君安	3,208		887		
13		国元期货	2,368		53		
14		海证期货	2,187		1,772		
15		中信期货	896		-258		
16		前海期货	657		354		
17		光大期货	563		283		
18		东方财富	549		194		
19		中天期货	388		-319		
20		兴证期货	365		83		
总计				97,210		14,485		



会员类别	总成交量	增减		
期货公司会员	140,380		63,897		

会员类别	总持买单量	增减		
期货公司会员	63,584		15,288		

会员类别	总持卖单量	增减		
期货公司会员	97,210		14,485		

