								大连商品交易所 成交量_买持仓_卖持仓排名	

合约代码：m2103		Date：2020-10-12	

			期货公司会员	

名次		会员简称	成交量		增减		
1		东证期货	16,769		15,755		
2		海通期货	12,251		8,503		
3		华闻期货	11,788		6,837		
4		申银万国	10,836		7,103		
5		方正中期	8,531		4,837		
6		国泰君安	7,861		5,156		
7		中粮期货	5,634		3,797		
8		鲁证期货	5,529		3,515		
9		弘业期货	5,151		3,764		
10		五矿经易	5,147		3,627		
11		国海良时	5,084		3,282		
12		南华期货	4,998		3,386		
13		格林大华	4,730		3,264		
14		国投安信	4,344		2,602		
15		招商期货	3,664		1,658		
16		锦泰期货	3,457		3,431		
17		新湖期货	2,614		1,435		
18		中信期货	2,443		1,208		
19		浙商期货	2,379		1,383		
20		安粮期货	1,616		928		
总计				124,826		85,471		

名次		会员简称	持买单量	增减		
1		国投安信	2,020		370		
2		美尔雅期货	1,429		-232		
3		永安期货	1,271		669		
4		五矿经易	1,254		-20		
5		南华期货	1,163		-144		
6		国泰君安	991		516		
7		国富期货	925		520		
8		中粮期货	922		267		
9		中信期货	807		58		
10		上海中期	730		208		
11		海通期货	729		4		
12		福能期货	714		-223		
13		鑫鼎盛期货	650		-6		
14		广发期货	606		-1		
15		宏源期货	605		248		
16		瑞达期货	539		-92		
17		招商期货	527		-2		
18		弘业期货	524		522		
19		安粮期货	508		-420		
20		银河期货	467		1		
总计				17,381		2,243		

名次		会员简称	持卖单量	增减		
1		国泰君安	4,044		37		
2		中信期货	3,497		2,055		
3		中粮期货	3,323		-123		
4		国投安信	1,948		70		
5		摩根大通	1,700		0		
6		方正中期	1,322		-64		
7		五矿经易	1,068		1		
8		南华期货	1,016		16		
9		广发期货	902		23		
10		弘业期货	847		513		
11		东吴期货	700		40		
12		海通期货	630		-7		
13		国金期货	510		0		
14		金瑞期货	500		0		
15		招商期货	450		-6		
16		一德期货	350		100		
17		鲁证期货	346		-18		
18		浙商期货	310		-5		
19		大地期货	200		0		
20		盛达期货	200		-190		
总计				23,863		2,442		



会员类别	总成交量	增减		
期货公司会员	124,826		85,471		

会员类别	总持买单量	增减		
期货公司会员	17,381		2,243		

会员类别	总持卖单量	增减		
期货公司会员	23,863		2,442		

