								大连商品交易所 成交量_买持仓_卖持仓排名	

合约代码：cs2105		Date：2020-10-12	

			期货公司会员	

名次		会员简称	成交量		增减		
1		华泰期货	1,971		1,868		
2		华安期货	1,554		-984		
3		华闻期货	1,281		237		
4		国泰君安	986		855		
5		中信期货	979		626		
6		东证期货	806		-1,300		
7		宏源期货	549		-306		
8		徽商期货	501		73		
9		海通期货	434		173		
10		兴证期货	400		-745		
11		新湖期货	314		-236		
12		弘业期货	274		232		
13		锦泰期货	270		260		
14		南华期货	258		237		
15		西南期货	254		150		
16		天风期货	250		-1,924		
17		中信建投	228		167		
18		中辉期货	203		-1,317		
19		上海中期	201		-56		
20		宁证期货	191		190		
总计				11,904		-1,800		

名次		会员简称	持买单量	增减		
1		鲁证期货	9,404		4		
2		一德期货	5,803		1		
3		中州期货	2,003		2		
4		华安期货	1,461		183		
5		中辉期货	1,364		5		
6		光大期货	1,283		-1		
7		东航期货	1,211		35		
8		倍特期货	607		0		
9		天风期货	520		1		
10		永安期货	476		-2		
11		宏源期货	451		90		
12		华泰期货	436		218		
13		徽商期货	417		16		
14		南华期货	388		5		
15		兴证期货	372		61		
16		中信期货	298		102		
17		中信建投	245		191		
18		东兴期货	207		0		
19		东吴期货	173		1		
20		申银万国	150		0		
总计				27,269		912		

名次		会员简称	持卖单量	增减		
1		中粮期货	4,267		-2		
2		弘业期货	3,248		-193		
3		永安期货	2,568		115		
4		东证期货	2,486		47		
5		宏源期货	1,641		31		
6		中财期货	983		-77		
7		国富期货	827		31		
8		中辉期货	815		104		
9		国投安信	711		1		
10		中天期货	690		0		
11		安粮期货	668		106		
12		银河期货	644		5		
13		新湖期货	527		34		
14		倍特期货	446		0		
15		南华期货	365		-249		
16		华安期货	342		5		
17		国泰君安	336		3		
18		徽商期货	327		159		
19		海证期货	312		152		
20		中钢期货	295		0		
总计				22,498		272		



会员类别	总成交量	增减		
期货公司会员	11,904		-1,800		

会员类别	总持买单量	增减		
期货公司会员	27,269		912		

会员类别	总持卖单量	增减		
期货公司会员	22,498		272		

