								大连商品交易所 成交量_买持仓_卖持仓排名	

合约代码：y2105		Date：2020-10-12	

			期货公司会员	

名次		会员简称	成交量		增减		
1		东证期货	38,850		25,088		
2		光大期货	22,617		9,567		
3		国投安信	12,372		9,617		
4		中粮期货	9,517		6,333		
5		华泰期货	8,263		1,754		
6		申银万国	7,278		2,996		
7		国泰君安	7,061		-130		
8		海通期货	6,343		2,794		
9		宏源期货	6,114		2,465		
10		中天期货	6,046		3,560		
11		一德期货	5,888		5,615		
12		广发期货	5,883		4,499		
13		永安期货	5,538		660		
14		中财期货	5,009		4,552		
15		国富期货	4,956		1,510		
16		华安期货	4,572		1,284		
17		银河期货	4,332		1,298		
18		五矿经易	4,197		3,011		
19		中信期货	3,880		2,735		
20		招商期货	3,040		810		
总计				171,756		90,018		

名次		会员简称	持买单量	增减		
1		中粮期货	30,061		4,960		
2		浙商期货	13,215		118		
3		天风期货	11,596		270		
4		中财期货	11,199		749		
5		广发期货	11,128		3,306		
6		五矿经易	10,962		1,015		
7		国投安信	10,764		2,202		
8		东兴期货	9,358		4		
9		中信期货	8,683		129		
10		华泰期货	7,940		-157		
11		一德期货	7,835		-31		
12		东证期货	7,601		1,301		
13		永安期货	6,977		-3,387		
14		国盛期货	6,874		1,529		
15		光大期货	6,434		223		
16		大越期货	5,390		97		
17		宝城期货	5,340		145		
18		北京首创	4,562		1,209		
19		银河期货	4,381		191		
20		南华期货	3,520		218		
总计				183,820		14,091		

名次		会员简称	持卖单量	增减		
1		中粮期货	48,122		895		
2		国投安信	29,687		2,748		
3		一德期货	16,834		3,485		
4		中信期货	12,670		223		
5		摩根大通	12,473		493		
6		永安期货	12,462		61		
7		平安期货	11,966		-139		
8		新湖期货	9,105		1,691		
9		银河期货	6,260		2,025		
10		海通期货	6,082		76		
11		五矿经易	5,337		60		
12		国泰君安	5,117		817		
13		信达期货	4,273		-23		
14		光大期货	4,212		792		
15		华泰期货	3,669		-242		
16		南华期货	3,338		-15		
17		国富期货	3,323		-607		
18		宏源期货	3,287		375		
19		美尔雅期货	3,056		152		
20		广发期货	2,969		651		
总计				204,242		13,518		



会员类别	总成交量	增减		
期货公司会员	171,756		90,018		

会员类别	总持买单量	增减		
期货公司会员	183,820		14,091		

会员类别	总持卖单量	增减		
期货公司会员	204,242		13,518		

