								大连商品交易所 成交量_买持仓_卖持仓排名	

合约代码：p2101		Date：2020-10-12	

			期货公司会员	

名次		会员简称	成交量		增减		
1		东证期货	296,434		184,378		
2		国泰君安	158,926		110,274		
3		国富期货	124,549		30,743		
4		光大期货	106,498		55,575		
5		中信期货	84,841		34,713		
6		申银万国	57,568		19,430		
7		海通期货	49,506		11,647		
8		银河期货	48,627		18,174		
9		徽商期货	41,131		23,653		
10		方正中期	40,127		18,404		
11		华安期货	36,316		17,522		
12		兴证期货	26,690		4,805		
13		华泰期货	26,663		6,889		
14		国元期货	25,433		10,495		
15		华西期货	25,220		11,041		
16		永安期货	23,069		5,926		
17		华闻期货	21,718		7,870		
18		宏源期货	20,835		6,463		
19		中辉期货	20,146		4,555		
20		南华期货	19,198		5,837		
总计				1,253,495	588,394		

名次		会员简称	持买单量	增减		
1		永安期货	27,534		1,483		
2		银河期货	22,830		-397		
3		五矿经易	19,838		-970		
4		中粮期货	16,393		1,585		
5		浙商期货	15,018		838		
6		中信期货	14,397		-847		
7		海通期货	13,521		4,496		
8		国投安信	11,950		-1,136		
9		天风期货	10,290		241		
10		一德期货	10,032		1,782		
11		光大期货	9,961		625		
12		东证期货	8,928		1,634		
13		方正中期	8,331		3,226		
14		国泰君安	7,389		849		
15		大越期货	7,249		-58		
16		广发期货	7,122		623		
17		华泰期货	6,869		674		
18		大地期货	6,256		126		
19		宝城期货	5,892		68		
20		兴证期货	5,331		1,053		
总计				235,131		15,895		

名次		会员简称	持卖单量	增减		
1		中粮期货	39,662		923		
2		国投安信	31,183		-523		
3		银河期货	20,109		4,122		
4		广发期货	20,048		181		
5		国贸期货	17,693		1,202		
6		中信期货	17,020		2,986		
7		国富期货	14,301		1,570		
8		永安期货	13,877		3,326		
9		东证期货	13,621		2,022		
10		海通期货	10,164		-1,376		
11		一德期货	9,008		2,532		
12		国泰君安	8,633		-3,649		
13		摩根大通	6,559		745		
14		徽商期货	6,350		2,688		
15		弘业期货	6,269		-289		
16		华融融达	5,883		399		
17		北京首创	5,823		443		
18		中天期货	5,602		-30		
19		南华期货	5,048		1,483		
20		方正中期	4,842		1,323		
总计				261,695		20,078		



会员类别	总成交量	增减		
期货公司会员	1,253,495	588,394		

会员类别	总持买单量	增减		
期货公司会员	235,131		15,895		

会员类别	总持卖单量	增减		
期货公司会员	261,695		20,078		

