								大连商品交易所 成交量_买持仓_卖持仓排名	

合约代码：m2103		Date：2020-09-30	

			期货公司会员	

名次		会员简称	成交量		增减		
1		方正中期	4,529		-2		
2		华闻期货	4,075		-634		
3		海通期货	2,956		-4,568		
4		锦泰期货	2,625		322		
5		东证期货	2,448		-3,238		
6		申银万国	2,297		-1,684		
7		弘业期货	2,277		1,198		
8		鲁证期货	1,772		-855		
9		国泰君安	1,682		-206		
10		五矿经易	1,643		149		
11		新湖期货	1,544		916		
12		招商期货	1,532		64		
13		国海良时	1,496		-1,331		
14		南华期货	1,336		-1,767		
15		浙商期货	1,171		-123		
16		中粮期货	1,166		-2,177		
17		美尔雅期货	1,144		449		
18		国投安信	1,117		-519		
19		格林大华	1,032		-1,398		
20		宏源期货	649		-49		
总计				38,491		-15,453		

名次		会员简称	持买单量	增减		
1		美尔雅期货	1,984		-172		
2		国投安信	1,626		-24		
3		南华期货	1,351		-8		
4		五矿经易	1,309		-2		
5		福能期货	995		-8		
6		浙商期货	786		2		
7		中信期货	734		17		
8		海通期货	708		8		
9		中粮期货	666		104		
10		鑫鼎盛期货	660		0		
11		瑞达期货	650		3		
12		招商期货	537		6		
13		上海中期	522		22		
14		广发期货	519		-10		
15		鲁证期货	483		1		
16		国泰君安	482		-30		
17		中天期货	468		-1		
18		银河期货	459		-4		
19		国海良时	434		3		
20		安粮期货	426		0		
总计				15,799		-93		

名次		会员简称	持卖单量	增减		
1		国泰君安	4,001		-28		
2		中粮期货	3,110		108		
3		国投安信	2,504		-101		
4		方正中期	1,705		-19		
5		摩根大通	1,700		0		
6		五矿经易	1,062		-1		
7		南华期货	900		-8		
8		广发期货	877		0		
9		浙商期货	714		-3		
10		东吴期货	650		-55		
11		海通期货	628		10		
12		国富期货	538		11		
13		国金期货	500		10		
14		金瑞期货	500		0		
15		招商期货	426		-10		
16		盛达期货	365		15		
17		鲁证期货	336		-3		
18		弘业期货	335		3		
19		国海良时	309		3		
20		中信期货	276		-46		
总计				21,436		-114		



会员类别	总成交量	增减		
期货公司会员	38,491		-15,453		

会员类别	总持买单量	增减		
期货公司会员	15,799		-93		

会员类别	总持卖单量	增减		
期货公司会员	21,436		-114		

