								大连商品交易所 成交量_买持仓_卖持仓排名	

合约代码：m2107		Date：2020-09-30	

			期货公司会员	

名次		会员简称	成交量		增减		
1		银河期货	45,639		-6,717		
2		国富期货	32,783		-23,370		
3		光大期货	29,978		-13,017		
4		冠通期货	28,845		816		
5		美尔雅期货	26,265		997		
6		申银万国	23,254		-4,282		
7		金瑞期货	19,555		7,237		
8		东证期货	18,675		16,053		
9		海证期货	16,392		-3,708		
10		国信期货	14,872		2,502		
11		中辉期货	11,202		1,366		
12		国泰君安	10,271		-5,637		
13		华泰期货	9,952		9,767		
14		神华期货	7,699		7,575		
15		国贸期货	6,781		2,041		
16		中原期货	5,780		2,044		
17		中信期货	4,232		4,210		
18		海通期货	2,621		743		
19		徽商期货	2,534		-5,150		
20		华闻期货	2,431		-24,093		
总计				319,761		-30,623		

名次		会员简称	持买单量	增减		
1		申银万国	6,223		28		
2		海通期货	1,623		204		
3		国投安信	1,415		-61		
4		五矿经易	1,267		0		
5		鲁证期货	965		3		
6		招商期货	791		-14		
7		冠通期货	776		0		
8		浙商期货	577		30		
9		国泰君安	570		79		
10		瑞达期货	387		-3		
11		国海良时	378		7		
12		中投期货	350		-350		
13		东兴期货	300		100		
14		新湖期货	283		-51		
15		光大期货	283		112		
16		格林大华	255		0		
17		东证期货	211		189		
18		中信建投	162		0		
19		华泰期货	156		104		
20		华鑫期货	129		9		
总计				17,101		386		

名次		会员简称	持卖单量	增减		
1		申银万国	5,913		30		
2		安粮期货	1,638		-89		
3		摩根大通	1,557		0		
4		国投安信	1,405		-68		
5		海通期货	1,382		-33		
6		鲁证期货	1,067		104		
7		五矿经易	1,066		0		
8		招商期货	811		4		
9		冠通期货	783		-25		
10		浙商期货	533		20		
11		国泰君安	442		96		
12		国海良时	363		3		
13		新湖期货	267		-50		
14		格林大华	254		0		
15		一德期货	225		189		
16		东证期货	204		184		
17		华泰期货	195		194		
18		金瑞期货	187		187		
19		国富期货	78		51		
20		光大期货	75		28		
总计				18,445		825		



会员类别	总成交量	增减		
期货公司会员	319,761		-30,623		

会员类别	总持买单量	增减		
期货公司会员	17,101		386		

会员类别	总持卖单量	增减		
期货公司会员	18,445		825		

