								大连商品交易所 成交量_买持仓_卖持仓排名	

合约代码：b2011		Date：2020-09-30	

			期货公司会员	

名次		会员简称	成交量		增减		
1		华泰期货	22,952		19,853		
2		国富期货	8,811		-4,325		
3		海通期货	6,872		-1,279		
4		国泰君安	5,346		-2,136		
5		国投安信	4,864		2,505		
6		中信期货	4,440		-487		
7		东证期货	3,439		9		
8		光大期货	3,285		-258		
9		方正中期	2,698		839		
10		华闻期货	2,386		-558		
11		东方财富	2,199		-165		
12		国海良时	1,934		542		
13		弘业期货	1,834		1,081		
14		渤海期货	1,652		-97		
15		南华期货	1,541		-691		
16		五矿经易	1,520		-428		
17		徽商期货	1,406		-771		
18		申银万国	1,304		291		
19		海证期货	1,062		-424		
20		华安期货	1,042		-209		
总计				80,587		13,292		

名次		会员简称	持买单量	增减		
1		东方财富	896		-103		
2		国投安信	843		-315		
3		五矿经易	809		0		
4		国泰君安	790		-631		
5		中信期货	729		-76		
6		海通期货	532		-41		
7		方正中期	528		-155		
8		金瑞期货	497		-6		
9		弘业期货	488		-24		
10		南华期货	440		193		
11		国富期货	437		308		
12		永安期货	392		83		
13		华泰期货	359		-324		
14		华鑫期货	352		-7		
15		光大期货	291		30		
16		东证期货	275		-44		
17		中信建投	269		32		
18		西南期货	254		-12		
19		中天期货	249		0		
20		东海期货	229		38		
总计				9,659		-1,054		

名次		会员简称	持卖单量	增减		
1		上海中期	2,607		2		
2		海通期货	1,010		-89		
3		先融期货	969		104		
4		国投安信	716		-273		
5		中信期货	622		158		
6		华泰期货	608		158		
7		方正中期	508		-109		
8		弘业期货	468		2		
9		东证期货	403		-237		
10		新湖期货	398		-164		
11		国泰君安	390		-77		
12		永安期货	345		152		
13		华闻期货	335		10		
14		宏源期货	287		43		
15		浙商期货	279		16		
16		国联期货	246		-69		
17		安粮期货	219		-31		
18		北京首创	198		-827		
19		海证期货	188		-68		
20		中信建投	185		-311		
总计				10,981		-1,610		



会员类别	总成交量	增减		
期货公司会员	80,587		13,292		

会员类别	总持买单量	增减		
期货公司会员	9,659		-1,054		

会员类别	总持卖单量	增减		
期货公司会员	10,981		-1,610		

