								大连商品交易所 成交量_买持仓_卖持仓排名	

合约代码：y2105		Date：2020-09-30	

			期货公司会员	

名次		会员简称	成交量		增减		
1		光大期货	21,943		5,087		
2		东证期货	17,170		6,879		
3		国投安信	7,012		3,893		
4		华泰期货	6,231		734		
5		兴证期货	4,466		3,765		
6		中粮期货	3,383		-2,731		
7		中信期货	3,177		148		
8		申银万国	3,145		1,564		
9		国泰君安	3,104		-4,086		
10		华安期货	2,711		1,202		
11		永安期货	2,661		1,667		
12		国富期货	2,334		464		
13		海通期货	2,156		1,359		
14		招商期货	1,951		145		
15		华闻期货	1,590		32		
16		广发期货	1,587		40		
17		方正中期	1,543		33		
18		宏源期货	1,526		-191		
19		东吴期货	1,498		364		
20		北京首创	1,475		1,270		
总计				90,663		21,638		

名次		会员简称	持买单量	增减		
1		中粮期货	22,896		618		
2		浙商期货	12,985		-125		
3		永安期货	12,565		-694		
4		天风期货	10,678		-1		
5		中财期货	10,357		-15		
6		五矿经易	9,831		32		
7		东兴期货	9,434		-14		
8		国投安信	8,712		1,801		
9		中信期货	8,613		5		
10		华泰期货	8,035		2		
11		一德期货	7,798		59		
12		广发期货	7,686		159		
13		光大期货	7,100		1,140		
14		国盛期货	6,239		-5		
15		北京首创	5,850		-1,043		
16		东证期货	5,584		-387		
17		大越期货	5,293		3		
18		宝城期货	5,175		-42		
19		银河期货	4,074		366		
20		南华期货	3,262		-353		
总计				172,167		1,506		

名次		会员简称	持卖单量	增减		
1		中粮期货	47,800		-899		
2		国投安信	27,698		-543		
3		永安期货	14,268		-59		
4		一德期货	13,474		817		
5		中信期货	12,491		-34		
6		平安期货	12,223		342		
7		摩根大通	11,925		-781		
8		新湖期货	7,514		-40		
9		海通期货	6,162		53		
10		国泰君安	4,801		1,882		
11		五矿经易	4,755		26		
12		信达期货	4,349		-14		
13		银河期货	4,259		-161		
14		国富期货	4,164		34		
15		华泰期货	3,798		15		
16		美尔雅期货	3,142		5		
17		南华期货	3,044		34		
18		中天期货	3,002		109		
19		宏源期货	2,925		-161		
20		鲁证期货	2,416		-3		
总计				194,210		622		



会员类别	总成交量	增减		
期货公司会员	90,663		21,638		

会员类别	总持买单量	增减		
期货公司会员	172,167		1,506		

会员类别	总持卖单量	增减		
期货公司会员	194,210		622		

