								大连商品交易所 成交量_买持仓_卖持仓排名	

合约代码：i2101		Date：2020-09-30	

			期货公司会员	

名次		会员简称	成交量		增减		
1		国富期货	205,348		52,546		
2		国泰君安	116,241		26,774		
3		中信期货	107,578		28,785		
4		海通期货	78,112		10,389		
5		方正中期	72,520		21,055		
6		华闻期货	61,595		15,347		
7		申银万国	56,938		-2,803		
8		银河期货	52,573		21,599		
9		兴证期货	48,580		18,843		
10		永安期货	47,240		12,127		
11		华泰期货	43,937		799		
12		东证期货	41,916		1,495		
13		光大期货	39,777		7,474		
14		浙商期货	38,940		24,037		
15		徽商期货	36,477		12,060		
16		东海期货	34,752		26,416		
17		中辉期货	28,693		9,006		
18		南华期货	27,692		5,844		
19		华安期货	22,079		7,138		
20		宏源期货	21,864		7,143		
总计				1,182,852	306,074		

名次		会员简称	持买单量	增减		
1		申银万国	51,514		-2,341		
2		永安期货	49,433		-3,282		
3		银河期货	45,884		306		
4		中信期货	45,428		-7,012		
5		一德期货	36,123		-1,335		
6		国泰君安	28,215		8,516		
7		五矿经易	25,227		11,863		
8		东证期货	22,238		325		
9		鲁证期货	20,897		-9,685		
10		华泰期货	20,693		-2,888		
11		东海期货	20,501		-11,525		
12		浙商期货	14,646		-4,860		
13		摩根大通	14,545		4,042		
14		海证期货	11,910		-1,030		
15		中粮期货	10,836		-819		
16		广发期货	10,514		262		
17		海通期货	10,398		-2,867		
18		弘业期货	9,813		-1,181		
19		方正中期	9,495		-3,895		
20		国投安信	8,758		-721		
总计				467,068		-28,127		

名次		会员简称	持卖单量	增减		
1		一德期货	44,890		-2,995		
2		中信期货	40,893		-486		
3		浙商期货	34,824		834		
4		永安期货	29,135		-11,676		
5		华泰期货	26,768		-1,935		
6		大地期货	22,578		728		
7		鲁证期货	21,710		762		
8		东证期货	21,211		-105		
9		广发期货	18,555		-348		
10		五矿经易	17,565		-576		
11		东兴期货	16,028		-420		
12		弘业期货	15,097		2,857		
13		方正中期	13,910		-3,451		
14		天风期货	13,617		-358		
15		银河期货	12,773		1,443		
16		中辉期货	12,603		279		
17		大越期货	12,175		-177		
18		国投安信	11,709		-861		
19		中钢期货	11,430		-1,506		
20		国泰君安	11,081		-333		
总计				408,552		-18,324		



会员类别	总成交量	增减		
期货公司会员	1,182,852	306,074		

会员类别	总持买单量	增减		
期货公司会员	467,068		-28,127		

会员类别	总持卖单量	增减		
期货公司会员	408,552		-18,324		

