								大连商品交易所 成交量_买持仓_卖持仓排名	

合约代码：c2105		Date：2020-09-30	

			期货公司会员	

名次		会员简称	成交量		增减		
1		东证期货	44,914		16,198		
2		华泰期货	41,078		564		
3		光大期货	22,200		7,025		
4		中信期货	13,888		5,370		
5		南华期货	11,985		6,961		
6		安粮期货	10,746		9,550		
7		国泰君安	8,063		-4,000		
8		中粮期货	7,282		182		
9		五矿经易	7,144		4,611		
10		海通期货	5,915		1,998		
11		永安期货	5,810		4,361		
12		银河期货	5,640		2,867		
13		海证期货	5,297		3,369		
14		东航期货	5,231		4,693		
15		浙商期货	5,138		2,560		
16		长江期货	4,308		1,484		
17		中信建投	4,178		2,813		
18		宏源期货	4,060		1,592		
19		东吴期货	3,729		2,370		
20		金瑞期货	3,690		1,966		
总计				220,296		76,534		

名次		会员简称	持买单量	增减		
1		鲁证期货	44,115		1,297		
2		国泰君安	42,755		-2,110		
3		北京首创	35,892		-2		
4		光大期货	25,734		556		
5		一德期货	23,619		1,923		
6		中信建投	22,381		-27		
7		五矿经易	20,041		6,598		
8		中州期货	18,198		2,102		
9		安粮期货	17,672		-188		
10		永安期货	17,237		868		
11		中信期货	15,647		-648		
12		海证期货	14,237		-592		
13		华泰期货	12,091		-71		
14		东证期货	12,061		-798		
15		华融融达	11,245		675		
16		金瑞期货	11,238		-395		
17		中辉期货	9,875		-268		
18		建信期货	9,784		1,512		
19		国富期货	9,742		17		
20		华安期货	9,616		131		
总计				383,180		10,580		

名次		会员简称	持卖单量	增减		
1		永安期货	61,173		-188		
2		中粮期货	59,697		206		
3		南华期货	46,542		9,924		
4		光大期货	40,656		22		
5		中信期货	28,909		-100		
6		金瑞期货	22,693		3		
7		华融融达	20,376		4		
8		海证期货	19,634		-627		
9		东证期货	19,392		-1,542		
10		国投安信	15,022		31		
11		浙商期货	14,189		-483		
12		鲁证期货	14,055		37		
13		国盛期货	13,611		1,922		
14		国泰君安	11,455		219		
15		摩根大通	6,499		121		
16		五矿经易	5,924		420		
17		北京首创	5,692		-312		
18		华安期货	5,051		117		
19		建信期货	4,669		-112		
20		国海良时	4,447		-197		
总计				419,686		9,465		



会员类别	总成交量	增减		
期货公司会员	220,296		76,534		

会员类别	总持买单量	增减		
期货公司会员	383,180		10,580		

会员类别	总持卖单量	增减		
期货公司会员	419,686		9,465		

