								大连商品交易所 成交量_买持仓_卖持仓排名	

合约代码：m2107		Date：2020-09-24	

			期货公司会员	

名次		会员简称	成交量		增减		
1		东证期货	15,833		9,468		
2		光大期货	9,772		6,352		
3		国富期货	5,826		5,276		
4		海通期货	5,424		1,111		
5		方正中期	4,423		-1,583		
6		国海良时	4,229		3,433		
7		锦泰期货	4,078		3,441		
8		华闻期货	3,384		-366		
9		申银万国	3,317		1,440		
10		鲁证期货	2,837		1,073		
11		华西期货	2,728		-690		
12		国泰君安	2,648		-292		
13		招商期货	2,364		-332		
14		浙商期货	2,204		1,834		
15		国投安信	1,476		998		
16		中投期货	1,398		473		
17		格林大华	1,069		784		
18		中粮期货	1,054		723		
19		南华期货	992		621		
20		国元期货	971		132		
总计				76,027		33,896		

名次		会员简称	持买单量	增减		
1		申银万国	8,122		338		
2		中投期货	1,681		1,180		
3		海通期货	1,514		-104		
4		国投安信	1,438		22		
5		东吴期货	1,250		0		
6		五矿经易	1,151		0		
7		鲁证期货	1,062		-3		
8		招商期货	806		-3		
9		冠通期货	776		0		
10		浙商期货	523		-9		
11		瑞达期货	482		-17		
12		国海良时	357		-5		
13		国泰君安	351		13		
14		新湖期货	343		-6		
15		光大期货	342		54		
16		格林大华	301		-16		
17		中衍期货	258		1		
18		东证期货	170		85		
19		中信建投	156		-4		
20		国贸期货	103		0		
总计				21,186		1,526		

名次		会员简称	持卖单量	增减		
1		申银万国	7,800		345		
2		摩根大通	1,557		0		
3		海通期货	1,511		-104		
4		国投安信	1,433		20		
5		东吴期货	1,250		0		
6		鲁证期货	1,172		108		
7		安粮期货	1,086		-252		
8		五矿经易	950		0		
9		招商期货	802		5		
10		冠通期货	794		17		
11		国元期货	794		584		
12		浙商期货	511		-7		
13		国海良时	366		8		
14		国泰君安	350		1		
15		新湖期货	325		-3		
16		格林大华	300		-7		
17		中衍期货	250		0		
18		宏源期货	241		111		
19		东证期货	132		50		
20		光大期货	124		66		
总计				21,748		942		



会员类别	总成交量	增减		
期货公司会员	76,027		33,896		

会员类别	总持买单量	增减		
期货公司会员	21,186		1,526		

会员类别	总持卖单量	增减		
期货公司会员	21,748		942		

