								大连商品交易所 成交量_买持仓_卖持仓排名	

合约代码：c2107		Date：2020-09-24	

			期货公司会员	

名次		会员简称	成交量		增减		
1		国泰君安	24,684		10,425		
2		光大期货	16,812		189		
3		华泰期货	13,570		-5,079		
4		国富期货	11,338		3,069		
5		中辉期货	9,141		-1,076		
6		东证期货	5,221		711		
7		五矿经易	3,265		608		
8		海通期货	2,810		-662		
9		华闻期货	2,227		-1,847		
10		格林大华	2,055		1,330		
11		银河期货	1,925		-306		
12		鲁证期货	1,627		-590		
13		国海良时	1,453		-239		
14		申银万国	1,414		681		
15		永安期货	1,411		-2,007		
16		冠通期货	1,150		-798		
17		宝城期货	1,001		-555		
18		浙商期货	969		-795		
19		西部期货	932		-1,132		
20		中信期货	850		-248		
总计				103,855		1,679		

名次		会员简称	持买单量	增减		
1		鲁证期货	19,644		0		
2		一德期货	13,658		-141		
3		中州期货	7,002		0		
4		中信建投	6,783		-110		
5		宝城期货	3,901		0		
6		中辉期货	3,473		79		
7		东证期货	3,132		550		
8		中信期货	3,017		2		
9		永安期货	2,922		0		
10		申银万国	2,800		343		
11		东吴期货	1,959		19		
12		海通期货	1,852		-537		
13		银河期货	1,241		-23		
14		浙商期货	1,075		16		
15		混沌天成	1,000		0		
16		中大期货	813		-4		
17		海证期货	793		10		
18		五矿经易	605		0		
19		招金期货	600		-200		
20		国海良时	580		-6		
总计				76,850		-2		

名次		会员简称	持卖单量	增减		
1		光大期货	12,101		27		
2		中信期货	11,111		6		
3		东证期货	8,872		271		
4		金瑞期货	8,097		3		
5		鲁证期货	5,836		-37		
6		国投安信	4,798		3		
7		徽商期货	4,221		-35		
8		宝城期货	3,898		5		
9		北京首创	3,220		-11		
10		申银万国	2,687		347		
11		永安期货	2,234		3		
12		海通期货	2,018		-533		
13		海证期货	1,518		0		
14		兴证期货	1,100		0		
15		浙商期货	1,086		13		
16		中大期货	1,038		-4		
17		国海良时	689		-17		
18		五矿经易	616		-3		
19		格林大华	446		1		
20		中粮期货	435		1		
总计				76,021		40		



会员类别	总成交量	增减		
期货公司会员	103,855		1,679		

会员类别	总持买单量	增减		
期货公司会员	76,850		-2		

会员类别	总持卖单量	增减		
期货公司会员	76,021		40		

