								大连商品交易所 成交量_买持仓_卖持仓排名	

合约代码：a2101		Date：2020-09-24	

			期货公司会员	

名次		会员简称	成交量		增减		
1		华泰期货	53,932		2,433		
2		海通期货	23,766		2,911		
3		东证期货	15,290		-748		
4		中信期货	14,675		475		
5		申银万国	14,125		771		
6		国富期货	13,806		-1,531		
7		方正中期	12,974		-151		
8		国泰君安	10,998		1,873		
9		光大期货	8,305		-4,253		
10		兴证期货	7,482		1,303		
11		华安期货	6,529		-955		
12		中辉期货	5,697		-622		
13		南华期货	5,312		383		
14		银河期货	5,186		1,276		
15		徽商期货	5,183		-859		
16		中信建投	4,865		703		
17		国信期货	4,770		656		
18		先锋期货	4,298		1,391		
19		东吴期货	4,170		-359		
20		国投安信	3,937		243		
总计				225,300		4,940		

名次		会员简称	持买单量	增减		
1		永安期货	13,724		-78		
2		中信期货	9,075		429		
3		信达期货	5,504		-8		
4		华泰期货	4,686		796		
5		国泰君安	4,305		272		
6		东证期货	4,027		1,819		
7		兴证期货	4,017		522		
8		五矿经易	3,871		53		
9		宏源期货	3,420		105		
10		中粮期货	3,226		484		
11		国投安信	3,121		34		
12		深圳金汇	2,919		-431		
13		中信建投	2,770		1,255		
14		申银万国	2,464		26		
15		大有期货	2,159		-52		
16		国元期货	2,153		-60		
17		方正中期	1,719		-361		
18		国联期货	1,700		516		
19		广发期货	1,675		458		
20		国信期货	1,595		-51		
总计				78,130		5,728		

名次		会员简称	持卖单量	增减		
1		一德期货	9,818		860		
2		银河期货	9,205		719		
3		国投安信	8,114		-249		
4		鲁证期货	8,002		223		
5		华安期货	5,846		695		
6		永安期货	5,358		-193		
7		广发期货	4,943		89		
8		国泰君安	4,397		752		
9		南华期货	3,840		-502		
10		天风期货	3,774		148		
11		中信期货	3,475		-44		
12		北京首创	3,278		51		
13		格林大华	2,715		554		
14		新湖期货	2,412		1,650		
15		东吴期货	2,171		-746		
16		光大期货	2,049		-48		
17		新纪元期货	2,037		123		
18		中粮期货	1,979		124		
19		宏源期货	1,888		-210		
20		兴证期货	1,838		-376		
总计				87,139		3,620		



会员类别	总成交量	增减		
期货公司会员	225,300		4,940		

会员类别	总持买单量	增减		
期货公司会员	78,130		5,728		

会员类别	总持卖单量	增减		
期货公司会员	87,139		3,620		

