								大连商品交易所 成交量_买持仓_卖持仓排名	

合约代码：y2105		Date：2020-09-24	

			期货公司会员	

名次		会员简称	成交量		增减		
1		东证期货	34,015		-11,003		
2		光大期货	13,636		-1,836		
3		华泰期货	8,742		-4,670		
4		中信期货	5,785		654		
5		国泰君安	5,630		-1,723		
6		华安期货	4,026		-903		
7		宏源期货	3,911		-1,509		
8		中粮期货	2,878		-46		
9		国富期货	2,797		-157		
10		五矿经易	2,684		-2,182		
11		上海中期	2,608		-1,546		
12		永安期货	2,433		-4,663		
13		海通期货	2,301		-405		
14		方正中期	2,249		-52		
15		招商期货	2,137		-369		
16		国元期货	2,030		-3,307		
17		天风期货	1,769		-3,564		
18		中天期货	1,619		-1,250		
19		国投安信	1,543		-13,806		
20		锦泰期货	1,539		-1,417		
总计				104,332		-53,754		

名次		会员简称	持买单量	增减		
1		浙商期货	13,132		-82		
2		永安期货	13,064		362		
3		中粮期货	10,804		329		
4		天风期货	10,688		-95		
5		中财期货	9,857		-87		
6		东兴期货	9,343		-54		
7		五矿经易	9,339		-409		
8		一德期货	8,501		-498		
9		华泰期货	8,128		-23		
10		国盛期货	8,004		-5		
11		北京首创	7,535		-19		
12		国投安信	7,085		210		
13		光大期货	6,787		-862		
14		中信期货	6,710		239		
15		广发期货	6,650		33		
16		东证期货	5,632		101		
17		大越期货	5,338		0		
18		宝城期货	5,087		-67		
19		兴证期货	4,719		679		
20		银河期货	3,680		-106		
总计				160,083		-354		

名次		会员简称	持卖单量	增减		
1		中粮期货	48,418		-713		
2		国投安信	22,729		-233		
3		摩根大通	17,157		-124		
4		中信期货	12,873		148		
5		一德期货	12,203		99		
6		永安期货	11,635		1,263		
7		平安期货	11,463		-226		
8		五矿经易	8,580		1,785		
9		新湖期货	7,414		-103		
10		海通期货	6,020		37		
11		广发期货	4,990		-1,008		
12		银河期货	4,553		-66		
13		信达期货	4,273		0		
14		国富期货	4,204		425		
15		华泰期货	3,694		-59		
16		南华期货	3,017		-15		
17		宏源期货	2,948		-116		
18		中天期货	2,845		5		
19		国泰君安	2,465		21		
20		北京金鹏	2,391		0		
总计				193,872		1,120		



会员类别	总成交量	增减		
期货公司会员	104,332		-53,754		

会员类别	总持买单量	增减		
期货公司会员	160,083		-354		

会员类别	总持卖单量	增减		
期货公司会员	193,872		1,120		

