								大连商品交易所 成交量_买持仓_卖持仓排名	

合约代码：m2101		Date：2020-09-24	

			期货公司会员	

名次		会员简称	成交量		增减		
1		东证期货	887,594		89,720		
2		国泰君安	465,562		-10,502		
3		格林大华	142,016		-72,043		
4		中信期货	131,370		11,649		
5		海通期货	125,340		6,223		
6		国富期货	124,543		-4,391		
7		永安期货	96,511		21,536		
8		方正中期	89,990		15,688		
9		国投安信	83,773		26,804		
10		华西期货	78,687		11,146		
11		华泰期货	76,031		-4,801		
12		银河期货	75,775		4,292		
13		中粮期货	69,512		11,291		
14		新湖期货	61,946		6,952		
15		宏源期货	61,033		3,788		
16		徽商期货	58,503		5,235		
17		申银万国	53,953		12,406		
18		安粮期货	52,733		13,030		
19		光大期货	42,742		13,113		
20		华安期货	42,161		1,194		
总计				2,819,775	162,330		

名次		会员简称	持买单量	增减		
1		永安期货	114,877		1,417		
2		五矿经易	89,970		-762		
3		中粮期货	79,534		-949		
4		中信期货	59,982		-3,928		
5		国投安信	59,521		1,431		
6		一德期货	51,743		1,331		
7		国泰君安	41,228		-4,567		
8		申银万国	39,208		2,225		
9		海通期货	38,862		-1,393		
10		摩根大通	36,206		-86		
11		华泰期货	30,039		-3,079		
12		南华期货	29,458		-2,548		
13		银河期货	28,518		-182		
14		瑞达期货	27,157		-235		
15		宏源期货	26,924		-187		
16		浙商期货	26,895		-2,641		
17		东证期货	22,550		333		
18		深圳金汇	22,193		1,007		
19		广发期货	21,481		3,105		
20		方正中期	20,408		-1,120		
总计				866,754		-10,828		

名次		会员简称	持卖单量	增减		
1		中粮期货	193,876		20,357		
2		国投安信	185,666		5,152		
3		中信期货	100,257		5,226		
4		国泰君安	79,333		345		
5		摩根大通	74,520		-1,084		
6		银河期货	70,596		-9,278		
7		一德期货	61,677		-2,722		
8		南华期货	61,373		1,040		
9		鲁证期货	41,417		-117		
10		平安期货	39,706		-436		
11		新湖期货	36,931		-11,136		
12		东证期货	33,427		3,156		
13		海通期货	28,026		-1,048		
14		民生期货	27,644		93		
15		浙商期货	26,781		-1,088		
16		建信期货	21,749		-1,948		
17		永安期货	19,699		-6,684		
18		华泰期货	19,058		-6,146		
19		美尔雅期货	18,478		-575		
20		中天期货	17,911		-949		
总计				1,158,125	-7,842		



会员类别	总成交量	增减		
期货公司会员	2,819,775	162,330		

会员类别	总持买单量	增减		
期货公司会员	866,754		-10,828		

会员类别	总持卖单量	增减		
期货公司会员	1,158,125	-7,842		

