								大连商品交易所 成交量_买持仓_卖持仓排名	

合约代码：cs2101		Date：2020-11-19	

			期货公司会员	

名次		会员简称	成交量		增减		
1		华泰期货	37,538		4,194		
2		东证期货	20,143		3,667		
3		国泰君安	17,650		4,304		
4		国富期货	13,765		1,339		
5		中信期货	7,513		798		
6		兴证期货	5,555		53		
7		海通期货	4,381		412		
8		鲁证期货	3,717		304		
9		新湖期货	3,282		693		
10		徽商期货	3,182		955		
11		金瑞期货	2,916		-209		
12		宝城期货	2,863		377		
13		上海中期	2,726		417		
14		光大期货	2,653		811		
15		东方财富	2,532		1,298		
16		永安期货	2,443		621		
17		银河期货	2,292		746		
18		华闻期货	2,231		966		
19		中辉期货	2,206		1,128		
20		方正中期	1,968		442		
总计				141,556		23,316		

名次		会员简称	持买单量	增减		
1		中信期货	7,215		-90		
2		中粮期货	6,784		-674		
3		永安期货	4,706		-238		
4		弘业期货	4,456		-20		
5		广发期货	4,386		830		
6		一德期货	4,186		-9		
7		东证期货	4,137		1,432		
8		鲁证期货	4,099		-1,434		
9		华泰期货	3,859		-118		
10		新湖期货	3,844		-341		
11		国泰君安	2,961		254		
12		兴证期货	2,794		-18		
13		华融融达	2,361		-49		
14		天风期货	1,714		-82		
15		银河期货	1,603		-156		
16		海通期货	1,602		32		
17		海证期货	1,545		-109		
18		金瑞期货	1,418		335		
19		宏源期货	1,369		-91		
20		中辉期货	1,336		-117		
总计				66,375		-663		

名次		会员简称	持卖单量	增减		
1		中信期货	9,380		365		
2		国金期货	7,997		25		
3		金瑞期货	7,587		13		
4		国泰君安	6,977		-1,282		
5		南华期货	5,589		-188		
6		广发期货	4,923		205		
7		中粮期货	4,265		13		
8		国投安信	4,194		-31		
9		永安期货	3,631		419		
10		鲁证期货	3,496		-37		
11		平安期货	2,639		125		
12		中信建投	2,580		-152		
13		宏源期货	2,313		426		
14		方正中期	2,180		35		
15		兴证期货	2,013		41		
16		光大期货	1,967		-32		
17		申银万国	1,845		163		
18		华泰期货	1,611		-260		
19		银河期货	1,460		-74		
20		上海大陆	1,430		-9		
总计				78,077		-235		



会员类别	总成交量	增减		
期货公司会员	141,556		23,316		

会员类别	总持买单量	增减		
期货公司会员	66,375		-663		

会员类别	总持卖单量	增减		
期货公司会员	78,077		-235		

