								大连商品交易所 成交量_买持仓_卖持仓排名	

合约代码：pg2101		Date：2020-11-19	

			期货公司会员	

名次		会员简称	成交量		增减		
1		华泰期货	10,643		-1,954		
2		方正中期	3,724		2,186		
3		东海期货	3,433		-1,088		
4		中信期货	2,632		225		
5		光大期货	2,516		-818		
6		东证期货	2,377		35		
7		永安期货	1,754		-767		
8		国泰君安	1,744		-284		
9		美尔雅期货	1,735		1,142		
10		银河期货	1,620		118		
11		徽商期货	1,613		-363		
12		华安期货	1,120		-82		
13		海通期货	1,065		-84		
14		安粮期货	1,027		332		
15		中信建投	960		-232		
16		宏源期货	933		295		
17		申银万国	923		-261		
18		广发期货	915		77		
19		财信期货	915		-162		
20		国元期货	825		71		
总计				42,474		-1,614		

名次		会员简称	持买单量	增减		
1		广发期货	3,641		538		
2		招金期货	2,195		201		
3		永安期货	2,127		381		
4		方正中期	2,066		-60		
5		兴业期货	2,009		210		
6		银河期货	1,997		311		
7		东证期货	1,710		-120		
8		徽商期货	1,638		257		
9		中粮期货	1,400		21		
10		光大期货	965		100		
11		华安期货	920		54		
12		中信期货	853		-178		
13		国投安信	747		-2		
14		国泰君安	676		-193		
15		海通期货	584		103		
16		弘业期货	580		8		
17		中辉期货	558		55		
18		国盛期货	502		0		
19		浙商期货	502		73		
20		东航期货	460		10		
总计				26,130		1,769		

名次		会员简称	持卖单量	增减		
1		中信期货	8,249		452		
2		永安期货	6,445		-265		
3		东证期货	3,265		571		
4		美尔雅期货	1,960		118		
5		东吴期货	1,502		25		
6		华泰期货	1,491		278		
7		国投安信	1,199		-19		
8		瑞达期货	1,190		-257		
9		方正中期	745		380		
10		浙商期货	664		7		
11		中信建投	596		121		
12		海通期货	586		80		
13		鲁证期货	545		152		
14		银河期货	391		-25		
15		上海中期	364		-7		
16		国泰君安	363		-121		
17		东海期货	354		-39		
18		申银万国	311		49		
19		兴证期货	310		-25		
20		新晟期货	279		0		
总计				30,809		1,475		



会员类别	总成交量	增减		
期货公司会员	42,474		-1,614		

会员类别	总持买单量	增减		
期货公司会员	26,130		1,769		

会员类别	总持卖单量	增减		
期货公司会员	30,809		1,475		

