								大连商品交易所 成交量_买持仓_卖持仓排名	

合约代码：eb2103		Date：2020-11-19	

			期货公司会员	

名次		会员简称	成交量		增减		
1		中信期货	4,955		-9,505		
2		国泰君安	3,742		-4,437		
3		东证期货	1,953		-11,734		
4		华闻期货	1,661		358		
5		财信期货	1,500		-37		
6		方正中期	1,174		-704		
7		大有期货	1,163		-198		
8		鲁证期货	801		-2,310		
9		光大期货	734		-53		
10		五矿经易	666		-2,030		
11		海通期货	606		-2,413		
12		迈科期货	603		-2,908		
13		申银万国	539		-3,386		
14		银河期货	507		-2,006		
15		华泰期货	260		-151		
16		锦泰期货	222		-642		
17		徽商期货	210		17		
18		东海期货	196		-2,620		
19		浙商期货	170		-125		
20		中辉期货	163		124		
总计				21,825		-44,760		

名次		会员简称	持买单量	增减		
1		华泰期货	5,168		143		
2		中信期货	1,389		-7		
3		国泰君安	1,371		-10		
4		五矿经易	1,124		168		
5		鲁证期货	729		9		
6		一德期货	693		0		
7		东证期货	675		4		
8		锦泰期货	489		-84		
9		银河期货	364		10		
10		徽商期货	252		2		
11		国金期货	233		-4		
12		申银万国	212		0		
13		浙商期货	185		52		
14		创元期货	176		19		
15		先锋期货	160		-1		
16		中辉期货	142		110		
17		西南期货	133		0		
18		海通期货	113		4		
19		建信期货	107		104		
20		中衍期货	107		-2		
总计				13,822		517		

名次		会员简称	持卖单量	增减		
1		国泰君安	2,399		550		
2		中信期货	1,640		74		
3		五矿经易	1,185		26		
4		永安期货	999		23		
5		东证期货	745		3		
6		鲁证期货	606		2		
7		银河期货	593		5		
8		中财期货	580		16		
9		锦泰期货	473		-66		
10		迈科期货	442		-40		
11		中粮期货	425		-1		
12		南华期货	323		-7		
13		海证期货	315		-2		
14		信达期货	300		0		
15		华闻期货	257		0		
16		招金期货	228		-19		
17		申银万国	225		17		
18		建信期货	206		0		
19		浙江新世纪	200		0		
20		平安期货	196		2		
总计				12,337		583		



会员类别	总成交量	增减		
期货公司会员	21,825		-44,760		

会员类别	总持买单量	增减		
期货公司会员	13,822		517		

会员类别	总持卖单量	增减		
期货公司会员	12,337		583		

