								大连商品交易所 成交量_买持仓_卖持仓排名	

合约代码：i2101		Date：2020-11-19	

			期货公司会员	

名次		会员简称	成交量		增减		
1		国富期货	201,205		49,103		
2		国泰君安	127,793		43,963		
3		中信期货	124,209		29,093		
4		海通期货	69,941		13,156		
5		银河期货	55,791		13,131		
6		申银万国	54,077		25,492		
7		东证期货	51,114		10,569		
8		方正中期	49,409		15,724		
9		广发期货	42,631		24,383		
10		华泰期货	40,543		17,292		
11		兴证期货	35,433		28,531		
12		光大期货	31,684		2,520		
13		中辉期货	31,233		12,271		
14		永安期货	29,612		12,630		
15		徽商期货	26,706		6,272		
16		一德期货	26,180		19,251		
17		华闻期货	20,825		5,407		
18		上海东亚	20,667		18,527		
19		华安期货	18,329		8,196		
20		东海期货	16,035		6,499		
总计				1,073,417	362,010		

名次		会员简称	持买单量	增减		
1		摩根大通	55,286		1,376		
2		永安期货	51,950		415		
3		银河期货	36,475		-1,346		
4		中信期货	30,949		-3,769		
5		兴证期货	30,401		8,134		
6		华泰期货	25,756		-2,178		
7		东证期货	24,658		10		
8		国泰君安	20,520		-6,949		
9		浙商期货	18,595		-1,683		
10		方正中期	13,879		909		
11		海通期货	13,073		-2,721		
12		五矿经易	9,827		-3,664		
13		国海良时	9,802		-457		
14		申银万国	8,918		800		
15		东海期货	8,700		-2,145		
16		宏源期货	7,924		488		
17		瑞达期货	7,243		1,184		
18		国贸期货	7,214		1,513		
19		中信建投	6,823		948		
20		国投安信	6,811		-287		
总计				394,804		-9,422		

名次		会员简称	持卖单量	增减		
1		中信期货	50,635		4,605		
2		银河期货	35,381		4,147		
3		永安期货	22,467		1,397		
4		大地期货	21,127		147		
5		一德期货	19,090		-13,000		
6		华泰期货	18,410		-557		
7		浙商期货	18,128		1,418		
8		广发期货	18,079		-545		
9		南华期货	17,733		-248		
10		东证期货	17,492		-1,364		
11		鲁证期货	17,262		-2,711		
12		五矿经易	16,318		808		
13		方正中期	14,698		714		
14		中辉期货	14,338		-97		
15		东兴期货	14,039		71		
16		道通期货	13,172		-474		
17		国泰君安	12,025		2,892		
18		中钢期货	10,812		30		
19		大越期货	10,507		-51		
20		国投安信	10,446		-662		
总计				372,159		-3,480		



会员类别	总成交量	增减		
期货公司会员	1,073,417	362,010		

会员类别	总持买单量	增减		
期货公司会员	394,804		-9,422		

会员类别	总持卖单量	增减		
期货公司会员	372,159		-3,480		

