								大连商品交易所 成交量_买持仓_卖持仓排名	

合约代码：m2101		Date：2020-11-19	

			期货公司会员	

名次		会员简称	成交量		增减		
1		东证期货	171,208		-24,420		
2		华西期货	45,113		7,730		
3		国泰君安	40,953		-21,843		
4		海通期货	39,260		888		
5		新湖期货	30,526		-9,343		
6		华泰期货	25,314		-18,268		
7		国投安信	23,253		-4,744		
8		美尔雅期货	22,151		5,713		
9		中粮期货	18,479		-19,439		
10		中信期货	18,466		-11,967		
11		光大期货	18,078		-6,294		
12		永安期货	14,962		-7,957		
13		国富期货	14,323		-5,361		
14		一德期货	13,506		-1,949		
15		银河期货	12,980		-6,012		
16		平安期货	12,584		6,741		
17		方正中期	12,478		-4,486		
18		格林大华	11,402		381		
19		申银万国	10,976		-5,956		
20		中辉期货	9,492		2,978		
总计				565,504		-123,608	

名次		会员简称	持买单量	增减		
1		永安期货	94,866		-7,364		
2		中粮期货	82,392		-4,322		
3		五矿经易	81,910		-1,513		
4		摩根大通	37,804		-1,191		
5		国投安信	35,942		-7,231		
6		南华期货	23,667		-645		
7		中信期货	21,351		-807		
8		申银万国	20,461		-2,177		
9		银河期货	19,981		2,835		
10		华闻期货	18,355		-335		
11		华泰期货	11,487		97		
12		一德期货	10,293		-3,376		
13		中融汇信	10,119		125		
14		兴证期货	10,036		1,247		
15		国泰君安	9,895		195		
16		北京首创	9,377		-1,703		
17		广发期货	9,022		-617		
18		国盛期货	8,824		1,046		
19		新湖期货	8,125		729		
20		海通期货	8,011		-4,916		
总计				531,918		-29,923		

名次		会员简称	持卖单量	增减		
1		国投安信	77,742		-6,598		
2		中粮期货	65,572		-583		
3		摩根大通	59,143		-709		
4		国泰君安	58,449		4		
5		南华期货	43,574		-81		
6		中信期货	35,554		-1,095		
7		民生期货	26,981		-114		
8		银河期货	23,773		-665		
9		建信期货	23,753		134		
10		东证期货	20,577		-1,008		
11		平安期货	19,699		3,313		
12		鲁证期货	19,190		-1,764		
13		永安期货	15,916		-1,592		
14		美尔雅期货	14,909		-77		
15		北京金鹏	14,579		-1,185		
16		海通期货	13,478		-962		
17		一德期货	10,806		3,800		
18		国富期货	9,895		-2,307		
19		广发期货	9,356		-23		
20		华泰期货	9,115		-8		
总计				572,061		-11,520		



会员类别	总成交量	增减		
期货公司会员	565,504		-123,608	

会员类别	总持买单量	增减		
期货公司会员	531,918		-29,923		

会员类别	总持卖单量	增减		
期货公司会员	572,061		-11,520		

