								大连商品交易所 成交量_买持仓_卖持仓排名	

合约代码：y2101		Date：2020-11-19	

			期货公司会员	

名次		会员简称	成交量		增减		
1		东证期货	283,583		26,256		
2		兴证期货	174,739		23,886		
3		国富期货	100,628		7,807		
4		中信期货	77,204		15,787		
5		光大期货	70,329		-15,270		
6		国泰君安	62,826		11,638		
7		海通期货	51,850		9,318		
8		银河期货	31,596		6,593		
9		国投安信	26,534		3,985		
10		平安期货	23,127		3,494		
11		华泰期货	22,656		-5,275		
12		华安期货	20,330		7,970		
13		徽商期货	20,219		5,529		
14		东吴期货	17,789		8,128		
15		永安期货	17,278		1,912		
16		广发期货	17,128		5,918		
17		方正中期	15,976		2,510		
18		浙商期货	15,294		4,813		
19		中粮期货	13,184		-963		
20		申银万国	13,039		-2,896		
总计				1,075,309	121,140		

名次		会员简称	持买单量	增减		
1		一德期货	32,060		-4,254		
2		银河期货	28,227		-901		
3		永安期货	24,293		874		
4		国泰君安	23,647		1,535		
5		海通期货	18,707		2,660		
6		国富期货	18,352		51		
7		广发期货	17,460		296		
8		华泰期货	16,357		1,081		
9		浙商期货	15,555		-555		
10		东证期货	14,533		1,680		
11		国投安信	14,255		684		
12		南华期货	12,399		-673		
13		中信期货	11,812		-2,474		
14		大越期货	11,682		-660		
15		鲁证期货	11,499		-759		
16		天风期货	11,236		-657		
17		中粮期货	9,654		-5,908		
18		东兴期货	8,976		-67		
19		五矿经易	8,510		-879		
20		大地期货	8,437		-129		
总计				317,651		-9,055		

名次		会员简称	持卖单量	增减		
1		中粮期货	108,217		-8		
2		国投安信	55,594		-978		
3		国泰君安	28,119		-2,689		
4		中信期货	26,006		996		
5		广发期货	20,589		-5,458		
6		银河期货	18,651		-1,101		
7		海通期货	15,430		3,494		
8		永安期货	13,534		-1,456		
9		摩根大通	12,827		500		
10		信达期货	10,366		-68		
11		新湖期货	8,832		-266		
12		浙商期货	8,349		-151		
13		平安期货	7,547		92		
14		北京首创	7,058		3,381		
15		鲁证期货	6,999		-129		
16		国盛期货	6,689		5,954		
17		华闻期货	6,630		-546		
18		上海中期	6,500		326		
19		兴证期货	5,918		-2,804		
20		一德期货	5,917		-153		
总计				379,772		-1,064		



会员类别	总成交量	增减		
期货公司会员	1,075,309	121,140		

会员类别	总持买单量	增减		
期货公司会员	317,651		-9,055		

会员类别	总持卖单量	增减		
期货公司会员	379,772		-1,064		

