								大连商品交易所 成交量_买持仓_卖持仓排名	

合约代码：m2105		Date：2020-11-19	

			期货公司会员	

名次		会员简称	成交量		增减		
1		东证期货	384,329		-80,868		
2		国泰君安	172,207		-35,545		
3		华西期货	114,813		-9,301		
4		中信期货	68,917		-22,918		
5		申银万国	61,863		14,175		
6		国富期货	60,820		-11,466		
7		新湖期货	52,430		3,176		
8		华泰期货	52,068		-12,583		
9		海通期货	48,901		-13,942		
10		银河期货	39,825		-7,735		
11		浙商期货	36,222		5,479		
12		永安期货	35,936		-28,421		
13		方正中期	35,593		-7,129		
14		国投安信	33,970		-18,252		
15		宏源期货	29,926		1,084		
16		中粮期货	24,389		-13,356		
17		海证期货	21,431		5,893		
18		徽商期货	20,956		-2,226		
19		格林大华	19,627		-8,041		
20		华安期货	17,897		-5,023		
总计				1,332,120	-246,999	

名次		会员简称	持买单量	增减		
1		永安期货	190,645		5,302		
2		国泰君安	67,909		2,336		
3		浙商期货	63,342		5,119		
4		中信期货	60,761		-1,881		
5		国投安信	59,696		3,879		
6		申银万国	54,578		-2,258		
7		中粮期货	50,067		-436		
8		银河期货	46,057		1,160		
9		东证期货	45,449		-945		
10		华泰期货	43,563		5,966		
11		摩根大通	32,821		500		
12		五矿经易	32,029		475		
13		一德期货	31,228		668		
14		海通期货	30,414		396		
15		南华期货	27,926		-36		
16		广发期货	26,884		83		
17		宏源期货	25,603		4,388		
18		方正中期	22,628		448		
19		新湖期货	19,781		-141		
20		国富期货	19,402		-35		
总计				950,783		24,988		

名次		会员简称	持卖单量	增减		
1		中粮期货	270,600		-5,235		
2		国投安信	218,697		4,519		
3		银河期货	119,254		7,845		
4		国泰君安	72,626		3,213		
5		广发期货	61,117		16		
6		中信期货	60,713		6,456		
7		海通期货	55,064		-379		
8		新湖期货	41,851		-93		
9		南华期货	40,512		87		
10		一德期货	39,990		990		
11		永安期货	39,940		-1,434		
12		国信期货	37,775		4,998		
13		鲁证期货	34,048		997		
14		北京首创	29,997		1,129		
15		宏源期货	29,008		6,380		
16		渤海期货	26,601		13		
17		平安期货	26,034		687		
18		摩根大通	21,233		-2,147		
19		五矿经易	19,257		195		
20		中天期货	16,243		78		
总计				1,260,560	28,315		



会员类别	总成交量	增减		
期货公司会员	1,332,120	-246,999	

会员类别	总持买单量	增减		
期货公司会员	950,783		24,988		

会员类别	总持卖单量	增减		
期货公司会员	1,260,560	28,315		

