								大连商品交易所 成交量_买持仓_卖持仓排名	

合约代码：eb2102		Date：2020-11-19	

			期货公司会员	

名次		会员简称	成交量		增减		
1		兴证期货	21,894		20,863		
2		海通期货	19,600		12,337		
3		安粮期货	19,572		18,151		
4		上海大陆	15,652		14,918		
5		金元期货	12,492		12,290		
6		国投安信	10,541		8,325		
7		国泰君安	7,825		-5,694		
8		中辉期货	7,525		6,066		
9		先锋期货	5,346		4,395		
10		新湖期货	5,064		4,196		
11		中财期货	3,925		2,924		
12		申银万国	3,817		-10,754		
13		瑞达期货	3,347		2,650		
14		国信期货	3,213		2,502		
15		浙商期货	3,212		2,228		
16		财信期货	3,204		1,400		
17		美尔雅期货	3,183		2,716		
18		东证期货	2,987		-79,779		
19		银河期货	2,868		-2,949		
20		锦泰期货	2,731		-5,686		
总计				157,998		11,099		

名次		会员简称	持买单量	增减		
1		中信期货	3,317		47		
2		国泰君安	2,714		24		
3		鲁证期货	2,452		9		
4		东吴期货	2,041		-5		
5		东证期货	1,677		89		
6		永安期货	1,581		33		
7		华鑫期货	1,365		195		
8		华泰期货	1,130		7		
9		银河期货	1,095		-67		
10		信达期货	1,013		996		
11		锦泰期货	817		64		
12		中财期货	783		-145		
13		海通期货	782		11		
14		海证期货	704		1		
15		中银期货	671		124		
16		浙江新世纪	588		0		
17		招商期货	556		12		
18		申银万国	484		256		
19		迈科期货	447		-10		
20		徽商期货	429		-23		
总计				24,646		1,618		

名次		会员简称	持卖单量	增减		
1		华泰期货	5,158		163		
2		银河期货	4,032		363		
3		国泰君安	2,836		271		
4		中信期货	2,458		101		
5		国信期货	1,402		2		
6		华鑫期货	1,329		208		
7		东吴期货	1,242		98		
8		海通期货	1,199		-1		
9		鲁证期货	1,182		73		
10		东证期货	1,049		56		
11		东海期货	992		-103		
12		先锋期货	918		194		
13		浙商期货	620		40		
14		海证期货	619		8		
15		天风期货	615		-107		
16		中粮期货	525		25		
17		国富期货	512		-1		
18		信达期货	511		1		
19		锦泰期货	492		-77		
20		弘业期货	401		0		
总计				28,092		1,314		



会员类别	总成交量	增减		
期货公司会员	157,998		11,099		

会员类别	总持买单量	增减		
期货公司会员	24,646		1,618		

会员类别	总持卖单量	增减		
期货公司会员	28,092		1,314		

