								大连商品交易所 成交量_买持仓_卖持仓排名	

合约代码：m2109		Date：2020-11-19	

			期货公司会员	

名次		会员简称	成交量		增减		
1		东证期货	34,355		-4,425		
2		光大期货	10,697		-2,972		
3		中信期货	8,993		-2,469		
4		国泰君安	8,865		4,899		
5		永安期货	6,638		1,765		
6		迈科期货	5,716		-3,080		
7		中国国际	5,408		4,557		
8		招金期货	4,794		38		
9		海通期货	4,470		-5,215		
10		华闻期货	4,444		-1,633		
11		安粮期货	3,730		-2,925		
12		华安期货	3,547		-534		
13		申银万国	2,971		1,473		
14		中天期货	2,866		-703		
15		方正中期	2,785		-1,959		
16		宏源期货	2,526		-2,837		
17		新湖期货	2,395		109		
18		中粮期货	2,184		-1,038		
19		国元期货	2,087		-2,212		
20		广发期货	1,932		-551		
总计				121,403		-19,712		

名次		会员简称	持买单量	增减		
1		安粮期货	23,704		-509		
2		永安期货	15,333		-382		
3		国泰君安	15,294		2,001		
4		华闻期货	14,682		455		
5		海通期货	10,700		423		
6		中粮期货	10,634		406		
7		格林大华	9,769		51		
8		国元期货	8,736		458		
9		大地期货	7,189		-19		
10		国投安信	7,156		-597		
11		国富期货	6,338		201		
12		浙商期货	5,965		232		
13		长江期货	5,860		148		
14		宏源期货	5,803		-120		
15		东证期货	5,793		-215		
16		广发期货	5,271		1,017		
17		兴业期货	5,109		110		
18		方正中期	5,096		118		
19		中辉期货	4,976		191		
20		光大期货	4,872		1,687		
总计				178,280		5,656		

名次		会员简称	持卖单量	增减		
1		摩根大通	67,044		73		
2		永安期货	39,637		4,558		
3		银河期货	33,460		162		
4		中粮期货	27,854		-634		
5		国投安信	17,613		9		
6		一德期货	11,505		724		
7		北京首创	11,449		14		
8		新湖期货	9,160		63		
9		国泰君安	8,094		-8		
10		平安期货	7,066		149		
11		华泰期货	6,592		521		
12		信达期货	6,173		1		
13		中国国际	4,755		4,368		
14		浙商期货	4,685		-38		
15		五矿经易	4,193		79		
16		华融融达	3,574		0		
17		宏源期货	2,910		-8		
18		中信期货	2,825		51		
19		国元期货	2,417		-41		
20		中融汇信	2,112		0		
总计				273,118		10,043		



会员类别	总成交量	增减		
期货公司会员	121,403		-19,712		

会员类别	总持买单量	增减		
期货公司会员	178,280		5,656		

会员类别	总持卖单量	增减		
期货公司会员	273,118		10,043		

