								大连商品交易所 成交量_买持仓_卖持仓排名	

合约代码：j2101		Date：2020-11-19	

			期货公司会员	

名次		会员简称	成交量		增减		
1		国富期货	28,812		-9,011		
2		中信期货	18,442		-4,201		
3		海通期货	16,292		-1,727		
4		国泰君安	13,023		-2,274		
5		光大期货	9,657		-384		
6		东证期货	8,960		-46,893		
7		上海东亚	8,630		270		
8		申银万国	8,532		79		
9		中辉期货	7,797		-3,895		
10		方正中期	7,320		-1,408		
11		银河期货	6,944		-3,331		
12		东吴期货	6,923		-3,336		
13		华泰期货	6,818		-1,954		
14		徽商期货	6,449		-3,645		
15		瑞达期货	5,713		-3,221		
16		山西三立	5,577		-2,465		
17		宏源期货	5,406		-179		
18		华安期货	5,295		-1,526		
19		华闻期货	5,055		-65		
20		上海大陆	3,992		-3,387		
总计				185,637		-92,553		

名次		会员简称	持买单量	增减		
1		东证期货	17,063		-1,514		
2		中信期货	7,031		-1,168		
3		国富期货	6,760		-2,949		
4		国泰君安	5,914		208		
5		安粮期货	5,553		39		
6		方正中期	4,255		560		
7		永安期货	4,022		-382		
8		兴证期货	3,971		239		
9		海通期货	3,831		-1,264		
10		华泰期货	3,317		-89		
11		银河期货	2,983		-210		
12		一德期货	2,814		52		
13		中信建投	2,781		-703		
14		宏源期货	2,599		-29		
15		东海期货	2,582		184		
16		徽商期货	2,494		-734		
17		浙商期货	2,439		274		
18		瑞达期货	2,409		-111		
19		国投安信	2,247		-29		
20		中辉期货	2,231		-448		
总计				87,296		-8,074		

名次		会员简称	持卖单量	增减		
1		东证期货	17,897		-1,092		
2		中信期货	10,676		-908		
3		华泰期货	6,377		-373		
4		国富期货	5,973		-2,775		
5		永安期货	4,381		-22		
6		中辉期货	3,377		-259		
7		中信建投	2,857		223		
8		国泰君安	2,790		-243		
9		一德期货	2,751		-41		
10		浙商期货	2,683		-839		
11		国投安信	2,680		-155		
12		银河期货	2,670		-532		
13		天风期货	2,621		20		
14		海通期货	2,531		-738		
15		方正中期	2,529		6		
16		大越期货	2,415		-4		
17		南华期货	2,122		-57		
18		山西三立	1,997		5		
19		光大期货	1,926		-1,698		
20		瑞达期货	1,756		-106		
总计				83,009		-9,588		



会员类别	总成交量	增减		
期货公司会员	185,637		-92,553		

会员类别	总持买单量	增减		
期货公司会员	87,296		-8,074		

会员类别	总持卖单量	增减		
期货公司会员	83,009		-9,588		

