								大连商品交易所 成交量_买持仓_卖持仓排名	

合约代码：i2105		Date：2020-11-19	

			期货公司会员	

名次		会员简称	成交量		增减		
1		东证期货	31,511		12,495		
2		光大期货	27,068		7,629		
3		国泰君安	16,503		12,393		
4		鲁证期货	11,579		10,019		
5		中信期货	9,734		3,048		
6		申银万国	9,693		6,974		
7		东吴期货	8,169		4,665		
8		渤海期货	7,025		5,121		
9		国富期货	6,508		4,909		
10		五矿经易	6,244		4,160		
11		一德期货	5,970		2,328		
12		银河期货	5,794		3,808		
13		永安期货	5,257		699		
14		海通期货	4,860		1,510		
15		华闻期货	4,133		2,175		
16		海证期货	4,036		2,442		
17		华安期货	3,847		1,142		
18		天风期货	3,749		3,144		
19		中财期货	3,698		1,560		
20		方正中期	3,416		-489		
总计				178,794		89,732		

名次		会员简称	持买单量	增减		
1		申银万国	34,086		-106		
2		国泰君安	13,705		6,478		
3		中信期货	11,547		721		
4		永安期货	9,838		257		
5		浙商期货	8,676		-1,024		
6		海证期货	6,536		-2,915		
7		鲁证期货	5,549		-6,922		
8		国贸期货	5,444		-773		
9		银河期货	5,010		-63		
10		中粮期货	4,973		58		
11		华泰期货	4,953		-222		
12		中信建投	4,790		93		
13		东海期货	3,943		128		
14		冠通期货	3,575		95		
15		混沌天成	3,368		1,520		
16		光大期货	3,343		1,184		
17		金瑞期货	3,199		133		
18		方正中期	3,188		-72		
19		格林大华	2,940		516		
20		上海中期	2,926		-175		
总计				141,589		-1,089		

名次		会员简称	持卖单量	增减		
1		一德期货	15,746		-194		
2		永安期货	15,337		470		
3		浙商期货	13,782		-523		
4		兴证期货	10,483		47		
5		五矿经易	7,994		-3,020		
6		弘业期货	6,995		110		
7		广发期货	6,761		64		
8		大地期货	6,455		149		
9		国贸期货	6,362		1,064		
10		天风期货	6,347		-760		
11		银河期货	6,078		565		
12		大越期货	6,035		-44		
13		中信建投	5,981		111		
14		中信期货	5,732		231		
15		华泰期货	4,769		-144		
16		国投安信	4,162		39		
17		方正中期	4,039		692		
18		东兴期货	3,561		-97		
19		江苏东华	3,024		-3		
20		中辉期货	2,791		189		
总计				142,434		-1,054		



会员类别	总成交量	增减		
期货公司会员	178,794		89,732		

会员类别	总持买单量	增减		
期货公司会员	141,589		-1,089		

会员类别	总持卖单量	增减		
期货公司会员	142,434		-1,054		

