								大连商品交易所 成交量_买持仓_卖持仓排名	

合约代码：j2101		Date：2020-10-19	

			期货公司会员	

名次		会员简称	成交量		增减		
1		东证期货	62,101		5,420		
2		国富期货	38,306		9,063		
3		国泰君安	26,994		10,939		
4		中信期货	23,590		7,035		
5		海通期货	21,527		9,906		
6		光大期货	20,051		4,581		
7		申银万国	18,877		2,931		
8		东吴期货	15,374		4,285		
9		方正中期	14,470		5,635		
10		中辉期货	13,111		3,752		
11		银河期货	12,237		5,540		
12		永安期货	11,933		3,687		
13		华泰期货	9,888		1,999		
14		宏源期货	8,914		2,321		
15		上海大陆	8,881		-2,128		
16		徽商期货	8,202		1,598		
17		华闻期货	8,035		3,759		
18		山西三立	7,928		675		
19		华安期货	7,474		1,886		
20		上海东亚	7,402		4,759		
总计				345,295		87,643		

名次		会员简称	持买单量	增减		
1		东证期货	18,222		2,567		
2		中信期货	11,813		-135		
3		国泰君安	9,461		3,030		
4		国富期货	8,412		526		
5		永安期货	6,783		1,450		
6		海通期货	5,955		1,116		
7		银河期货	5,749		1,848		
8		华泰期货	5,289		416		
9		东海期货	4,508		-419		
10		申银万国	4,267		159		
11		中信建投	3,697		310		
12		方正中期	3,690		1,203		
13		兴证期货	3,382		-298		
14		中辉期货	3,309		-1,213		
15		鲁证期货	3,141		95		
16		国投安信	2,538		389		
17		光大期货	2,463		-203		
18		宏源期货	2,177		205		
19		瑞达期货	1,750		-946		
20		中国国际	1,323		100		
总计				107,929		10,200		

名次		会员简称	持卖单量	增减		
1		东证期货	18,481		3,952		
2		中信期货	13,742		2,031		
3		国富期货	8,204		832		
4		华泰期货	7,061		350		
5		国泰君安	5,490		2,260		
6		一德期货	5,020		-404		
7		申银万国	4,188		496		
8		中辉期货	3,873		276		
9		鲁证期货	3,866		-172		
10		浙商期货	3,567		180		
11		银河期货	3,528		715		
12		海通期货	3,515		2,191		
13		中信建投	3,488		305		
14		永安期货	3,393		-409		
15		国投安信	2,811		267		
16		方正中期	2,773		373		
17		天风期货	2,601		306		
18		光大期货	2,521		-52		
19		南华期货	2,414		299		
20		大越期货	2,311		-21		
总计				102,847		13,775		



会员类别	总成交量	增减		
期货公司会员	345,295		87,643		

会员类别	总持买单量	增减		
期货公司会员	107,929		10,200		

会员类别	总持卖单量	增减		
期货公司会员	102,847		13,775		

