								大连商品交易所 成交量_买持仓_卖持仓排名	

合约代码：c2105		Date：2020-10-19	

			期货公司会员	

名次		会员简称	成交量		增减		
1		华泰期货	95,802		26,795		
2		光大期货	64,660		30,510		
3		中信期货	62,127		32,911		
4		东证期货	62,008		3,007		
5		北京首创	35,810		34,499		
6		国泰君安	31,339		7,764		
7		鲁证期货	23,327		19,721		
8		南华期货	20,923		17,780		
9		东海期货	20,536		13,069		
10		宏源期货	20,126		9,770		
11		徽商期货	19,347		9,077		
12		国投安信	18,927		14,657		
13		国富期货	18,859		15,425		
14		永安期货	16,670		5,236		
15		安粮期货	15,303		6,356		
16		中粮期货	14,986		7,733		
17		华安期货	13,016		2,198		
18		长江期货	12,197		3,233		
19		五矿经易	11,811		8,669		
20		东航期货	11,557		7,763		
总计				589,331		276,173		

名次		会员简称	持买单量	增减		
1		国泰君安	41,915		804		
2		鲁证期货	38,418		-7,425		
3		一德期货	22,035		98		
4		光大期货	21,960		1,977		
5		永安期货	21,686		-1,045		
6		中州期货	20,265		-510		
7		海证期货	19,851		1,126		
8		中信建投	19,333		-1,119		
9		中信期货	18,877		1,597		
10		安粮期货	16,516		-4,402		
11		华安期货	16,086		1,697		
12		建信期货	14,438		-1,502		
13		中粮期货	14,010		2,575		
14		华融融达	12,822		-793		
15		中辉期货	10,828		-401		
16		金瑞期货	10,193		-1,717		
17		华泰期货	9,917		-391		
18		东吴期货	8,162		4,109		
19		信达期货	8,017		-170		
20		国富期货	7,950		-1		
总计				353,279		-5,493		

名次		会员简称	持卖单量	增减		
1		中粮期货	69,366		699		
2		南华期货	65,988		15,925		
3		永安期货	37,550		-8,433		
4		光大期货	28,454		-15,569		
5		华融融达	22,396		0		
6		海证期货	20,215		287		
7		金瑞期货	20,147		-2,912		
8		浙商期货	19,700		1,186		
9		东证期货	19,648		-2,924		
10		中金期货	14,687		101		
11		华泰期货	11,654		1,611		
12		摩根大通	11,295		0		
13		国投安信	8,309		-9,111		
14		中辉期货	8,126		5,067		
15		五矿经易	7,861		-102		
16		国泰君安	6,450		-395		
17		中信期货	6,207		-22,872		
18		兴证期货	5,932		1,573		
19		徽商期货	5,236		390		
20		建信期货	4,851		71		
总计				394,072		-35,408		



会员类别	总成交量	增减		
期货公司会员	589,331		276,173		

会员类别	总持买单量	增减		
期货公司会员	353,279		-5,493		

会员类别	总持卖单量	增减		
期货公司会员	394,072		-35,408		

