								大连商品交易所 成交量_买持仓_卖持仓排名	

合约代码：pg2101		Date：2020-10-19	

			期货公司会员	

名次		会员简称	成交量		增减		
1		中信建投	3,809		3,765		
2		华泰期货	3,049		1,308		
3		浙商期货	2,822		2,559		
4		锦泰期货	2,527		1,841		
5		东证期货	1,630		1,037		
6		永安期货	1,571		1,500		
7		国投安信	1,232		882		
8		申银万国	1,194		690		
9		瑞达期货	1,011		247		
10		冠通期货	997		707		
11		大有期货	876		505		
12		财信期货	854		368		
13		方正中期	820		165		
14		国泰君安	782		399		
15		光大期货	753		312		
16		天风期货	682		593		
17		安粮期货	601		459		
18		徽商期货	574		102		
19		银河期货	546		236		
20		中信期货	467		316		
总计				26,797		17,991		

名次		会员简称	持买单量	增减		
1		中信建投	3,736		3,704		
2		东证期货	661		17		
3		银河期货	570		187		
4		中辉期货	550		1		
5		兴证期货	354		-6		
6		兴业期货	342		1		
7		方正中期	299		27		
8		浙商期货	282		31		
9		东航期货	273		-15		
10		光大期货	268		-24		
11		华金期货	263		58		
12		永安期货	250		-262		
13		招金期货	236		-66		
14		华泰期货	218		13		
15		中财期货	216		71		
16		中信期货	194		8		
17		南华期货	179		70		
18		东吴期货	176		120		
19		国泰君安	167		8		
20		广发期货	167		9		
总计				9,401		3,952		

名次		会员简称	持卖单量	增减		
1		永安期货	1,752		1,021		
2		浙商期货	1,239		997		
3		中信期货	1,048		303		
4		国海良时	875		98		
5		国投安信	819		455		
6		新湖期货	799		-15		
7		国泰君安	621		350		
8		五矿经易	591		14		
9		华泰期货	578		-466		
10		鲁证期货	417		-10		
11		大有期货	386		345		
12		大地期货	351		150		
13		中财期货	315		52		
14		银河期货	277		7		
15		一德期货	252		101		
16		前海期货	238		236		
17		锦泰期货	202		48		
18		冠通期货	191		135		
19		徽商期货	176		37		
20		天风期货	169		140		
总计				11,296		3,998		



会员类别	总成交量	增减		
期货公司会员	26,797		17,991		

会员类别	总持买单量	增减		
期货公司会员	9,401		3,952		

会员类别	总持卖单量	增减		
期货公司会员	11,296		3,998		

