								大连商品交易所 成交量_买持仓_卖持仓排名	

合约代码：c2107		Date：2020-10-19	

			期货公司会员	

名次		会员简称	成交量		增减		
1		华泰期货	35,559		7,784		
2		国泰君安	33,289		17,579		
3		国富期货	25,674		-28,514		
4		冠通期货	24,003		1,639		
5		光大期货	17,118		4,545		
6		中辉期货	12,726		1,594		
7		海通期货	10,923		6,499		
8		东证期货	8,871		-96		
9		华闻期货	6,272		2,329		
10		鲁证期货	5,895		1,314		
11		宏源期货	5,270		3,351		
12		徽商期货	5,105		2,975		
13		中粮期货	5,015		4,654		
14		中大期货	4,766		4,380		
15		华安期货	4,570		3,050		
16		国海良时	4,003		460		
17		五矿经易	3,977		229		
18		弘业期货	3,647		-1,908		
19		中信期货	3,267		-181		
20		浙商期货	2,987		-3,422		
总计				222,937		28,261		

名次		会员简称	持买单量	增减		
1		鲁证期货	28,847		52		
2		一德期货	12,584		-347		
3		中信建投	8,332		-52		
4		中州期货	8,002		-1		
5		国泰君安	4,977		4,777		
6		中辉期货	3,436		-34		
7		宝城期货	3,299		0		
8		中信期货	3,215		15		
9		海通期货	3,063		-53		
10		东证期货	2,569		-99		
11		永安期货	2,524		-9		
12		申银万国	2,129		40		
13		中大期货	1,513		9		
14		国信期货	1,358		11		
15		浙商期货	1,029		10		
16		混沌天成	1,009		-6		
17		华安期货	799		123		
18		海证期货	788		2		
19		国贸期货	742		36		
20		华泰期货	676		-69		
总计				90,891		4,405		

名次		会员简称	持卖单量	增减		
1		光大期货	12,599		508		
2		中信期货	11,588		-4		
3		东证期货	9,377		-268		
4		金瑞期货	8,006		-74		
5		国投安信	6,131		218		
6		鲁证期货	5,397		23		
7		徽商期货	4,575		-62		
8		海证期货	4,519		463		
9		北京首创	3,311		73		
10		宝城期货	3,307		3		
11		海通期货	3,122		-48		
12		永安期货	2,753		100		
13		申银万国	2,024		48		
14		中大期货	1,937		5		
15		长江期货	1,657		207		
16		华安期货	1,247		235		
17		浙商期货	1,202		27		
18		兴证期货	1,108		0		
19		一德期货	907		722		
20		国海良时	840		54		
总计				85,607		2,230		



会员类别	总成交量	增减		
期货公司会员	222,937		28,261		

会员类别	总持买单量	增减		
期货公司会员	90,891		4,405		

会员类别	总持卖单量	增减		
期货公司会员	85,607		2,230		

