								大连商品交易所 成交量_买持仓_卖持仓排名	

合约代码：eg2102		Date：2020-10-19	

			期货公司会员	

名次		会员简称	成交量		增减		
1		东证期货	28,301		869		
2		方正中期	8,100		1,038		
3		华闻期货	5,980		1,827		
4		国富期货	4,764		457		
5		光大期货	4,496		2,342		
6		国投安信	4,208		22		
7		招商期货	3,880		290		
8		华西期货	3,350		-151		
9		东海期货	3,314		-342		
10		五矿经易	3,100		928		
11		迈科期货	2,654		792		
12		申银万国	2,607		18		
13		东吴期货	2,514		480		
14		冠通期货	2,477		1,046		
15		海通期货	1,935		-62		
16		中粮期货	1,860		-694		
17		格林大华	1,858		680		
18		中信期货	1,825		856		
19		锦泰期货	1,574		-2		
20		银河期货	1,499		361		
总计				90,296		10,755		

名次		会员简称	持买单量	增减		
1		申银万国	2,337		31		
2		国投安信	2,024		5		
3		东证期货	1,208		-310		
4		招商期货	1,206		-30		
5		五矿经易	934		0		
6		中粮期货	690		5		
7		创元期货	618		2		
8		冠通期货	503		-12		
9		中信期货	465		13		
10		方正中期	376		-2		
11		格林大华	210		-1		
12		光大期货	128		50		
13		东海期货	123		83		
14		金瑞期货	111		-87		
15		华泰期货	95		-50		
16		东吴期货	71		10		
17		徽商期货	68		-104		
18		国富期货	66		1		
19		浙商期货	48		4		
20		国金期货	44		-1		
总计				11,325		-393		

名次		会员简称	持卖单量	增减		
1		申银万国	2,306		-20		
2		国投安信	2,094		-19		
3		东证期货	1,216		-331		
4		招商期货	1,201		-4		
5		五矿经易	934		0		
6		中粮期货	659		5		
7		创元期货	591		-4		
8		中信期货	426		6		
9		冠通期货	379		-35		
10		北京首创	373		230		
11		方正中期	315		-6		
12		天风期货	301		0		
13		格林大华	210		-1		
14		锦泰期货	111		-64		
15		东海期货	75		25		
16		中辉期货	71		-1		
17		国泰君安	64		60		
18		华闻期货	59		12		
19		浙商期货	59		10		
20		国富期货	55		1		
总计				11,499		-136		



会员类别	总成交量	增减		
期货公司会员	90,296		10,755		

会员类别	总持买单量	增减		
期货公司会员	11,325		-393		

会员类别	总持卖单量	增减		
期货公司会员	11,499		-136		

