								大连商品交易所 成交量_买持仓_卖持仓排名	

合约代码：m2103		Date：2020-10-19	

			期货公司会员	

名次		会员简称	成交量		增减		
1		华闻期货	16,891		4,105		
2		方正中期	8,806		1,376		
3		海通期货	8,468		2,378		
4		申银万国	8,357		268		
5		国海良时	6,705		2,260		
6		国泰君安	6,030		-607		
7		锦泰期货	5,758		2,345		
8		鲁证期货	5,351		1,551		
9		中粮期货	4,914		1,869		
10		招商期货	4,724		978		
11		五矿经易	4,414		160		
12		格林大华	4,338		1,464		
13		弘业期货	4,329		-713		
14		南华期货	4,036		1,480		
15		中信期货	3,814		1,286		
16		光大期货	3,770		664		
17		国投安信	2,947		-909		
18		华安期货	2,636		2,097		
19		新湖期货	2,633		467		
20		宏源期货	2,568		474		
总计				111,489		22,993		

名次		会员简称	持买单量	增减		
1		永安期货	3,193		204		
2		海通期货	2,672		25		
3		南华期货	1,884		24		
4		中粮期货	1,742		-48		
5		国投安信	1,330		9		
6		美尔雅期货	1,217		-53		
7		五矿经易	1,108		108		
8		鲁证期货	857		17		
9		华融融达	820		0		
10		招商期货	816		111		
11		上海中期	809		70		
12		瑞达期货	785		77		
13		天风期货	757		0		
14		福能期货	748		10		
15		格林大华	668		17		
16		摩根大通	668		0		
17		北京金鹏	660		0		
18		国泰君安	647		-18		
19		鑫鼎盛期货	638		-1		
20		宏源期货	631		-469		
总计				22,650		83		

名次		会员简称	持卖单量	增减		
1		国泰君安	4,349		38		
2		中粮期货	4,139		-32		
3		中信期货	3,781		410		
4		海通期货	2,544		25		
5		国投安信	1,883		6		
6		南华期货	1,778		-56		
7		摩根大通	1,568		0		
8		方正中期	1,545		-62		
9		金瑞期货	1,000		200		
10		广发期货	962		8		
11		弘业期货	850		-4		
12		鲁证期货	736		-8		
13		东吴期货	729		-204		
14		五矿经易	718		0		
15		招商期货	659		11		
16		格林大华	465		3		
17		国富期货	415		353		
18		锦泰期货	409		-28		
19		永安期货	405		-3		
20		一德期货	365		0		
总计				29,300		657		



会员类别	总成交量	增减		
期货公司会员	111,489		22,993		

会员类别	总持买单量	增减		
期货公司会员	22,650		83		

会员类别	总持卖单量	增减		
期货公司会员	29,300		657		

