								大连商品交易所 成交量_买持仓_卖持仓排名	

合约代码：p2009		Date：2020-08-12	

			期货公司会员	

名次		会员简称	成交量		增减		
1		东证期货	259,510		-28,846		
2		中信期货	74,213		-34,078		
3		国泰君安	68,773		-14,298		
4		海通期货	64,661		12,200		
5		光大期货	61,909		3,780		
6		申银万国	45,410		-21,057		
7		银河期货	39,301		-11,251		
8		国富期货	34,651		-56,712		
9		兴证期货	31,836		-11,996		
10		华西期货	23,197		2,488		
11		华泰期货	22,060		-8,059		
12		华安期货	22,020		-3,407		
13		徽商期货	20,035		-4,366		
14		方正中期	18,951		2,230		
15		宏源期货	16,320		-4,159		
16		东方财富	16,037		-2,453		
17		国元期货	14,354		-4,794		
18		中辉期货	13,379		2,821		
19		长江期货	12,830		693		
20		弘业期货	12,755		4,094		
总计				872,202		-177,170	

名次		会员简称	持买单量	增减		
1		中信期货	15,684		-1,683		
2		永安期货	11,004		77		
3		银河期货	9,402		-318		
4		国泰君安	6,835		-80		
5		兴证期货	5,959		1,634		
6		光大期货	5,075		28		
7		广发期货	4,309		-52		
8		东证期货	4,236		434		
9		中粮期货	3,880		-482		
10		华泰期货	3,717		-538		
11		北京首创	3,504		-71		
12		国投安信	3,474		-251		
13		一德期货	3,147		810		
14		国富期货	2,785		-2,725		
15		宏源期货	2,693		-556		
16		南华期货	2,637		-302		
17		海通期货	2,594		-2,455		
18		弘业期货	2,275		1,233		
19		华融融达	2,158		-584		
20		华安期货	2,057		-8		
总计				97,425		-5,889		

名次		会员简称	持卖单量	增减		
1		中粮期货	29,748		-2,310		
2		国投安信	15,472		-1,163		
3		中信期货	11,960		-962		
4		广发期货	11,226		-177		
5		一德期货	9,615		-119		
6		国富期货	4,193		-1,200		
7		中天期货	3,864		-112		
8		东证期货	3,815		-1,434		
9		永安期货	3,426		-1,023		
10		国泰君安	3,258		-461		
11		海通期货	2,939		466		
12		格林大华	2,917		-20		
13		方正中期	2,574		-200		
14		宏源期货	2,377		-258		
15		东海期货	2,347		-383		
16		华安期货	2,279		-34		
17		北京首创	1,983		-634		
18		银河期货	1,937		-977		
19		徽商期货	1,922		-155		
20		南华期货	1,869		-378		
总计				119,721		-11,534		



会员类别	总成交量	增减		
期货公司会员	872,202		-177,170	

会员类别	总持买单量	增减		
期货公司会员	97,425		-5,889		

会员类别	总持卖单量	增减		
期货公司会员	119,721		-11,534		

