								大连商品交易所 成交量_买持仓_卖持仓排名	

合约代码：pg2012		Date：2020-08-12	

			期货公司会员	

名次		会员简称	成交量		增减		
1		华泰期货	22,454		963		
2		浙商期货	4,890		-663		
3		东证期货	3,639		396		
4		美尔雅期货	3,474		-2,113		
5		申银万国	3,341		-608		
6		瑞达期货	3,102		802		
7		方正中期	2,801		-789		
8		中信建投	2,527		495		
9		中粮期货	2,066		547		
10		冠通期货	1,967		-413		
11		国海良时	1,680		-355		
12		中信期货	1,676		348		
13		五矿经易	1,661		-253		
14		银河期货	1,634		-260		
15		海通期货	1,615		-201		
16		海证期货	1,537		114		
17		招商期货	1,190		152		
18		东吴期货	1,064		-253		
19		宏源期货	1,000		618		
20		锦泰期货	934		158		
总计				64,252		-1,315		

名次		会员简称	持买单量	增减		
1		永安期货	3,490		-10		
2		美尔雅期货	3,040		365		
3		江苏东华	1,540		147		
4		方正中期	1,449		114		
5		华泰期货	1,353		-9		
6		海通期货	1,249		138		
7		五矿经易	1,239		-105		
8		东证期货	1,185		26		
9		招金期货	1,124		52		
10		招商期货	1,121		145		
11		中信建投	984		-40		
12		浙江新世纪	937		159		
13		平安期货	914		0		
14		徽商期货	834		-14		
15		申银万国	810		1		
16		中财期货	774		81		
17		新湖期货	734		-25		
18		银河期货	664		124		
19		华安期货	584		30		
20		东海期货	568		95		
总计				24,593		1,274		

名次		会员简称	持卖单量	增减		
1		中信期货	5,872		146		
2		浙商期货	2,989		387		
3		永安期货	1,951		18		
4		银河期货	1,493		40		
5		国投安信	1,465		5		
6		宝城期货	1,460		20		
7		方正中期	1,438		253		
8		中信建投	1,308		-25		
9		光大期货	1,188		5		
10		五矿经易	1,188		32		
11		海通期货	1,113		-215		
12		东证期货	1,075		-7		
13		招商期货	998		149		
14		冠通期货	831		41		
15		长安期货	775		200		
16		平安期货	734		298		
17		东海期货	662		9		
18		新湖期货	506		-2		
19		兴证期货	442		121		
20		先锋期货	403		19		
总计				27,891		1,494		



会员类别	总成交量	增减		
期货公司会员	64,252		-1,315		

会员类别	总持买单量	增减		
期货公司会员	24,593		1,274		

会员类别	总持卖单量	增减		
期货公司会员	27,891		1,494		

