								大连商品交易所 成交量_买持仓_卖持仓排名	

合约代码：jm2009		Date：2020-08-12	

			期货公司会员	

名次		会员简称	成交量		增减		
1		东证期货	16,057		-1,591		
2		中辉期货	6,522		-359		
3		国泰君安	5,469		1,313		
4		国富期货	5,336		1,766		
5		中信期货	4,819		2,525		
6		华泰期货	3,971		757		
7		光大期货	3,970		869		
8		永安期货	3,270		316		
9		申银万国	2,710		411		
10		海通期货	2,098		-180		
11		银河期货	1,638		651		
12		一德期货	1,433		798		
13		迈科期货	1,331		-687		
14		兴证期货	1,326		-805		
15		方正中期	1,277		622		
16		冠通期货	1,185		-80		
17		英大期货	1,141		932		
18		徽商期货	914		-259		
19		宏源期货	902		241		
20		华安期货	891		394		
总计				66,260		7,634		

名次		会员简称	持买单量	增减		
1		东证期货	7,047		3,196		
2		中信期货	4,685		-915		
3		国泰君安	2,784		28		
4		永安期货	2,774		1,443		
5		中辉期货	2,623		-199		
6		华泰期货	1,981		-544		
7		国富期货	1,816		476		
8		海通期货	1,666		591		
9		光大期货	1,219		-50		
10		南华期货	1,063		454		
11		一德期货	1,014		445		
12		兴证期货	894		-77		
13		徽商期货	852		-112		
14		迈科期货	777		-448		
15		申银万国	756		-308		
16		鲁证期货	755		-72		
17		银河期货	717		-159		
18		长安期货	717		-2		
19		华金期货	483		-22		
20		瑞达期货	480		-61		
总计				35,103		3,664		

名次		会员简称	持卖单量	增减		
1		东证期货	5,951		2,385		
2		永安期货	3,804		877		
3		中信期货	3,645		-686		
4		中辉期货	2,921		71		
5		华泰期货	1,806		-345		
6		国富期货	1,778		336		
7		银河期货	1,701		-37		
8		海通期货	1,570		79		
9		兴证期货	1,458		-563		
10		五矿经易	1,380		-215		
11		光大期货	1,314		-146		
12		国泰君安	1,259		-173		
13		一德期货	1,007		-156		
14		广发期货	994		46		
15		国联期货	955		5		
16		英大期货	893		875		
17		宏源期货	861		235		
18		中信建投	700		490		
19		冠通期货	672		623		
20		海证期货	669		86		
总计				35,338		3,787		



会员类别	总成交量	增减		
期货公司会员	66,260		7,634		

会员类别	总持买单量	增减		
期货公司会员	35,103		3,664		

会员类别	总持卖单量	增减		
期货公司会员	35,338		3,787		

