								大连商品交易所 成交量_买持仓_卖持仓排名	

合约代码：a2009		Date：2020-08-12	

			期货公司会员	

名次		会员简称	成交量		增减		
1		华泰期货	47,160		9,404		
2		东证期货	17,490		338		
3		申银万国	14,610		1,872		
4		海通期货	14,258		4,992		
5		中信期货	14,052		1,207		
6		国泰君安	13,051		3,048		
7		国富期货	7,953		3,128		
8		光大期货	7,853		2,660		
9		兴证期货	7,031		1,824		
10		华安期货	6,663		1,169		
11		徽商期货	6,510		86		
12		方正中期	5,539		1,092		
13		南华期货	5,281		1,180		
14		国投安信	4,900		2,249		
15		国信期货	4,830		1,152		
16		浙商期货	4,633		2,612		
17		永安期货	4,581		1,829		
18		国联期货	4,326		2,273		
19		银河期货	4,070		101		
20		中信建投	3,390		-310		
总计				198,181		41,906		

名次		会员简称	持买单量	增减		
1		中信期货	7,776		-1,005		
2		五矿经易	5,648		59		
3		银河期货	4,861		-598		
4		申银万国	3,636		-1,314		
5		海通期货	3,175		-2,174		
6		国富期货	2,980		95		
7		兴证期货	2,610		-1,229		
8		光大期货	2,222		804		
9		华泰期货	2,183		-1,770		
10		广发期货	2,181		-395		
11		国泰君安	2,091		-1,541		
12		国联期货	1,955		1,011		
13		永安期货	1,850		60		
14		东证期货	1,781		-1,400		
15		金石期货	1,664		208		
16		国元期货	1,501		-13		
17		天风期货	1,457		-285		
18		方正中期	1,256		-110		
19		宏源期货	1,216		-424		
20		中粮期货	1,205		83		
总计				53,248		-9,938		

名次		会员简称	持卖单量	增减		
1		国泰君安	5,254		536		
2		永安期货	4,909		-657		
3		东证期货	4,362		1,410		
4		五矿经易	3,914		-362		
5		中信期货	3,285		-563		
6		光大期货	3,198		583		
7		申银万国	3,194		-1,080		
8		海通期货	2,893		-144		
9		美尔雅期货	2,684		-144		
10		平安期货	2,430		-62		
11		华泰期货	2,340		220		
12		兴证期货	2,230		918		
13		国富期货	1,878		-336		
14		国联期货	1,756		-845		
15		南华期货	1,685		-485		
16		国投安信	1,662		-1,986		
17		广发期货	1,661		-144		
18		鲁证期货	1,383		-342		
19		天风期货	1,371		86		
20		中财期货	1,101		-574		
总计				53,190		-3,971		



会员类别	总成交量	增减		
期货公司会员	198,181		41,906		

会员类别	总持买单量	增减		
期货公司会员	53,248		-9,938		

会员类别	总持卖单量	增减		
期货公司会员	53,190		-3,971		

