								大连商品交易所 成交量_买持仓_卖持仓排名	

合约代码：c2103		Date：2020-08-12	

			期货公司会员	

名次		会员简称	成交量		增减		
1		中信期货	2,273		815		
2		金瑞期货	1,622		163		
3		国泰君安	1,594		1,028		
4		锦泰期货	1,289		942		
5		申银万国	1,267		133		
6		弘业期货	1,218		38		
7		鲁证期货	1,190		269		
8		五矿经易	1,174		244		
9		海通期货	1,105		236		
10		新湖期货	1,073		576		
11		冠通期货	1,020		1,020		
12		宝城期货	993		374		
13		国海良时	974		-29		
14		北京首创	965		275		
15		华金期货	853		-96		
16		格林大华	836		58		
17		中天期货	832		562		
18		中大期货	788		62		
19		中粮期货	771		-45		
20		东证期货	766		48		
总计				22,603		6,673		

名次		会员简称	持买单量	增减		
1		鲁证期货	5,675		0		
2		一德期货	2,500		0		
3		中信期货	1,529		-1		
4		摩根大通	1,000		0		
5		中大期货	410		382		
6		迈科期货	150		0		
7		国富期货	139		0		
8		长江期货	137		-138		
9		银河期货	70		-2		
10		浙商期货	59		-9		
11		东航期货	57		20		
12		中粮期货	53		20		
13		兴证期货	50		-6		
14		新湖期货	48		1		
15		金瑞期货	38		0		
16		华泰期货	38		-5		
17		徽商期货	34		0		
18		中投期货	30		30		
19		国泰君安	30		11		
20		弘业期货	30		10		
总计				12,077		313		

名次		会员简称	持卖单量	增减		
1		兴证期货	2,127		0		
2		华泰期货	1,536		-4		
3		国海良时	997		17		
4		东海期货	886		0		
5		北京首创	681		259		
6		中大期货	519		326		
7		锦泰期货	455		-511		
8		广州金控	420		20		
9		中辉期货	346		-40		
10		弘业期货	325		0		
11		中信期货	302		48		
12		华安期货	283		-18		
13		金瑞期货	282		-122		
14		宏源期货	280		-87		
15		华金期货	247		-15		
16		迈科期货	185		0		
17		国富期货	167		1		
18		东航期货	163		-21		
19		银河期货	147		1		
20		中粮期货	141		1		
总计				10,489		-145		



会员类别	总成交量	增减		
期货公司会员	22,603		6,673		

会员类别	总持买单量	增减		
期货公司会员	12,077		313		

会员类别	总持卖单量	增减		
期货公司会员	10,489		-145		

