								大连商品交易所 成交量_买持仓_卖持仓排名	

合约代码：cs2101		Date：2020-08-12	

			期货公司会员	

名次		会员简称	成交量		增减		
1		华泰期货	4,573		19		
2		东证期货	1,560		193		
3		中信期货	1,451		-1,678		
4		中粮期货	1,235		-1,776		
5		国泰君安	1,182		-41		
6		广发期货	981		566		
7		海通期货	954		-174		
8		徽商期货	952		65		
9		华安期货	907		-63		
10		银河期货	868		-407		
11		光大期货	774		-566		
12		华闻期货	596		-148		
13		安粮期货	502		-146		
14		东吴期货	428		317		
15		中辉期货	423		146		
16		长江期货	411		-44		
17		东方财富	411		288		
18		国富期货	403		102		
19		金瑞期货	400		117		
20		方正中期	390		-81		
总计				19,401		-3,311		

名次		会员简称	持买单量	增减		
1		鲁证期货	6,648		-28		
2		一德期货	4,086		174		
3		中信期货	3,460		-57		
4		弘业期货	3,093		4		
5		中财期货	2,203		15		
6		中粮期货	1,876		-17		
7		中信建投	1,362		-101		
8		方正中期	1,285		6		
9		中国国际	804		-45		
10		南华期货	748		-16		
11		国泰君安	737		-1		
12		国海良时	732		20		
13		中辉期货	687		19		
14		徽商期货	679		58		
15		银河期货	645		2		
16		华泰期货	588		-13		
17		国投安信	548		-9		
18		华安期货	547		147		
19		摩根大通	525		0		
20		东证期货	490		27		
总计				31,743		185		

名次		会员简称	持卖单量	增减		
1		中粮期货	9,743		-70		
2		永安期货	2,766		190		
3		中信期货	2,728		-60		
4		国泰君安	2,677		1		
5		中融汇信	2,053		1		
6		国投安信	1,601		59		
7		北京首创	1,405		1		
8		东证期货	1,318		-333		
9		上海大陆	1,124		-121		
10		广发期货	1,118		254		
11		中信建投	1,099		6		
12		国富期货	928		18		
13		瑞达期货	894		-6		
14		国金期货	712		3		
15		华安期货	465		-66		
16		东兴期货	450		0		
17		浙商期货	419		-23		
18		华泰期货	384		104		
19		东吴期货	333		0		
20		中辉期货	332		-32		
总计				32,549		-74		



会员类别	总成交量	增减		
期货公司会员	19,401		-3,311		

会员类别	总持买单量	增减		
期货公司会员	31,743		185		

会员类别	总持卖单量	增减		
期货公司会员	32,549		-74		

