								大连商品交易所 成交量_买持仓_卖持仓排名	

合约代码：jd2101		Date：2020-08-11	

			期货公司会员	

名次		会员简称	成交量		增减		
1		东证期货	9,972		-1,835		
2		光大期货	4,539		2,032		
3		中信建投	4,198		-1,030		
4		申银万国	3,947		156		
5		徽商期货	3,392		1,133		
6		方正中期	3,377		1,486		
7		安粮期货	3,154		-593		
8		华安期货	2,626		497		
9		中信期货	2,351		526		
10		永安期货	2,251		133		
11		鲁证期货	2,027		912		
12		中辉期货	2,023		1,249		
13		英大期货	1,893		272		
14		宏源期货	1,794		276		
15		南华期货	1,491		-1,197		
16		海通期货	1,435		-102		
17		汇鑫期货	1,361		692		
18		华泰期货	1,318		170		
19		银河期货	1,269		616		
20		美尔雅期货	1,229		-556		
总计				55,647		4,837		

名次		会员简称	持买单量	增减		
1		永安期货	3,075		467		
2		徽商期货	2,833		118		
3		国泰君安	2,439		404		
4		安粮期货	2,279		255		
5		方正中期	2,074		1,043		
6		中信建投	1,800		348		
7		中财期货	1,580		531		
8		北京首创	1,207		30		
9		中信期货	1,181		95		
10		中州期货	1,141		475		
11		宏源期货	1,112		199		
12		浙商期货	1,064		144		
13		中辉期货	1,035		145		
14		华融融达	1,033		254		
15		华安期货	996		138		
16		九州期货	933		103		
17		申银万国	891		14		
18		广发期货	876		12		
19		光大期货	825		121		
20		华闻期货	815		291		
总计				29,189		5,187		

名次		会员简称	持卖单量	增减		
1		英大期货	2,811		1,000		
2		中信建投	2,452		610		
3		福能期货	2,406		215		
4		美尔雅期货	2,320		634		
5		方正中期	2,252		740		
6		永安期货	2,185		230		
7		五矿经易	1,691		33		
8		华泰期货	1,428		260		
9		华安期货	1,394		106		
10		南华期货	1,333		211		
11		宏源期货	1,268		439		
12		北京首创	1,246		649		
13		银河期货	1,202		85		
14		海通期货	1,091		360		
15		中辉期货	1,078		444		
16		徽商期货	1,066		218		
17		汇鑫期货	1,047		644		
18		鲁证期货	1,010		185		
19		一德期货	949		-14		
20		长江期货	889		-11		
总计				31,118		7,038		



会员类别	总成交量	增减		
期货公司会员	55,647		4,837		

会员类别	总持买单量	增减		
期货公司会员	29,189		5,187		

会员类别	总持卖单量	增减		
期货公司会员	31,118		7,038		

