								大连商品交易所 成交量_买持仓_卖持仓排名	

合约代码：pg2012		Date：2020-08-11	

			期货公司会员	

名次		会员简称	成交量		增减		
1		华泰期货	21,491		-4,116		
2		美尔雅期货	5,587		4,266		
3		浙商期货	5,553		-14		
4		申银万国	3,949		-194		
5		方正中期	3,590		743		
6		东证期货	3,243		-946		
7		冠通期货	2,380		-82		
8		瑞达期货	2,300		-681		
9		国海良时	2,035		250		
10		中信建投	2,032		-1,290		
11		五矿经易	1,914		-54		
12		银河期货	1,894		-188		
13		海通期货	1,816		1,715		
14		光大期货	1,553		1,017		
15		中粮期货	1,519		-805		
16		永安期货	1,442		692		
17		海证期货	1,423		-620		
18		中信期货	1,328		308		
19		东吴期货	1,317		-386		
20		平安期货	1,202		981		
总计				67,568		596		

名次		会员简称	持买单量	增减		
1		永安期货	3,500		162		
2		美尔雅期货	2,675		-1,797		
3		江苏东华	1,393		-322		
4		华泰期货	1,362		35		
5		五矿经易	1,344		0		
6		方正中期	1,335		326		
7		东证期货	1,159		7		
8		海通期货	1,111		-55		
9		招金期货	1,072		375		
10		中信建投	1,024		1		
11		招商期货	976		1		
12		平安期货	914		5		
13		徽商期货	848		407		
14		申银万国	809		-4		
15		浙江新世纪	778		457		
16		新湖期货	759		6		
17		中财期货	693		33		
18		浙商期货	585		129		
19		华安期货	554		25		
20		银河期货	540		14		
总计				23,431		-195		

名次		会员简称	持卖单量	增减		
1		中信期货	5,726		103		
2		浙商期货	2,602		-568		
3		永安期货	1,933		802		
4		国投安信	1,460		-3		
5		银河期货	1,453		-22		
6		宝城期货	1,440		-2		
7		中信建投	1,333		89		
8		海通期货	1,328		315		
9		方正中期	1,185		198		
10		光大期货	1,183		908		
11		五矿经易	1,156		-2		
12		东证期货	1,082		-4		
13		招商期货	849		1		
14		冠通期货	790		-120		
15		东海期货	653		-123		
16		长安期货	575		-200		
17		新湖期货	508		2		
18		瑞达期货	459		385		
19		平安期货	436		-315		
20		先锋期货	384		-2		
总计				26,535		1,442		



会员类别	总成交量	增减		
期货公司会员	67,568		596		

会员类别	总持买单量	增减		
期货公司会员	23,431		-195		

会员类别	总持卖单量	增减		
期货公司会员	26,535		1,442		

