								大连商品交易所 成交量_买持仓_卖持仓排名	

合约代码：m2105		Date：2020-08-11	

			期货公司会员	

名次		会员简称	成交量		增减		
1		东证期货	20,318		-5,319		
2		光大期货	12,407		-4,277		
3		银河期货	10,066		-346		
4		中粮期货	8,889		6,187		
5		国投安信	8,280		5,697		
6		国泰君安	7,631		-2,898		
7		海通期货	6,642		3,514		
8		浙商期货	6,549		1,575		
9		方正中期	5,343		900		
10		一德期货	5,285		-45		
11		平安期货	4,987		2,338		
12		国富期货	4,620		1,121		
13		永安期货	4,329		1,776		
14		迈科期货	4,271		-1,792		
15		宏源期货	4,102		-3,483		
16		格林大华	3,976		-1,380		
17		华闻期货	3,914		1,858		
18		华安期货	3,812		159		
19		申银万国	3,787		1,238		
20		中州期货	3,532		254		
总计				132,740		7,077		

名次		会员简称	持买单量	增减		
1		中粮期货	61,531		198		
2		申银万国	39,805		2,201		
3		摩根大通	38,217		1,569		
4		浙商期货	31,991		-2,886		
5		银河期货	28,572		1,312		
6		海通期货	27,907		3,791		
7		永安期货	25,414		325		
8		宏源期货	23,818		3,124		
9		国泰君安	22,267		-326		
10		国投安信	21,276		794		
11		华泰期货	16,123		207		
12		南华期货	15,801		-87		
13		弘业期货	15,509		776		
14		方正中期	13,257		837		
15		瑞达期货	12,047		103		
16		天风期货	11,760		-275		
17		格林大华	10,670		80		
18		华闻期货	10,389		1,157		
19		长江期货	10,002		673		
20		一德期货	9,257		50		
总计				445,613		13,623		

名次		会员简称	持卖单量	增减		
1		中粮期货	251,969		5,019		
2		国投安信	103,875		4,942		
3		银河期货	38,717		6,442		
4		广发期货	38,182		12		
5		摩根大通	34,820		0		
6		海通期货	30,832		-75		
7		鲁证期货	21,015		22		
8		中信期货	16,658		173		
9		南华期货	15,897		790		
10		永安期货	15,676		1,188		
11		安粮期货	15,587		-817		
12		平安期货	14,851		1,220		
13		五矿经易	12,573		-12		
14		一德期货	12,258		-2,059		
15		北京首创	12,232		-534		
16		新湖期货	12,130		-1		
17		国泰君安	12,098		-969		
18		国盛期货	11,380		2,257		
19		建信期货	10,126		47		
20		光大期货	3,756		-7		
总计				684,632		17,638		



会员类别	总成交量	增减		
期货公司会员	132,740		7,077		

会员类别	总持买单量	增减		
期货公司会员	445,613		13,623		

会员类别	总持卖单量	增减		
期货公司会员	684,632		17,638		

