								大连商品交易所 成交量_买持仓_卖持仓排名	

合约代码：eg2101		Date：2020-08-11	

			期货公司会员	

名次		会员简称	成交量		增减		
1		东证期货	18,347		-3,779		
2		华泰期货	5,993		2,219		
3		国富期货	3,728		692		
4		东海期货	3,290		311		
5		弘业期货	3,166		554		
6		方正中期	2,683		1,290		
7		国泰君安	2,662		654		
8		中信期货	2,593		199		
9		天风期货	2,439		749		
10		海通期货	2,394		-186		
11		永安期货	2,345		-1,674		
12		光大期货	2,190		-1,999		
13		浙商期货	2,183		389		
14		华安期货	2,091		133		
15		徽商期货	2,088		-35		
16		宝城期货	1,850		1,271		
17		南华期货	1,724		127		
18		创元期货	1,375		-995		
19		申银万国	1,137		507		
20		冠通期货	1,133		-685		
总计				65,411		-258		

名次		会员简称	持买单量	增减		
1		通惠期货	16,910		0		
2		新湖期货	6,138		30		
3		华泰期货	4,992		-293		
4		国元期货	4,726		-19		
5		华安期货	4,320		31		
6		宏源期货	4,116		-5		
7		中信期货	3,916		9		
8		兴业期货	3,418		-104		
9		东吴期货	2,863		93		
10		招商期货	2,810		-31		
11		东证期货	2,736		89		
12		一德期货	2,629		-49		
13		华闻期货	2,471		14		
14		国投安信	2,271		114		
15		浙商期货	2,095		202		
16		弘业期货	2,086		28		
17		建信期货	2,050		382		
18		国富期货	1,769		-1		
19		银河期货	1,697		43		
20		申银万国	1,687		-6		
总计				75,700		527		

名次		会员简称	持卖单量	增减		
1		永安期货	19,499		-243		
2		国贸期货	10,363		-96		
3		中信期货	8,282		354		
4		天风期货	7,952		-747		
5		华泰期货	7,761		-318		
6		宝城期货	7,543		-69		
7		国泰君安	5,535		1,219		
8		五矿经易	4,908		296		
9		方正中期	2,259		-691		
10		倍特期货	2,240		194		
11		银河期货	2,237		37		
12		国富期货	1,785		627		
13		东证期货	1,568		70		
14		鲁证期货	1,558		97		
15		宏源期货	1,494		-40		
16		申银万国	1,402		251		
17		浙商期货	1,194		-159		
18		光大期货	1,186		0		
19		中信建投	969		-9		
20		南华期货	875		24		
总计				90,610		797		



会员类别	总成交量	增减		
期货公司会员	65,411		-258		

会员类别	总持买单量	增减		
期货公司会员	75,700		527		

会员类别	总持卖单量	增减		
期货公司会员	90,610		797		

