								大连商品交易所 成交量_买持仓_卖持仓排名	

合约代码：j2009		Date：2020-08-11	

			期货公司会员	

名次		会员简称	成交量		增减		
1		东证期货	40,870		13,088		
2		国富期货	18,533		1,588		
3		国泰君安	13,215		3,491		
4		中信期货	11,085		470		
5		光大期货	7,946		-362		
6		申银万国	7,185		2,404		
7		河北恒银	6,555		3,260		
8		华泰期货	6,257		1,535		
9		海通期货	5,645		1,503		
10		上海大陆	5,384		-686		
11		永安期货	4,849		695		
12		方正中期	4,670		1,601		
13		银河期货	4,664		655		
14		华鑫期货	4,234		2,927		
15		山西三立	4,163		717		
16		中辉期货	3,962		17		
17		东吴期货	3,741		346		
18		徽商期货	3,726		149		
19		先锋期货	3,713		54		
20		兴证期货	2,988		616		
总计				163,385		34,068		

名次		会员简称	持买单量	增减		
1		东证期货	9,161		-2,824		
2		国富期货	8,137		2,444		
3		中信期货	7,710		-87		
4		国泰君安	4,730		555		
5		海通期货	3,546		-607		
6		永安期货	2,896		-395		
7		中辉期货	2,727		187		
8		兴证期货	2,427		-760		
9		申银万国	2,406		536		
10		银河期货	1,974		331		
11		弘业期货	1,828		91		
12		山西三立	1,719		646		
13		华泰期货	1,707		-2,231		
14		东海期货	1,476		27		
15		一德期货	1,466		228		
16		瑞达期货	1,336		12		
17		方正中期	1,314		96		
18		宏源期货	1,207		71		
19		鲁证期货	1,161		742		
20		华鑫期货	1,141		634		
总计				60,069		-304		

名次		会员简称	持卖单量	增减		
1		东证期货	10,254		-2,780		
2		中信期货	8,718		-140		
3		国富期货	6,015		2,239		
4		华泰期货	4,462		-136		
5		国泰君安	3,848		1,792		
6		浙商期货	3,320		-135		
7		永安期货	3,115		-318		
8		海通期货	2,851		226		
9		中粮期货	2,702		1,849		
10		申银万国	2,658		493		
11		中辉期货	2,598		-111		
12		天风期货	1,978		-22		
13		银河期货	1,879		-339		
14		大越期货	1,662		-13		
15		东兴期货	1,328		-181		
16		瑞达期货	1,297		-132		
17		光大期货	1,268		-2,514		
18		方正中期	1,190		-474		
19		一德期货	1,154		-476		
20		大通期货	1,100		100		
总计				63,397		-1,072		



会员类别	总成交量	增减		
期货公司会员	163,385		34,068		

会员类别	总持买单量	增减		
期货公司会员	60,069		-304		

会员类别	总持卖单量	增减		
期货公司会员	63,397		-1,072		

