								大连商品交易所 成交量_买持仓_卖持仓排名	

合约代码：y2101		Date：2020-08-11	

			期货公司会员	

名次		会员简称	成交量		增减		
1		东证期货	184,595		-34,755		
2		中信期货	57,037		-26,534		
3		国泰君安	52,825		4,684		
4		光大期货	47,270		-23,994		
5		国富期货	45,002		-5,746		
6		申银万国	42,692		-6,591		
7		兴证期货	34,874		-17,971		
8		华闻期货	32,384		-10,340		
9		海通期货	30,406		-10,102		
10		华泰期货	29,177		-9,545		
11		银河期货	27,647		-1,343		
12		招商期货	16,998		-2,040		
13		广发期货	16,299		1,138		
14		方正中期	14,103		-7,322		
15		国投安信	12,489		-1,985		
16		华安期货	12,242		-2,789		
17		徽商期货	10,997		-2,260		
18		大地期货	10,898		1,099		
19		华西期货	10,556		-2,421		
20		宏源期货	10,141		-10,115		
总计				698,632		-168,932	

名次		会员简称	持买单量	增减		
1		永安期货	34,789		477		
2		光大期货	26,500		2,501		
3		浙商期货	20,387		130		
4		中粮期货	19,422		945		
5		银河期货	17,947		3,402		
6		国投安信	17,099		524		
7		广发期货	17,037		292		
8		大越期货	16,081		677		
9		天风期货	15,919		-200		
10		大地期货	15,477		-1,106		
11		一德期货	15,001		-906		
12		东证期货	15,000		-435		
13		中信期货	14,603		283		
14		华泰期货	14,351		2,011		
15		国泰君安	11,589		3,510		
16		兴证期货	11,280		-725		
17		鲁证期货	11,033		1,066		
18		国盛期货	8,712		35		
19		北京首创	8,259		872		
20		东兴期货	8,120		66		
总计				318,606		13,419		

名次		会员简称	持卖单量	增减		
1		中粮期货	108,235		-1,388		
2		国投安信	59,656		-1,619		
3		中信期货	32,663		800		
4		摩根大通	30,045		-34		
5		广发期货	28,737		7,647		
6		国泰君安	23,868		681		
7		信达期货	22,208		25		
8		银河期货	22,151		1,721		
9		一德期货	18,508		1,281		
10		永安期货	11,644		211		
11		东证期货	8,382		1,042		
12		新湖期货	7,988		671		
13		平安期货	7,986		623		
14		北京首创	7,868		-642		
15		南华期货	7,255		518		
16		五矿经易	7,220		105		
17		国富期货	6,965		435		
18		鲁证期货	6,271		53		
19		海通期货	6,234		382		
20		上海中期	5,973		233		
总计				429,857		12,745		



会员类别	总成交量	增减		
期货公司会员	698,632		-168,932	

会员类别	总持买单量	增减		
期货公司会员	318,606		13,419		

会员类别	总持卖单量	增减		
期货公司会员	429,857		12,745		

