								大连商品交易所 成交量_买持仓_卖持仓排名	

合约代码：i2105		Date：2020-08-11	

			期货公司会员	

名次		会员简称	成交量		增减		
1		东证期货	11,631		2,502		
2		中信期货	4,530		2,924		
3		光大期货	4,186		1,440		
4		国泰君安	3,504		939		
5		华泰期货	2,852		1,811		
6		宏源期货	2,394		494		
7		南华期货	2,334		1,124		
8		中信建投	2,159		1,622		
9		中国国际	2,070		974		
10		中辉期货	1,914		1,169		
11		东吴期货	1,747		71		
12		安粮期货	1,715		808		
13		方正中期	1,555		973		
14		渤海期货	1,384		585		
15		银河期货	1,324		805		
16		国联期货	1,299		79		
17		海通期货	1,253		960		
18		永安期货	1,199		266		
19		中财期货	1,169		840		
20		混沌天成	1,166		137		
总计				51,385		20,523		

名次		会员简称	持买单量	增减		
1		中国国际	6,934		2,018		
2		华泰期货	2,950		-292		
3		海证期货	2,857		-13		
4		冠通期货	1,742		0		
5		申银万国	1,609		14		
6		国联期货	1,451		905		
7		国信期货	1,216		96		
8		国海良时	1,114		-5		
9		光大期货	1,049		38		
10		广发期货	1,020		23		
11		中信期货	944		304		
12		新纪元期货	908		850		
13		国泰君安	871		23		
14		宝城期货	817		-100		
15		银河期货	782		-2		
16		华安期货	764		57		
17		中州期货	706		15		
18		招商期货	649		31		
19		新湖期货	625		-25		
20		混沌天成	618		314		
总计				29,626		4,251		

名次		会员简称	持卖单量	增减		
1		中信期货	5,973		862		
2		永安期货	3,646		218		
3		银河期货	1,863		106		
4		格林大华	1,833		37		
5		光大期货	1,823		10		
6		混沌天成	1,801		798		
7		北京首创	1,790		604		
8		冠通期货	1,697		0		
9		一德期货	1,525		78		
10		方正中期	1,498		450		
11		海证期货	1,265		24		
12		国富期货	1,229		67		
13		中信建投	1,103		936		
14		瑞达期货	820		171		
15		东证期货	714		-1,024		
16		弘业期货	694		-118		
17		华泰期货	689		86		
18		海通期货	685		257		
19		信达期货	629		33		
20		华安期货	629		23		
总计				31,906		3,618		



会员类别	总成交量	增减		
期货公司会员	51,385		20,523		

会员类别	总持买单量	增减		
期货公司会员	29,626		4,251		

会员类别	总持卖单量	增减		
期货公司会员	31,906		3,618		

