								大连商品交易所 成交量_买持仓_卖持仓排名	

合约代码：jm2101		Date：2020-08-11	

			期货公司会员	

名次		会员简称	成交量		增减		
1		东证期货	1,656		34		
2		永安期货	1,146		496		
3		银河期货	1,107		766		
4		中信期货	1,094		269		
5		华泰期货	724		-5		
6		迈科期货	706		500		
7		方正中期	669		515		
8		华闻期货	649		563		
9		国富期货	575		76		
10		徽商期货	409		194		
11		渤海期货	382		320		
12		一德期货	334		246		
13		五矿经易	334		257		
14		国海良时	332		299		
15		申银万国	331		-23		
16		浙商期货	314		120		
17		上海大陆	308		158		
18		海通期货	302		6		
19		东海期货	297		125		
20		光大期货	250		-142		
总计				11,919		4,774		

名次		会员简称	持买单量	增减		
1		摩根大通	3,317		10		
2		申银万国	2,073		-108		
3		银河期货	1,433		-360		
4		中信期货	1,433		306		
5		中信建投	1,196		5		
6		国泰君安	877		123		
7		平安期货	809		3		
8		永安期货	746		-76		
9		华泰期货	692		-21		
10		南华期货	537		5		
11		建信期货	512		118		
12		光大期货	453		-61		
13		迈科期货	428		245		
14		国投安信	406		61		
15		中金期货	368		150		
16		国海良时	352		-251		
17		一德期货	344		107		
18		国富期货	336		257		
19		中粮期货	309		77		
20		兴证期货	286		41		
总计				16,907		631		

名次		会员简称	持卖单量	增减		
1		海通期货	2,351		-203		
2		永安期货	2,113		664		
3		中信期货	1,706		14		
4		中信建投	1,359		20		
5		建信期货	1,223		-5		
6		东海期货	1,017		-55		
7		国泰君安	905		27		
8		浙商期货	673		189		
9		冠通期货	662		-73		
10		银河期货	652		-141		
11		徽商期货	603		8		
12		华泰期货	595		-7		
13		鲁证期货	592		-8		
14		一德期货	506		181		
15		国富期货	451		244		
16		格林大华	439		-7		
17		申银万国	394		-125		
18		五矿经易	355		248		
19		宝城期货	342		22		
20		先融期货	340		-15		
总计				17,278		978		



会员类别	总成交量	增减		
期货公司会员	11,919		4,774		

会员类别	总持买单量	增减		
期货公司会员	16,907		631		

会员类别	总持卖单量	增减		
期货公司会员	17,278		978		

