								大连商品交易所 成交量_买持仓_卖持仓排名	

合约代码：i2101		Date：2020-08-11	

			期货公司会员	

名次		会员简称	成交量		增减		
1		国富期货	89,756		41,865		
2		银河期货	67,367		19,535		
3		申银万国	66,225		15,616		
4		国泰君安	62,573		13,108		
5		中信期货	58,379		15,456		
6		光大期货	55,257		5,829		
7		东证期货	46,669		2,373		
8		永安期货	45,078		14,593		
9		华泰期货	40,468		20,452		
10		徽商期货	40,130		15,810		
11		方正中期	38,724		14,911		
12		海通期货	38,078		-5,595		
13		广发期货	37,264		20,543		
14		中辉期货	34,315		20,585		
15		华闻期货	34,218		22,561		
16		五矿经易	25,289		11,848		
17		宏源期货	25,182		10,209		
18		南华期货	24,376		4,770		
19		安粮期货	20,886		8,074		
20		华安期货	20,761		8,788		
总计				870,995		281,331		

名次		会员简称	持买单量	增减		
1		五矿经易	33,088		-52		
2		中信期货	32,299		-487		
3		申银万国	31,973		-1,162		
4		摩根大通	31,502		180		
5		永安期货	31,331		5,699		
6		国泰君安	31,219		7,362		
7		安粮期货	23,089		-2,716		
8		银河期货	19,775		-78		
9		东证期货	16,955		113		
10		东海期货	13,284		-2,537		
11		华泰期货	12,312		3,977		
12		海通期货	11,554		1,806		
13		方正中期	10,669		5,170		
14		一德期货	10,043		20		
15		浙商期货	8,736		4,375		
16		鲁证期货	8,630		86		
17		天风期货	8,586		1,325		
18		中信建投	7,529		-966		
19		国贸期货	7,458		1,183		
20		弘业期货	7,189		259		
总计				357,221		23,557		

名次		会员简称	持卖单量	增减		
1		浙商期货	39,058		1,393		
2		永安期货	34,059		5,251		
3		华泰期货	23,712		1,141		
4		乾坤期货	23,678		28		
5		中信期货	22,852		-556		
6		一德期货	20,459		3,080		
7		道通期货	20,358		1,948		
8		五矿经易	19,705		12,125		
9		鲁证期货	19,201		3,288		
10		银河期货	18,042		1,085		
11		方正中期	14,528		-322		
12		中辉期货	13,761		-554		
13		弘业期货	12,256		4,175		
14		大越期货	11,428		2,009		
15		东证期货	10,519		-860		
16		徽商期货	10,433		1,319		
17		申银万国	10,273		1,295		
18		国贸期货	10,015		-159		
19		中信建投	9,002		-572		
20		天风期货	8,667		1,962		
总计				352,006		37,076		



会员类别	总成交量	增减		
期货公司会员	870,995		281,331		

会员类别	总持买单量	增减		
期货公司会员	357,221		23,557		

会员类别	总持卖单量	增减		
期货公司会员	352,006		37,076		

