								大连商品交易所 成交量_买持仓_卖持仓排名	

合约代码：j2101		Date：2020-08-11	

			期货公司会员	

名次		会员简称	成交量		增减		
1		东证期货	13,027		1,934		
2		光大期货	3,474		654		
3		国富期货	3,281		446		
4		永安期货	3,147		740		
5		华泰期货	2,212		-352		
6		中信期货	2,209		169		
7		银河期货	1,930		543		
8		浙商期货	1,841		1,193		
9		海通期货	1,811		305		
10		徽商期货	1,642		463		
11		申银万国	1,442		-528		
12		方正中期	1,394		250		
13		华安期货	1,371		264		
14		中辉期货	1,237		509		
15		国信期货	1,148		101		
16		新纪元期货	1,115		305		
17		国泰君安	1,097		-820		
18		一德期货	1,023		-952		
19		安粮期货	884		-79		
20		中财期货	805		74		
总计				46,090		5,219		

名次		会员简称	持买单量	增减		
1		东证期货	6,122		4,175		
2		永安期货	2,988		641		
3		东海期货	2,900		-170		
4		中信建投	2,332		41		
5		国泰君安	1,674		93		
6		鲁证期货	1,578		32		
7		银河期货	1,342		46		
8		摩根大通	1,155		-9		
9		国投安信	1,152		27		
10		国富期货	1,147		449		
11		华泰期货	1,064		241		
12		中信期货	1,028		422		
13		方正中期	1,015		83		
14		五矿经易	872		136		
15		光大期货	853		-209		
16		海通期货	807		-408		
17		信达期货	705		10		
18		申银万国	639		-600		
19		新纪元期货	607		296		
20		徽商期货	592		49		
总计				30,572		5,345		

名次		会员简称	持卖单量	增减		
1		东证期货	5,708		4,026		
2		华泰期货	3,623		59		
3		一德期货	3,375		-107		
4		永安期货	2,574		366		
5		中信建投	2,322		122		
6		国投安信	1,711		56		
7		国泰君安	1,650		340		
8		浙商期货	1,617		1,109		
9		申银万国	1,588		-282		
10		中信期货	1,325		165		
11		新湖期货	1,177		53		
12		天风期货	1,074		2		
13		大越期货	1,046		4		
14		国富期货	928		492		
15		兴业期货	848		-13		
16		光大期货	841		-211		
17		银河期货	811		-734		
18		国信期货	748		-201		
19		鲁证期货	677		22		
20		海通期货	650		-71		
总计				34,293		5,197		



会员类别	总成交量	增减		
期货公司会员	46,090		5,219		

会员类别	总持买单量	增减		
期货公司会员	30,572		5,345		

会员类别	总持卖单量	增减		
期货公司会员	34,293		5,197		

