								大连商品交易所 成交量_买持仓_卖持仓排名	

合约代码：c2011		Date：2020-08-11	

			期货公司会员	

名次		会员简称	成交量		增减		
1		华闻期货	6,536		3,220		
2		中粮期货	5,495		583		
3		银河期货	4,570		815		
4		国泰君安	3,986		1,258		
5		中大期货	3,908		326		
6		格林大华	3,723		1,949		
7		申银万国	3,719		1,099		
8		东证期货	3,417		1,055		
9		新湖期货	3,234		100		
10		鲁证期货	2,909		1		
11		五矿经易	2,734		-233		
12		永安期货	2,713		470		
13		西部期货	2,641		427		
14		弘业期货	2,540		-116		
15		海通期货	2,350		-998		
16		宝城期货	2,297		1,591		
17		中信期货	1,921		-935		
18		国海良时	1,811		-639		
19		上海大陆	1,531		1,120		
20		方正中期	1,269		282		
总计				63,304		11,375		

名次		会员简称	持买单量	增减		
1		东证期货	4,162		13		
2		宝城期货	4,063		1,143		
3		永安期货	3,972		-7		
4		鲁证期货	3,642		0		
5		中信期货	3,521		0		
6		海通期货	3,336		3		
7		五矿经易	3,138		-166		
8		新湖期货	3,057		18		
9		中财期货	3,000		0		
10		浙商期货	2,512		-4		
11		中大期货	2,400		-20		
12		中粮期货	2,275		0		
13		华安期货	2,273		-4		
14		弘业期货	2,220		8		
15		格林大华	2,207		-477		
16		国投安信	1,792		0		
17		国海良时	871		68		
18		一德期货	757		0		
19		国泰君安	628		-6		
20		申银万国	516		-12		
总计				50,342		557		

名次		会员简称	持卖单量	增减		
1		永安期货	6,784		-2		
2		东证期货	4,126		14		
3		中信期货	4,103		-25		
4		宝城期货	4,072		1,132		
5		海通期货	3,757		-91		
6		鲁证期货	3,677		7		
7		五矿经易	3,265		-14		
8		新湖期货	3,051		-12		
9		中粮期货	2,762		123		
10		浙商期货	2,671		10		
11		中大期货	2,434		-6		
12		弘业期货	2,233		10		
13		格林大华	2,221		-478		
14		东兴期货	1,000		0		
15		国海良时	869		67		
16		国泰君安	586		8		
17		申银万国	535		-41		
18		银河期货	402		-15		
19		广州金控	400		0		
20		广发期货	321		4		
总计				49,269		691		



会员类别	总成交量	增减		
期货公司会员	63,304		11,375		

会员类别	总持买单量	增减		
期货公司会员	50,342		557		

会员类别	总持卖单量	增减		
期货公司会员	49,269		691		

