								大连商品交易所 成交量_买持仓_卖持仓排名	

合约代码：v2101		Date：2020-08-11	

			期货公司会员	

名次		会员简称	成交量		增减		
1		东证期货	24,213		1,215		
2		中信期货	7,838		-585		
3		国富期货	5,538		1,979		
4		永安期货	4,468		-813		
5		方正中期	4,446		3,165		
6		国泰君安	3,822		-2,486		
7		华金期货	2,936		-900		
8		光大期货	2,361		-569		
9		宏源期货	2,320		-711		
10		中财期货	2,309		-288		
11		鲁证期货	2,228		469		
12		长江期货	1,750		-922		
13		华泰期货	1,536		-30		
14		倍特期货	1,492		199		
15		一德期货	1,452		303		
16		徽商期货	1,396		-116		
17		弘业期货	1,380		791		
18		国信期货	1,278		239		
19		海通期货	1,275		-107		
20		国投安信	1,273		-457		
总计				75,311		376		

名次		会员简称	持买单量	增减		
1		永安期货	14,367		-234		
2		国泰君安	8,759		671		
3		中信期货	7,874		1,834		
4		鲁证期货	6,477		929		
5		一德期货	6,447		430		
6		银河期货	4,241		-22		
7		南华期货	3,948		-27		
8		广发期货	3,154		459		
9		信达期货	2,820		-12		
10		倍特期货	2,778		449		
11		中信建投	2,675		60		
12		华泰期货	2,606		294		
13		东证期货	2,227		83		
14		方正中期	2,143		203		
15		长江期货	1,879		104		
16		国富期货	1,598		576		
17		华金期货	1,530		-823		
18		中大期货	1,498		-65		
19		广州期货	1,403		-280		
20		摩根大通	1,356		0		
总计				79,780		4,629		

名次		会员简称	持卖单量	增减		
1		国信期货	13,698		623		
2		国贸期货	13,378		368		
3		永安期货	7,563		1,172		
4		中财期货	7,492		906		
5		浙商期货	5,054		217		
6		申银万国	4,915		-95		
7		银河期货	4,618		-4		
8		方正中期	3,862		353		
9		信达期货	3,228		673		
10		国投安信	3,069		-80		
11		大越期货	3,030		0		
12		华泰期货	3,027		-160		
13		中信期货	3,007		348		
14		大地期货	2,508		255		
15		中信建投	2,491		-163		
16		国泰君安	2,369		125		
17		中粮期货	1,822		12		
18		华金期货	1,563		75		
19		中国国际	1,518		-15		
20		中大期货	1,360		8		
总计				89,572		4,618		



会员类别	总成交量	增减		
期货公司会员	75,311		376		

会员类别	总持买单量	增减		
期货公司会员	79,780		4,629		

会员类别	总持卖单量	增减		
期货公司会员	89,572		4,618		

