								大连商品交易所 成交量_买持仓_卖持仓排名	

合约代码：eb2101		Date：2020-08-11	

			期货公司会员	

名次		会员简称	成交量		增减		
1		锦泰期货	1,833		804		
2		永安期货	1,772		-2,777		
3		国泰君安	1,131		143		
4		浙商期货	1,127		-137		
5		信达期货	1,089		896		
6		中财期货	853		309		
7		徽商期货	785		-506		
8		宝城期货	682		633		
9		创元期货	631		187		
10		华闻期货	629		219		
11		华鑫期货	483		226		
12		光大期货	460		144		
13		华泰期货	450		-353		
14		一德期货	429		22		
15		北京首创	420		393		
16		银河期货	382		-119		
17		方正中期	376		-82		
18		浙江新世纪	372		105		
19		国贸期货	353		-963		
20		国投安信	348		138		
总计				14,605		-718		

名次		会员简称	持买单量	增减		
1		信达期货	4,077		937		
2		福能期货	2,424		0		
3		徽商期货	2,232		555		
4		永安期货	2,196		-49		
5		华融融达	1,814		-17		
6		兴证期货	1,687		-28		
7		银河期货	1,135		43		
8		浙商期货	747		-99		
9		海通期货	712		-56		
10		宝城期货	646		571		
11		国投安信	633		84		
12		国贸期货	610		-236		
13		华闻期货	552		-12		
14		一德期货	515		50		
15		鲁证期货	483		-23		
16		中信期货	413		25		
17		广发期货	393		-1		
18		南华期货	381		1		
19		国信期货	372		2		
20		东吴期货	350		-6		
总计				22,372		1,741		

名次		会员简称	持卖单量	增减		
1		永安期货	2,892		933		
2		红塔期货	2,606		150		
3		银河期货	2,596		-15		
4		华泰期货	1,344		261		
5		中银期货	1,325		0		
6		华融融达	1,289		84		
7		中粮期货	1,206		251		
8		国海良时	1,145		-7		
9		国贸期货	1,078		113		
10		浙商期货	1,010		-132		
11		浙江新世纪	934		-366		
12		天风期货	924		-1		
13		华闻期货	783		201		
14		宏源期货	749		103		
15		东证期货	641		-25		
16		冠通期货	620		0		
17		瑞达期货	581		143		
18		申银万国	495		-2		
19		中财期货	472		-19		
20		建信期货	464		46		
总计				23,154		1,718		



会员类别	总成交量	增减		
期货公司会员	14,605		-718		

会员类别	总持买单量	增减		
期货公司会员	22,372		1,741		

会员类别	总持卖单量	增减		
期货公司会员	23,154		1,718		

