								大连商品交易所 成交量_买持仓_卖持仓排名	

合约代码：rr2010		Date：2020-08-11	

			期货公司会员	

名次		会员简称	成交量		增减		
1		方正中期	5,744		1,940		
2		东证期货	5,262		1,015		
3		华闻期货	4,043		602		
4		国泰君安	3,392		-363		
5		海通期货	2,043		-961		
6		五矿经易	1,978		568		
7		中信建投	1,807		277		
8		浙商期货	1,589		468		
9		永安期货	1,523		-152		
10		国海良时	1,409		573		
11		光大期货	1,315		-577		
12		申银万国	1,050		-1,076		
13		格林大华	1,036		-312		
14		徽商期货	922		265		
15		中原期货	881		-594		
16		国富期货	844		75		
17		中衍期货	735		537		
18		东航期货	717		646		
19		鲁证期货	602		201		
20		美尔雅期货	579		-85		
总计				37,471		3,047		

名次		会员简称	持买单量	增减		
1		方正中期	1,781		366		
2		光大期货	1,187		147		
3		中信建投	1,081		-19		
4		海通期货	1,036		-12		
5		浙商期货	1,012		-254		
6		五矿经易	1,008		4		
7		宏源期货	953		8		
8		永安期货	840		-164		
9		国泰君安	732		42		
10		格林大华	698		-3		
11		安粮期货	641		26		
12		国海良时	443		2		
13		中原期货	367		9		
14		中财期货	338		-7		
15		申银万国	300		0		
16		东航期货	232		223		
17		广发期货	206		100		
18		东方财富	204		126		
19		徽商期货	153		52		
20		天风期货	135		14		
总计				13,347		660		

名次		会员简称	持卖单量	增减		
1		北京首创	2,121		93		
2		华安期货	1,441		99		
3		方正中期	1,300		-12		
4		光大期货	1,182		164		
5		五矿经易	1,047		-46		
6		浙商期货	988		-249		
7		中信建投	950		-2		
8		海通期货	918		5		
9		永安期货	768		-5		
10		格林大华	616		-3		
11		国投安信	591		75		
12		国海良时	432		3		
13		中州期货	350		50		
14		中原期货	314		6		
15		国富期货	295		-1		
16		华泰期货	270		178		
17		申银万国	245		-24		
18		东方财富	160		30		
19		渤海期货	152		147		
20		美尔雅期货	131		-2		
总计				14,271		506		



会员类别	总成交量	增减		
期货公司会员	37,471		3,047		

会员类别	总持买单量	增减		
期货公司会员	13,347		660		

会员类别	总持卖单量	增减		
期货公司会员	14,271		506		

