								大连商品交易所 成交量_买持仓_卖持仓排名	

合约代码：pp2009		Date：2020-08-11	

			期货公司会员	

名次		会员简称	成交量		增减		
1		东证期货	147,656		-13,493		
2		国泰君安	52,877		8,313		
3		中信期货	40,095		-2,648		
4		海通期货	26,191		-4,765		
5		兴证期货	24,844		-2,937		
6		华泰期货	21,197		7,492		
7		方正中期	20,960		286		
8		国富期货	17,432		-1,017		
9		美尔雅期货	15,183		12,947		
10		东方财富	14,260		-721		
11		永安期货	13,892		414		
12		银河期货	13,467		2,708		
13		华安期货	12,600		477		
14		徽商期货	12,261		375		
15		国信期货	10,694		1,061		
16		广发期货	9,541		-613		
17		浙商期货	8,850		1,840		
18		申银万国	8,144		-889		
19		中辉期货	8,135		503		
20		国投安信	8,028		-1,211		
总计				486,307		8,122		

名次		会员简称	持买单量	增减		
1		中信期货	25,751		-3,293		
2		永安期货	19,980		-4,082		
3		银河期货	13,810		-118		
4		华泰期货	9,045		1,506		
5		东证期货	6,688		367		
6		海通期货	6,570		1,090		
7		国投安信	5,408		-284		
8		国泰君安	5,258		-2,156		
9		浙商期货	5,035		336		
10		兴证期货	4,311		163		
11		长城期货	4,304		-55		
12		申银万国	3,638		51		
13		方正中期	3,344		-563		
14		瑞达期货	3,201		-777		
15		宏源期货	3,128		-104		
16		海证期货	2,656		-64		
17		中信建投	2,561		1,136		
18		徽商期货	2,540		-720		
19		国海良时	2,389		165		
20		东航期货	2,376		-144		
总计				131,993		-7,546		

名次		会员简称	持卖单量	增减		
1		南华期货	10,969		-221		
2		银河期货	9,969		-2,855		
3		瑞达期货	9,706		-143		
4		国信期货	9,685		446		
5		华泰期货	9,355		-731		
6		浙商期货	9,274		-1,836		
7		永安期货	9,076		-78		
8		中信期货	7,855		472		
9		国泰君安	6,661		215		
10		国投安信	4,972		-64		
11		鲁证期货	4,736		-39		
12		福能期货	4,627		-136		
13		东证期货	4,240		-73		
14		宏源期货	3,315		130		
15		华金期货	3,141		-502		
16		建信期货	3,137		-36		
17		北京首创	3,124		-86		
18		国贸期货	2,850		1,274		
19		信达期货	2,637		-847		
20		国海良时	2,552		-444		
总计				121,881		-5,554		



会员类别	总成交量	增减		
期货公司会员	486,307		8,122		

会员类别	总持买单量	增减		
期货公司会员	131,993		-7,546		

会员类别	总持卖单量	增减		
期货公司会员	121,881		-5,554		

