								大连商品交易所 成交量_买持仓_卖持仓排名	

合约代码：c2101		Date：2020-11-02	

			期货公司会员	

名次		会员简称	成交量		增减		
1		国泰君安	395,359		149,992		
2		东证期货	263,796		114,127		
3		华泰期货	247,919		97,566		
4		国富期货	93,915		30,480		
5		兴证期货	66,394		29,085		
6		天风期货	65,298		61,905		
7		中信期货	59,822		3,663		
8		中粮期货	57,607		38,302		
9		光大期货	56,784		17,493		
10		银河期货	53,015		31,684		
11		永安期货	49,450		26,315		
12		中辉期货	48,796		23,574		
13		新湖期货	47,096		18,480		
14		北京首创	41,888		33,601		
15		徽商期货	40,071		13,434		
16		南华期货	39,159		29,039		
17		华闻期货	37,085		18,100		
18		国信期货	36,197		20,652		
19		海通期货	35,835		-3,162		
20		东海期货	34,879		4,625		
总计				1,770,365	758,955		

名次		会员简称	持买单量	增减		
1		永安期货	160,422		-5,767		
2		东证期货	82,619		-3,900		
3		五矿经易	73,502		8,283		
4		国投安信	51,146		-1,345		
5		中粮期货	48,948		-939		
6		国泰君安	44,935		2,699		
7		光大期货	44,465		1,296		
8		中信期货	37,354		-12,673		
9		华融融达	35,130		-2,098		
10		申银万国	33,712		-579		
11		海证期货	29,386		-363		
12		鲁证期货	27,071		-2,084		
13		山西三立	22,824		-441		
14		浙商期货	22,745		2,996		
15		东兴期货	22,652		-1,318		
16		一德期货	22,605		-5,332		
17		国富期货	20,739		10,466		
18		北京首创	16,201		-7,553		
19		南华期货	15,520		-2,283		
20		安粮期货	14,854		-7,473		
总计				826,830		-28,408		

名次		会员简称	持卖单量	增减		
1		中粮期货	185,591		-25,678		
2		中信期货	86,758		2,359		
3		国泰君安	60,071		344		
4		永安期货	49,317		-2,229		
5		国投安信	46,010		-2,078		
6		光大期货	43,685		-29,034		
7		中国国际	36,965		-3,231		
8		国富期货	31,472		-333		
9		南华期货	28,464		-21,432		
10		国贸期货	24,659		91		
11		华泰期货	23,189		3,328		
12		华安期货	22,223		-4,029		
13		民生期货	19,295		-1,494		
14		银河期货	16,318		1,592		
15		建信期货	16,143		-4,524		
16		广发期货	16,043		-10,894		
17		一德期货	15,298		-1,414		
18		浙商期货	15,250		-4,364		
19		中辉期货	15,192		-6,066		
20		信达期货	14,931		-190		
总计				766,874		-109,276	



会员类别	总成交量	增减		
期货公司会员	1,770,365	758,955		

会员类别	总持买单量	增减		
期货公司会员	826,830		-28,408		

会员类别	总持卖单量	增减		
期货公司会员	766,874		-109,276	

