								大连商品交易所 成交量_买持仓_卖持仓排名	

合约代码：eb2101		Date：2020-11-02	

			期货公司会员	

名次		会员简称	成交量		增减		
1		东证期货	91,482		-22,738		
2		国富期货	44,791		-38,125		
3		国泰君安	26,286		-11,558		
4		华泰期货	24,758		-7,344		
5		海通期货	21,377		-18,541		
6		徽商期货	21,350		-10,607		
7		中信期货	21,189		-9,164		
8		方正中期	19,749		-29,750		
9		永安期货	13,572		-14,823		
10		中信建投	12,464		-1,556		
11		申银万国	12,003		-9,821		
12		东吴期货	11,888		-4,401		
13		华闻期货	10,490		-5,398		
14		东方财富	10,185		-9,919		
15		华安期货	10,060		-9,044		
16		浙商期货	9,900		-605		
17		鲁证期货	9,061		192		
18		国投安信	8,956		-4,745		
19		光大期货	8,812		-8,687		
20		银河期货	8,581		-8,234		
总计				396,954		-224,868	

名次		会员简称	持买单量	增减		
1		永安期货	13,906		23		
2		信达期货	6,876		617		
3		浙商期货	6,835		1,004		
4		东证期货	6,321		1,407		
5		方正中期	5,831		782		
6		国泰君安	5,452		-2,034		
7		国投安信	4,633		269		
8		申银万国	4,524		-1,116		
9		中信期货	4,321		379		
10		华泰期货	3,948		-232		
11		天风期货	3,945		1,268		
12		中信建投	3,814		1,441		
13		中财期货	3,803		435		
14		东航期货	3,734		474		
15		海通期货	3,525		1,112		
16		鲁证期货	3,142		-862		
17		徽商期货	3,096		553		
18		南华期货	3,081		6		
19		兴证期货	3,003		-409		
20		宏源期货	2,852		170		
总计				96,642		5,287		

名次		会员简称	持卖单量	增减		
1		永安期货	11,902		351		
2		银河期货	10,755		346		
3		华泰期货	9,841		1,794		
4		国投安信	7,807		309		
5		浙商期货	7,221		276		
6		建信期货	7,077		833		
7		天风期货	6,580		-1,455		
8		东海期货	5,768		-1,153		
9		东证期货	5,733		-193		
10		华融融达	4,952		-511		
11		国泰君安	3,990		-502		
12		国海良时	3,779		-76		
13		中财期货	3,538		-56		
14		东吴期货	3,094		-166		
15		一德期货	2,942		114		
16		南华期货	2,876		-356		
17		方正中期	2,855		1,173		
18		海通期货	2,802		859		
19		徽商期货	2,596		1,019		
20		国贸期货	2,580		-34		
总计				108,688		2,572		



会员类别	总成交量	增减		
期货公司会员	396,954		-224,868	

会员类别	总持买单量	增减		
期货公司会员	96,642		5,287		

会员类别	总持卖单量	增减		
期货公司会员	108,688		2,572		

