								大连商品交易所 成交量_买持仓_卖持仓排名	

合约代码：jd2012		Date：2020-11-02	

			期货公司会员	

名次		会员简称	成交量		增减		
1		东证期货	9,571		-3,477		
2		宏源期货	3,181		-275		
3		国泰君安	2,788		34		
4		申银万国	1,914		-915		
5		光大期货	1,742		161		
6		中州期货	1,463		932		
7		方正中期	1,389		-984		
8		徽商期货	1,350		-197		
9		天风期货	1,026		866		
10		国富期货	916		-847		
11		华安期货	871		-56		
12		华闻期货	856		100		
13		银河期货	852		-271		
14		海通期货	771		54		
15		南华期货	731		-3,173		
16		中辉期货	718		92		
17		华泰期货	701		-98		
18		鲁证期货	627		-2,025		
19		格林大华	594		-127		
20		中信建投	570		-1,590		
总计				32,631		-11,796		

名次		会员简称	持买单量	增减		
1		福能期货	5,536		-107		
2		汇鑫期货	2,448		-21		
3		永安期货	1,878		15		
4		宏源期货	1,612		-458		
5		海证期货	1,541		-209		
6		中辉期货	1,239		126		
7		鲁证期货	1,227		103		
8		华泰期货	1,123		-10		
9		徽商期货	976		-80		
10		中信期货	946		-165		
11		中信建投	938		-75		
12		方正中期	731		-41		
13		光大期货	668		-47		
14		招金期货	664		5		
15		美尔雅期货	653		-117		
16		和合期货	632		-82		
17		华安期货	607		51		
18		南华期货	561		-264		
19		弘业期货	557		-2		
20		东兴期货	498		-1		
总计				25,035		-1,379		

名次		会员简称	持卖单量	增减		
1		英大期货	2,721		-31		
2		方正中期	2,299		-878		
3		长江期货	2,124		145		
4		银河期货	1,623		-2		
5		徽商期货	1,512		58		
6		中信建投	1,497		139		
7		宏源期货	1,228		341		
8		鲁证期货	947		196		
9		永安期货	910		-29		
10		华安期货	868		-146		
11		新湖期货	839		4		
12		申银万国	762		17		
13		广州金控	762		-158		
14		美尔雅期货	752		-39		
15		中辉期货	747		-132		
16		建信期货	721		-121		
17		一德期货	721		165		
18		中融汇信	687		-2		
19		盛达期货	589		-40		
20		格林大华	571		188		
总计				22,880		-325		



会员类别	总成交量	增减		
期货公司会员	32,631		-11,796		

会员类别	总持买单量	增减		
期货公司会员	25,035		-1,379		

会员类别	总持卖单量	增减		
期货公司会员	22,880		-325		

