								大连商品交易所 成交量_买持仓_卖持仓排名	

合约代码：c2103		Date：2020-11-02	

			期货公司会员	

名次		会员简称	成交量		增减		
1		光大期货	5,532		1,453		
2		华闻期货	5,002		256		
3		冠通期货	4,897		2,758		
4		中信期货	4,838		500		
5		方正中期	4,475		-799		
6		永安期货	4,345		407		
7		海通期货	4,001		1,333		
8		银河期货	3,631		-983		
9		东证期货	3,395		1,801		
10		鲁证期货	3,127		562		
11		宏源期货	3,110		181		
12		弘业期货	2,937		1,666		
13		申银万国	2,796		1,183		
14		中大期货	2,646		-548		
15		西部期货	2,390		225		
16		五矿经易	2,270		1,160		
17		格林大华	2,257		-452		
18		宝城期货	2,028		-672		
19		国海良时	1,811		-327		
20		中辉期货	1,737		278		
总计				67,225		9,982		

名次		会员简称	持买单量	增减		
1		鲁证期货	6,511		1		
2		中信期货	4,510		3,135		
3		海通期货	3,013		449		
4		永安期货	2,967		922		
5		一德期货	2,500		-385		
6		申银万国	1,824		2		
7		东证期货	1,416		352		
8		中大期货	1,316		0		
9		弘业期货	1,121		-18		
10		光大期货	1,084		1,039		
11		摩根大通	1,000		0		
12		五矿经易	908		0		
13		国富期货	721		655		
14		宝城期货	712		702		
15		浙商期货	639		-18		
16		格林大华	531		530		
17		国投安信	449		448		
18		国海良时	367		281		
19		迈科期货	173		0		
20		中信建投	167		6		
总计				31,929		8,101		

名次		会员简称	持卖单量	增减		
1		华安期货	6,201		489		
2		海通期货	3,158		458		
3		中信期货	2,496		1,107		
4		东证期货	2,446		629		
5		光大期货	1,885		431		
6		申银万国	1,850		88		
7		永安期货	1,488		61		
8		安粮期货	1,401		19		
9		中大期货	1,346		0		
10		国海良时	1,196		344		
11		弘业期货	1,150		-3		
12		鲁证期货	973		30		
13		五矿经易	910		0		
14		宝城期货	730		710		
15		国富期货	727		691		
16		格林大华	533		531		
17		浙商期货	523		-5		
18		一德期货	384		-23		
19		中辉期货	345		241		
20		宏源期货	319		247		
总计				30,061		6,045		



会员类别	总成交量	增减		
期货公司会员	67,225		9,982		

会员类别	总持买单量	增减		
期货公司会员	31,929		8,101		

会员类别	总持卖单量	增减		
期货公司会员	30,061		6,045		

