								大连商品交易所 成交量_买持仓_卖持仓排名	

合约代码：i2105		Date：2020-11-02	

			期货公司会员	

名次		会员简称	成交量		增减		
1		光大期货	17,465		-3,842		
2		东证期货	16,753		-3,411		
3		南华期货	6,937		2,176		
4		国泰君安	5,485		895		
5		永安期货	5,464		-1,524		
6		申银万国	5,343		-900		
7		中信期货	4,344		-5,106		
8		渤海期货	3,990		286		
9		华闻期货	3,646		-1,477		
10		中财期货	3,412		1,179		
11		东吴期货	3,184		550		
12		银河期货	2,784		561		
13		方正中期	2,585		-1,361		
14		一德期货	2,440		422		
15		国富期货	2,025		-1,225		
16		东兴期货	1,961		91		
17		国投安信	1,913		765		
18		鲁证期货	1,884		18		
19		兴证期货	1,856		314		
20		天风期货	1,659		158		
总计				95,130		-11,431		

名次		会员简称	持买单量	增减		
1		申银万国	18,735		2,484		
2		银河期货	11,401		309		
3		鲁证期货	10,385		-75		
4		国泰君安	8,986		2,065		
5		海证期货	7,779		-61		
6		国贸期货	7,740		-88		
7		东海期货	7,650		160		
8		浙商期货	7,165		310		
9		格林大华	6,455		-10		
10		方正中期	5,155		1,068		
11		长江期货	4,777		-21		
12		弘业期货	4,541		-3		
13		永安期货	4,513		25		
14		中信建投	4,223		63		
15		冠通期货	3,924		7		
16		上海中期	3,546		24		
17		华泰期货	3,360		13		
18		中粮期货	3,237		-15		
19		英大期货	3,134		-12		
20		金瑞期货	3,018		-15		
总计				129,724		6,228		

名次		会员简称	持卖单量	增减		
1		永安期货	14,904		1,283		
2		一德期货	11,757		1,246		
3		浙商期货	10,343		154		
4		兴证期货	8,050		1,544		
5		广发期货	6,802		75		
6		天风期货	6,088		392		
7		方正中期	5,398		57		
8		大越期货	5,134		30		
9		中信建投	5,101		61		
10		国投安信	4,411		295		
11		鲁证期货	4,126		-785		
12		大地期货	4,079		487		
13		国海良时	4,040		2		
14		中信期货	3,880		-181		
15		华泰期货	3,801		726		
16		东兴期货	3,602		342		
17		上海中期	3,369		0		
18		宝城期货	3,247		58		
19		江苏东华	3,019		2		
20		国贸期货	2,808		-29		
总计				113,959		5,759		



会员类别	总成交量	增减		
期货公司会员	95,130		-11,431		

会员类别	总持买单量	增减		
期货公司会员	129,724		6,228		

会员类别	总持卖单量	增减		
期货公司会员	113,959		5,759		

