								大连商品交易所 成交量_买持仓_卖持仓排名	

合约代码：rr2101		Date：2020-11-02	

			期货公司会员	

名次		会员简称	成交量		增减		
1		东证期货	5,509		4,180		
2		华闻期货	4,604		2,688		
3		国泰君安	4,354		3,678		
4		浙商期货	4,188		3,762		
5		海通期货	3,968		1,826		
6		国富期货	2,665		2,665		
7		方正中期	2,187		1,163		
8		鲁证期货	1,997		1,705		
9		国信期货	1,902		1,616		
10		光大期货	1,899		1,670		
11		永安期货	1,455		793		
12		中信期货	1,416		1,236		
13		申银万国	1,152		867		
14		五矿经易	1,110		1,038		
15		东海期货	985		234		
16		中信建投	967		848		
17		国海良时	782		444		
18		渤海期货	481		426		
19		锦泰期货	383		383		
20		徽商期货	382		234		
总计				42,386		31,456		

名次		会员简称	持买单量	增减		
1		永安期货	1,496		-110		
2		海通期货	1,162		15		
3		国泰君安	1,032		368		
4		东证期货	1,000		-267		
5		方正中期	917		-535		
6		光大期货	737		358		
7		国海良时	615		6		
8		五矿经易	396		-250		
9		东航期货	366		2		
10		国信期货	348		108		
11		美尔雅期货	291		21		
12		平安期货	280		68		
13		东海期货	274		13		
14		浙商期货	271		-6		
15		申银万国	236		21		
16		中信建投	203		-98		
17		中辉期货	162		-80		
18		中信期货	159		145		
19		鲁证期货	155		114		
20		民生期货	150		150		
总计				10,250		43		

名次		会员简称	持卖单量	增减		
1		鲁证期货	1,614		481		
2		永安期货	1,310		3		
3		天风期货	1,221		206		
4		海通期货	1,114		5		
5		东证期货	1,088		-140		
6		北京首创	899		0		
7		国泰君安	803		230		
8		方正中期	800		-554		
9		渤海期货	708		44		
10		国海良时	600		0		
11		五矿经易	545		-240		
12		光大期货	503		299		
13		和合期货	270		220		
14		浙商期货	220		12		
15		申银万国	189		35		
16		中融汇信	150		0		
17		东吴期货	126		0		
18		中信建投	101		-99		
19		中信期货	87		-115		
20		中投期货	65		0		
总计				12,413		387		



会员类别	总成交量	增减		
期货公司会员	42,386		31,456		

会员类别	总持买单量	增减		
期货公司会员	10,250		43		

会员类别	总持卖单量	增减		
期货公司会员	12,413		387		

