								大连商品交易所 成交量_买持仓_卖持仓排名	

合约代码：cs2101		Date：2020-11-02	

			期货公司会员	

名次		会员简称	成交量		增减		
1		华泰期货	76,091		30,201		
2		东证期货	60,753		28,472		
3		国泰君安	31,954		10,422		
4		国富期货	28,984		12,420		
5		中信期货	14,503		2,584		
6		银河期货	13,124		7,926		
7		海通期货	12,749		8,437		
8		兴证期货	9,727		5,771		
9		永安期货	9,715		7,910		
10		广发期货	9,389		6,581		
11		光大期货	8,454		3,177		
12		中信建投	8,140		5,846		
13		北京首创	8,063		7,217		
14		中辉期货	7,149		3,773		
15		东方财富	6,471		839		
16		宏源期货	6,323		3,664		
17		华闻期货	5,902		2,956		
18		新湖期货	5,722		1,841		
19		东吴期货	5,664		1,286		
20		国投安信	5,621		3,657		
总计				334,498		154,980		

名次		会员简称	持买单量	增减		
1		中粮期货	8,132		711		
2		中信期货	7,781		-1,415		
3		鲁证期货	7,693		-764		
4		永安期货	5,129		-3,886		
5		弘业期货	4,619		1,890		
6		新湖期货	4,455		635		
7		一德期货	4,330		-24		
8		广发期货	3,731		2,389		
9		北京首创	3,650		3,169		
10		国泰君安	3,535		-984		
11		中辉期货	3,378		-187		
12		东证期货	3,011		-450		
13		华融融达	2,524		-13		
14		方正中期	2,364		354		
15		银河期货	2,307		-448		
16		华泰期货	2,247		-1,257		
17		五矿经易	2,031		792		
18		海通期货	2,020		-2,480		
19		宏源期货	1,979		-2,478		
20		国投安信	1,728		523		
总计				76,644		-3,923		

名次		会员简称	持卖单量	增减		
1		中信期货	9,480		530		
2		中粮期货	9,273		-490		
3		国金期货	7,947		4		
4		金瑞期货	7,753		139		
5		国泰君安	6,552		616		
6		华泰期货	3,774		1,780		
7		东证期货	3,719		-1,329		
8		兴证期货	3,580		934		
9		中融汇信	3,576		-736		
10		鲁证期货	3,101		198		
11		国投安信	2,982		-646		
12		平安期货	2,981		-300		
13		永安期货	2,729		-953		
14		宏源期货	2,505		169		
15		南华期货	2,335		1,929		
16		方正中期	2,149		-293		
17		光大期货	2,131		-217		
18		申银万国	2,124		-72		
19		华安期货	2,053		-1,783		
20		华西期货	1,723		1,049		
总计				82,467		529		



会员类别	总成交量	增减		
期货公司会员	334,498		154,980		

会员类别	总持买单量	增减		
期货公司会员	76,644		-3,923		

会员类别	总持卖单量	增减		
期货公司会员	82,467		529		

