								大连商品交易所 成交量_买持仓_卖持仓排名	

合约代码：j2101		Date：2020-11-02	

			期货公司会员	

名次		会员简称	成交量		增减		
1		东证期货	58,051		3,757		
2		国富期货	32,511		-1,688		
3		中信期货	17,186		-8,181		
4		国泰君安	17,068		-2,064		
5		光大期货	15,430		-1,785		
6		银河期货	11,467		-1,399		
7		海通期货	10,975		-3,878		
8		申银万国	10,516		-1,941		
9		中辉期货	9,627		-2,425		
10		永安期货	9,571		2,320		
11		华泰期货	9,454		-793		
12		上海大陆	9,172		-751		
13		方正中期	8,855		-2,695		
14		山西三立	8,622		-2,496		
15		东吴期货	8,482		809		
16		徽商期货	8,356		-844		
17		华闻期货	7,236		704		
18		一德期货	6,708		2,511		
19		先锋期货	6,608		324		
20		华安期货	6,523		183		
总计				272,418		-20,332		

名次		会员简称	持买单量	增减		
1		东证期货	15,892		-2,281		
2		中信期货	11,623		112		
3		国泰君安	8,158		-1,923		
4		国富期货	6,755		-2,287		
5		海通期货	5,959		-561		
6		华泰期货	5,580		-116		
7		永安期货	5,400		603		
8		东海期货	4,984		206		
9		银河期货	4,927		-425		
10		申银万国	4,722		262		
11		兴证期货	4,563		99		
12		中信建投	4,549		800		
13		徽商期货	4,206		1,236		
14		中辉期货	3,842		-163		
15		光大期货	3,562		-369		
16		瑞达期货	3,272		942		
17		中粮期货	3,246		1,004		
18		方正中期	3,129		-62		
19		宏源期货	2,790		275		
20		国投安信	2,531		-100		
总计				109,690		-2,748		

名次		会员简称	持卖单量	增减		
1		东证期货	14,947		-2,114		
2		中信期货	14,611		-58		
3		华泰期货	7,943		-372		
4		国富期货	7,136		-2,152		
5		银河期货	5,998		-262		
6		永安期货	5,842		428		
7		中辉期货	4,425		182		
8		申银万国	4,369		754		
9		浙商期货	4,060		182		
10		中信建投	3,505		379		
11		新纪元期货	3,479		514		
12		光大期货	3,441		-65		
13		方正中期	3,129		41		
14		天风期货	3,039		213		
15		国泰君安	2,926		-1,041		
16		国投安信	2,887		391		
17		山西三立	2,797		22		
18		一德期货	2,763		-1,430		
19		海通期货	2,754		-526		
20		弘业期货	2,736		767		
总计				102,787		-4,147		



会员类别	总成交量	增减		
期货公司会员	272,418		-20,332		

会员类别	总持买单量	增减		
期货公司会员	109,690		-2,748		

会员类别	总持卖单量	增减		
期货公司会员	102,787		-4,147		

