								大连商品交易所 成交量_买持仓_卖持仓排名	

合约代码：l2105		Date：2020-11-02	

			期货公司会员	

名次		会员简称	成交量		增减		
1		东证期货	5,975		2,413		
2		银河期货	5,283		4,489		
3		弘业期货	3,843		2,254		
4		永安期货	2,799		1,709		
5		中信期货	2,655		301		
6		华泰期货	2,560		1,307		
7		国信期货	2,520		1,320		
8		华安期货	2,082		795		
9		一德期货	1,632		1,458		
10		国投安信	1,543		806		
11		国泰君安	1,407		-750		
12		海证期货	1,252		850		
13		中国国际	1,250		756		
14		宏源期货	1,110		589		
15		美尔雅期货	986		446		
16		上海大陆	978		473		
17		先锋期货	919		705		
18		华融融达	862		305		
19		前海期货	802		801		
20		华金期货	779		705		
总计				41,237		21,732		

名次		会员简称	持买单量	增减		
1		国投安信	2,187		-360		
2		华金期货	2,108		323		
3		东证期货	1,869		680		
4		华泰期货	1,484		-794		
5		鲁证期货	1,466		1		
6		中信期货	1,458		8		
7		中粮期货	1,456		-47		
8		永安期货	1,026		-327		
9		华安期货	988		-530		
10		银河期货	931		-575		
11		信达期货	927		-19		
12		大地期货	819		-75		
13		一德期货	799		580		
14		中辉期货	770		-66		
15		海通期货	700		-50		
16		浙商期货	636		10		
17		浙江新世纪	603		104		
18		国泰君安	602		-127		
19		东航期货	583		27		
20		国信期货	572		-166		
总计				21,984		-1,403		

名次		会员简称	持卖单量	增减		
1		银河期货	4,382		3,948		
2		中信期货	4,110		-933		
3		国信期货	3,371		2,308		
4		华泰期货	1,804		310		
5		东海期货	1,522		2		
6		光大期货	1,447		35		
7		中粮期货	1,391		52		
8		一德期货	1,170		-1,000		
9		方正中期	1,057		104		
10		平安期货	979		42		
11		中国国际	934		6		
12		永安期货	797		-1,950		
13		宏源期货	794		28		
14		建信期货	694		-9		
15		信达期货	684		3		
16		美尔雅期货	542		244		
17		中信建投	533		-135		
18		先锋期货	509		506		
19		五矿经易	495		36		
20		招商期货	447		-18		
总计				27,662		3,579		



会员类别	总成交量	增减		
期货公司会员	41,237		21,732		

会员类别	总持买单量	增减		
期货公司会员	21,984		-1,403		

会员类别	总持卖单量	增减		
期货公司会员	27,662		3,579		

