								大连商品交易所 成交量_买持仓_卖持仓排名	

合约代码：c2109		Date：2020-11-02	

			期货公司会员	

名次		会员简称	成交量		增减		
1		金瑞期货	5,149		2,027		
2		光大期货	4,955		1,034		
3		创元期货	3,779		2,097		
4		华闻期货	3,086		1,612		
5		一德期货	2,576		162		
6		安粮期货	2,470		2,157		
7		永安期货	2,405		-464		
8		国泰君安	2,252		1,918		
9		海证期货	1,781		1,682		
10		东证期货	1,689		394		
11		中天期货	1,602		1,050		
12		宏源期货	1,553		-11		
13		方正中期	1,331		494		
14		华融融达	1,268		1,249		
15		海通期货	1,210		1,031		
16		徽商期货	1,184		346		
17		东吴期货	1,182		742		
18		东航期货	1,136		754		
19		平安期货	1,106		-86		
20		冠通期货	1,066		38		
总计				42,780		18,226		

名次		会员简称	持买单量	增减		
1		鲁证期货	31,296		-13		
2		建信期货	12,844		245		
3		国泰君安	6,656		-95		
4		中信建投	6,205		141		
5		一德期货	4,456		2,305		
6		国富期货	3,722		7		
7		华融融达	2,136		-499		
8		混沌天成	2,012		1,008		
9		徽商期货	1,791		-140		
10		华安期货	1,759		-129		
11		金瑞期货	1,573		836		
12		东吴期货	1,534		-945		
13		银河期货	1,522		98		
14		福能期货	1,509		626		
15		中州期货	1,493		451		
16		华泰期货	1,180		-59		
17		中粮期货	1,058		-184		
18		瑞达期货	871		182		
19		华闻期货	830		-146		
20		华金期货	790		30		
总计				85,237		3,719		

名次		会员简称	持卖单量	增减		
1		永安期货	21,738		1,193		
2		海证期货	9,377		1,469		
3		光大期货	7,594		1,481		
4		中信期货	6,654		-197		
5		华融融达	5,828		37		
6		国泰君安	4,489		1,329		
7		五矿经易	4,202		-6		
8		国投安信	2,993		-220		
9		东证期货	2,963		-399		
10		浙商期货	2,961		-1		
11		兴证期货	2,544		3		
12		信达期货	2,143		-45		
13		北京首创	2,131		4		
14		长江期货	2,107		-16		
15		美尔雅期货	1,535		-14		
16		东航期货	1,524		453		
17		方正中期	1,209		54		
18		徽商期货	842		102		
19		国富期货	823		-2		
20		海通期货	807		-236		
总计				84,464		4,989		



会员类别	总成交量	增减		
期货公司会员	42,780		18,226		

会员类别	总持买单量	增减		
期货公司会员	85,237		3,719		

会员类别	总持卖单量	增减		
期货公司会员	84,464		4,989		

