								大连商品交易所 成交量_买持仓_卖持仓排名	

合约代码：b2102		Date：2020-11-02	

			期货公司会员	

名次		会员简称	成交量		增减		
1		华泰期货	16,978		-6,259		
2		光大期货	5,851		-3,535		
3		华闻期货	4,658		222		
4		弘业期货	4,022		878		
5		海通期货	3,086		-853		
6		国投安信	2,930		-344		
7		方正中期	2,826		-373		
8		国海良时	2,606		348		
9		五矿经易	2,508		-4,456		
10		渤海期货	1,884		-2,423		
11		国信期货	1,593		1,543		
12		申银万国	1,426		1,219		
13		南华期货	1,414		-500		
14		东证期货	1,405		-390		
15		安粮期货	776		317		
16		金瑞期货	627		158		
17		大有期货	625		604		
18		国泰君安	520		151		
19		国富期货	445		-40		
20		天风期货	365		-117		
总计				56,545		-13,850		

名次		会员简称	持买单量	增减		
1		申银万国	3,879		-710		
2		国投安信	1,806		-5		
3		海通期货	1,460		-72		
4		光大期货	1,400		-569		
5		五矿经易	1,123		0		
6		南华期货	1,002		2		
7		弘业期货	511		-4		
8		中信建投	507		1		
9		国海良时	347		-347		
10		方正中期	345		-333		
11		渤海期货	271		130		
12		永安期货	206		-5		
13		华泰期货	206		39		
14		国泰君安	127		45		
15		中粮期货	124		-5		
16		华西期货	100		0		
17		东方财富	86		23		
18		中原期货	60		-17		
19		华融融达	58		2		
20		国元期货	32		0		
总计				13,650		-1,825		

名次		会员简称	持卖单量	增减		
1		申银万国	3,843		-698		
2		国投安信	1,857		5		
3		海通期货	1,488		-68		
4		光大期货	1,370		-610		
5		五矿经易	1,123		0		
6		南华期货	1,011		4		
7		弘业期货	504		-14		
8		国海良时	418		-403		
9		方正中期	323		-339		
10		渤海期货	249		96		
11		中信期货	237		128		
12		国泰君安	228		101		
13		新湖期货	172		5		
14		徽商期货	167		-117		
15		平安期货	128		67		
16		华泰期货	81		-25		
17		红塔期货	79		46		
18		东证期货	71		35		
19		华安期货	64		-6		
20		浙商期货	63		-50		
总计				13,476		-1,843		



会员类别	总成交量	增减		
期货公司会员	56,545		-13,850		

会员类别	总持买单量	增减		
期货公司会员	13,650		-1,825		

会员类别	总持卖单量	增减		
期货公司会员	13,476		-1,843		

