								大连商品交易所 成交量_买持仓_卖持仓排名	

合约代码：m2109		Date：2020-11-02	

			期货公司会员	

名次		会员简称	成交量		增减		
1		东证期货	27,475		93		
2		国泰君安	7,517		-1,629		
3		光大期货	6,580		-2,888		
4		迈科期货	6,449		-3,163		
5		安粮期货	5,938		-345		
6		海通期货	4,357		-1,554		
7		美尔雅期货	3,588		-7,615		
8		中天期货	3,495		-2,955		
9		永安期货	2,249		-76		
10		招金期货	2,211		-968		
11		宏源期货	2,166		-1,311		
12		浙商期货	2,030		617		
13		国富期货	1,769		1,024		
14		方正中期	1,751		-952		
15		先锋期货	1,520		947		
16		浙江新世纪	1,459		753		
17		华闻期货	1,459		-2,576		
18		金石期货	1,403		462		
19		徽商期货	1,363		-156		
20		新湖期货	1,317		-494		
总计				86,096		-22,786		

名次		会员简称	持买单量	增减		
1		永安期货	11,766		690		
2		海通期货	11,747		11		
3		华闻期货	11,656		-28		
4		安粮期货	10,976		-941		
5		美尔雅期货	9,017		3,394		
6		格林大华	8,506		115		
7		华泰期货	8,007		514		
8		中粮期货	7,371		-134		
9		大地期货	4,987		104		
10		长江期货	4,967		132		
11		江苏东华	4,014		-10		
12		浙商期货	3,686		-593		
13		东证期货	3,493		-75		
14		申银万国	3,408		17		
15		方正中期	3,304		721		
16		中信期货	3,278		171		
17		国富期货	3,169		22		
18		中辉期货	3,059		316		
19		华金期货	2,985		-81		
20		光大期货	2,896		540		
总计				122,292		4,885		

名次		会员简称	持卖单量	增减		
1		摩根大通	57,633		506		
2		永安期货	24,180		219		
3		中粮期货	18,351		12		
4		银河期货	17,689		370		
5		国投安信	9,758		171		
6		新湖期货	8,571		113		
7		平安期货	7,733		-2		
8		五矿经易	5,704		23		
9		一德期货	5,542		-108		
10		华泰期货	5,442		101		
11		北京首创	3,871		3		
12		宏源期货	3,489		-764		
13		国富期货	2,966		1,391		
14		国元期货	2,319		1		
15		中天期货	2,197		69		
16		国泰君安	1,951		-187		
17		招金期货	1,693		1,019		
18		南华期货	1,327		0		
19		中信期货	1,297		92		
20		弘业期货	1,270		4		
总计				182,983		3,033		



会员类别	总成交量	增减		
期货公司会员	86,096		-22,786		

会员类别	总持买单量	增减		
期货公司会员	122,292		4,885		

会员类别	总持卖单量	增减		
期货公司会员	182,983		3,033		

