								大连商品交易所 成交量_买持仓_卖持仓排名	

合约代码：i2201		Date：2021-06-18	

			期货公司会员	

名次		会员简称	成交量		增减		
1		东吴期货	8,119		1,893		
2		申银万国	7,790		2,573		
3		国泰君安	7,524		3,824		
4		中信期货	6,691		2,280		
5		海通期货	6,263		556		
6		光大期货	6,117		1,552		
7		东证期货	5,628		862		
8		南华期货	5,417		2,526		
9		永安期货	5,079		3,778		
10		一德期货	4,222		1,821		
11		国富期货	3,344		1,372		
12		华泰期货	2,476		1,289		
13		徽商期货	2,251		273		
14		宏源期货	2,109		444		
15		华安期货	1,917		511		
16		金瑞期货	1,749		715		
17		中财期货	1,651		481		
18		国联期货	1,585		1,114		
19		浙商期货	1,482		341		
20		方正中期	1,439		80		
总计				82,853		28,285		

名次		会员简称	持买单量	增减		
1		申银万国	11,890		751		
2		海通期货	4,447		11		
3		一德期货	4,067		753		
4		冠通期货	4,039		-3		
5		国泰君安	3,586		-2,087		
6		永安期货	3,239		354		
7		东证期货	2,896		51		
8		中辉期货	2,657		44		
9		西南期货	2,606		10		
10		东吴期货	2,342		662		
11		中信期货	2,228		404		
12		道通期货	1,980		0		
13		大通期货	1,957		0		
14		浙商期货	1,838		32		
15		瑞达期货	1,678		76		
16		华泰期货	1,376		-38		
17		海证期货	1,347		75		
18		新湖期货	1,321		-39		
19		大地期货	1,192		-21		
20		鲁证期货	1,045		-136		
总计				57,731		899		

名次		会员简称	持卖单量	增减		
1		浙商期货	7,762		60		
2		申银万国	4,136		813		
3		永安期货	3,998		1,757		
4		东证期货	3,285		19		
5		广发期货	3,050		373		
6		中辉期货	2,680		118		
7		国泰君安	2,631		-193		
8		一德期货	2,526		-185		
9		国投安信	2,498		-18		
10		东吴期货	2,181		181		
11		大有期货	1,901		-51		
12		新湖期货	1,867		71		
13		瑞达期货	1,823		-90		
14		方正中期	1,745		-44		
15		华泰期货	1,581		-104		
16		鲁证期货	1,484		-78		
17		南华期货	1,442		156		
18		宏源期货	1,395		276		
19		金石期货	1,392		-111		
20		大地期货	1,389		10		
总计				50,766		2,960		



会员类别	总成交量	增减		
期货公司会员	82,853		28,285		

会员类别	总持买单量	增减		
期货公司会员	57,731		899		

会员类别	总持卖单量	增减		
期货公司会员	50,766		2,960		

