								大连商品交易所 成交量_买持仓_卖持仓排名	

合约代码：c2201		Date：2021-06-18	

			期货公司会员	

名次		会员简称	成交量		增减		
1		东证期货	48,950		22,727		
2		华泰期货	30,501		20,531		
3		中信期货	24,974		10,329		
4		国泰君安	17,960		12,363		
5		国富期货	11,536		6,316		
6		中粮期货	10,946		8,078		
7		申银万国	9,889		5,831		
8		中天期货	8,120		7,724		
9		永安期货	7,810		5,108		
10		北京首创	7,421		6,969		
11		国海良时	5,660		3,199		
12		先锋期货	5,643		2,332		
13		国信期货	5,217		4,616		
14		光大期货	4,956		3,082		
15		金瑞期货	4,049		1,517		
16		五矿经易	3,940		3,018		
17		银河期货	3,504		1,923		
18		中辉期货	3,483		2,630		
19		宏源期货	3,278		1,612		
20		华闻期货	3,222		2,567		
总计				221,059		132,472		

名次		会员简称	持买单量	增减		
1		永安期货	21,585		2,759		
2		南华期货	16,546		243		
3		中粮期货	16,514		-2,512		
4		北京首创	13,954		6,476		
5		光大期货	11,846		-469		
6		五矿经易	9,781		482		
7		中信期货	7,877		2,244		
8		华泰期货	7,589		1,684		
9		国投安信	6,902		-423		
10		华融融达	4,763		282		
11		摩根大通	4,294		0		
12		东证期货	3,962		1,945		
13		国泰君安	3,571		1,009		
14		中融汇信	3,391		143		
15		广发期货	3,056		-13		
16		和合期货	2,613		-100		
17		招金期货	2,566		125		
18		鲁证期货	2,546		1,168		
19		东兴期货	1,903		95		
20		浙商期货	1,857		-352		
总计				147,116		14,786		

名次		会员简称	持卖单量	增减		
1		国泰君安	28,056		2,169		
2		中信期货	19,924		-58		
3		国贸期货	15,553		940		
4		国信期货	7,196		-50		
5		华泰期货	5,531		-1,299		
6		光大期货	5,034		-57		
7		国投安信	4,761		617		
8		国富期货	4,386		50		
9		平安期货	4,246		157		
10		东证期货	3,565		1,455		
11		浙商期货	3,533		160		
12		中粮期货	2,863		1,826		
13		先锋期货	2,813		598		
14		永安期货	2,663		99		
15		北京首创	2,646		-493		
16		招商期货	2,551		313		
17		徽商期货	2,403		1,397		
18		东航期货	2,312		169		
19		北京金鹏	2,094		303		
20		中辉期货	2,000		548		
总计				124,130		8,844		



会员类别	总成交量	增减		
期货公司会员	221,059		132,472		

会员类别	总持买单量	增减		
期货公司会员	147,116		14,786		

会员类别	总持卖单量	增减		
期货公司会员	124,130		8,844		

