								大连商品交易所 成交量_买持仓_卖持仓排名	

合约代码：l2112		Date：2021-06-18	

			期货公司会员	

名次		会员简称	成交量		增减		
1		华闻期货	1,840		-328		
2		方正中期	458		4		
3		国海良时	450		90		
4		国泰君安	409		-50		
5		国元期货	396		44		
6		长江期货	376		33		
7		中信期货	312		44		
8		申银万国	299		-27		
9		招商期货	291		46		
10		东证期货	256		5		
11		浙商期货	246		4		
12		五矿经易	238		-27		
13		平安期货	211		189		
14		光大期货	181		25		
15		徽商期货	153		-23		
16		海通期货	100		-8		
17		金瑞期货	88		82		
18		弘业期货	72		72		
19		中天期货	58		-34		
20		建信期货	26		23		
总计				6,460		164		

名次		会员简称	持买单量	增减		
1		申银万国	1,960		5		
2		浙商期货	1,827		-1		
3		五矿经易	1,697		43		
4		招商期货	1,683		-14		
5		东证期货	1,602		-2		
6		海证期货	1,500		6		
7		国泰君安	1,428		44		
8		国元期货	1,168		183		
9		国海良时	1,149		-6		
10		锦泰期货	978		12		
11		长江期货	957		2		
12		方正中期	848		0		
13		宏源期货	136		0		
14		平安期货	89		-2		
15		光大期货	42		4		
16		国投安信	37		-1		
17		中信期货	36		-4		
18		安粮期货	27		0		
19		先锋期货	21		0		
20		大地期货	21		0		
总计				17,206		269		

名次		会员简称	持卖单量	增减		
1		申银万国	1,950		-2		
2		浙商期货	1,800		-1		
3		五矿经易	1,708		55		
4		招商期货	1,699		-1		
5		东证期货	1,611		-4		
6		海证期货	1,484		8		
7		国泰君安	1,400		43		
8		国元期货	1,151		189		
9		国海良时	1,149		-6		
10		锦泰期货	956		12		
11		长江期货	951		0		
12		方正中期	843		0		
13		兴证期货	125		0		
14		美尔雅期货	89		0		
15		瑞达期货	89		0		
16		新湖期货	58		0		
17		金石期货	44		0		
18		国信期货	41		-2		
19		徽商期货	36		36		
20		中天期货	35		32		
总计				17,219		359		



会员类别	总成交量	增减		
期货公司会员	6,460		164		

会员类别	总持买单量	增减		
期货公司会员	17,206		269		

会员类别	总持卖单量	增减		
期货公司会员	17,219		359		

