								大连商品交易所 成交量_买持仓_卖持仓排名	

合约代码：i2202		Date：2021-06-18	

			期货公司会员	

名次		会员简称	成交量		增减		
1		东证期货	2,891		1,152		
2		申银万国	2,149		1,635		
3		中财期货	1,426		702		
4		国泰君安	1,220		267		
5		格林大华	1,144		1,106		
6		中信期货	1,058		622		
7		光大期货	914		302		
8		浙商期货	699		-175		
9		宏源期货	579		-67		
10		招商期货	543		252		
11		方正中期	481		210		
12		国海良时	450		130		
13		渤海期货	436		252		
14		海通期货	418		190		
15		锦泰期货	400		308		
16		永安期货	358		210		
17		华泰期货	272		184		
18		银河期货	236		-203		
19		南华期货	224		179		
20		华融融达	201		-140		
总计				16,099		7,116		

名次		会员简称	持买单量	增减		
1		申银万国	6,715		-526		
2		方正中期	5,472		0		
3		弘业期货	4,138		19		
4		国泰君安	4,089		2		
5		银河期货	3,982		-32		
6		中信期货	3,372		333		
7		国信期货	2,716		0		
8		光大期货	2,679		-5		
9		物产中大	2,188		-4		
10		华安期货	2,181		5		
11		国海良时	2,063		31		
12		冠通期货	2,023		-5		
13		华融融达	1,882		8		
14		格林大华	1,868		554		
15		创元期货	1,720		-12		
16		招商期货	1,712		-1		
17		中财期货	1,681		57		
18		海通期货	1,679		-12		
19		东吴期货	1,645		-14		
20		信达期货	1,625		20		
总计				55,430		418		

名次		会员简称	持卖单量	增减		
1		申银万国	6,929		-919		
2		方正中期	5,461		-1		
3		国泰君安	4,201		38		
4		弘业期货	4,162		18		
5		银河期货	3,921		-20		
6		中信期货	3,270		329		
7		光大期货	2,683		-13		
8		国信期货	2,662		-1		
9		浙商期货	2,237		60		
10		物产中大	2,193		-1		
11		华安期货	2,175		-3		
12		国海良时	2,066		21		
13		冠通期货	2,018		-1		
14		华融融达	1,881		7		
15		格林大华	1,863		556		
16		招商期货	1,744		-4		
17		海通期货	1,683		-20		
18		创元期货	1,621		0		
19		东吴期货	1,609		2		
20		中财期货	1,590		57		
总计				55,969		105		



会员类别	总成交量	增减		
期货公司会员	16,099		7,116		

会员类别	总持买单量	增减		
期货公司会员	55,430		418		

会员类别	总持卖单量	增减		
期货公司会员	55,969		105		

