								大连商品交易所 成交量_买持仓_卖持仓排名	

合约代码：m2201		Date：2021-06-18	

			期货公司会员	

名次		会员简称	成交量		增减		
1		东证期货	164,685		56,942		
2		华泰期货	75,346		27,875		
3		国泰君安	56,398		21,305		
4		中信期货	50,764		19,009		
5		光大期货	34,438		14,601		
6		国富期货	34,174		8,194		
7		格林大华	33,185		19,274		
8		申银万国	28,316		18,460		
9		东海期货	23,981		9,934		
10		国投安信	23,634		18,062		
11		海通期货	20,009		13,079		
12		宏源期货	18,867		13,146		
13		银河期货	17,274		7,921		
14		国盛期货	13,380		8,254		
15		广发期货	12,903		8,703		
16		摩根大通	12,448		8,208		
17		五矿经易	11,803		9,696		
18		中粮期货	10,503		6,191		
19		东吴期货	10,260		4,233		
20		永安期货	9,707		6,062		
总计				662,075		299,149		

名次		会员简称	持买单量	增减		
1		广发期货	36,890		-2,232		
2		中粮期货	30,016		-1,053		
3		摩根大通	28,905		-8,892		
4		银河期货	26,833		4,225		
5		国投安信	25,131		13,033		
6		新湖期货	20,115		2,926		
7		海通期货	17,785		6,619		
8		东证期货	17,250		4,932		
9		永安期货	14,334		-580		
10		中国国际	14,104		-820		
11		创元期货	11,677		-1,989		
12		中信期货	11,393		-515		
13		国泰君安	10,988		-6,673		
14		光大期货	9,249		79		
15		华泰期货	8,942		-155		
16		南华期货	8,782		-1,383		
17		一德期货	8,201		987		
18		申银万国	7,373		1,080		
19		浙商期货	7,338		505		
20		北京首创	6,543		863		
总计				321,849		10,957		

名次		会员简称	持卖单量	增减		
1		中粮期货	31,906		-614		
2		中信期货	26,996		467		
3		国信期货	25,210		-108		
4		一德期货	17,770		-123		
5		南华期货	17,219		425		
6		国泰君安	16,924		4,437		
7		国投安信	16,666		91		
8		光大期货	15,588		-1,341		
9		东证期货	15,357		1,851		
10		永安期货	14,598		329		
11		五矿经易	14,485		-2,920		
12		银河期货	13,778		-175		
13		浙商期货	10,435		143		
14		宏源期货	10,348		5		
15		海证期货	8,697		399		
16		海通期货	8,493		544		
17		新湖期货	8,194		-85		
18		华泰期货	7,604		529		
19		鲁证期货	7,238		125		
20		国富期货	7,165		3,931		
总计				294,671		7,910		



会员类别	总成交量	增减		
期货公司会员	662,075		299,149		

会员类别	总持买单量	增减		
期货公司会员	321,849		10,957		

会员类别	总持卖单量	增减		
期货公司会员	294,671		7,910		

