								大连商品交易所 成交量_买持仓_卖持仓排名	

合约代码：m2109		Date：2021-06-18	

			期货公司会员	

名次		会员简称	成交量		增减		
1		东证期货	516,498		107,347		
2		华泰期货	299,812		22,185		
3		中信期货	259,927		84,685		
4		国富期货	182,905		59,833		
5		海通期货	158,829		65,665		
6		国泰君安	138,887		44,780		
7		华西期货	87,194		8,165		
8		兴证期货	64,746		-1,695		
9		申银万国	61,100		-18,845		
10		银河期货	51,893		25,532		
11		国投安信	50,386		13,535		
12		方正中期	48,943		16,191		
13		光大期货	46,929		9,589		
14		格林大华	44,058		26,178		
15		中粮期货	42,001		16,667		
16		冠通期货	36,013		32,932		
17		新湖期货	33,994		-541		
18		浙商期货	33,985		10,674		
19		宏源期货	33,540		11,974		
20		东海期货	28,786		11,313		
总计				2,220,426	546,164		

名次		会员简称	持买单量	增减		
1		中信期货	105,627		-1,447		
2		永安期货	66,526		-2,131		
3		中粮期货	65,277		3,120		
4		摩根大通	61,434		2,437		
5		国泰君安	49,982		-6,856		
6		平安期货	46,911		3,058		
7		东证期货	38,989		704		
8		广发期货	38,941		-4,338		
9		申银万国	28,727		1,705		
10		国投安信	27,713		-390		
11		兴证期货	27,149		-85		
12		银河期货	26,014		-2,959		
13		浙商期货	25,020		1,183		
14		华泰期货	24,703		-1,058		
15		海证期货	22,546		-1,943		
16		光大期货	21,754		-803		
17		一德期货	19,168		-5,892		
18		海通期货	18,868		-4,748		
19		五矿经易	17,175		55		
20		南华期货	17,039		-504		
总计				749,563		-20,892		

名次		会员简称	持卖单量	增减		
1		国投安信	104,754		-9,640		
2		国泰君安	90,547		-6,657		
3		摩根大通	81,743		-4,200		
4		中粮期货	69,050		-8,649		
5		南华期货	68,182		-774		
6		中信期货	66,603		4,086		
7		一德期货	44,675		-1,136		
8		永安期货	40,446		-82		
9		东证期货	34,557		-1,690		
10		宏源期货	33,205		-530		
11		国信期货	30,182		-384		
12		信达期货	24,874		4,186		
13		广发期货	24,011		1,340		
14		新湖期货	23,825		-2,391		
15		海通期货	22,716		-1,307		
16		华泰期货	20,572		974		
17		银河期货	16,945		298		
18		五矿经易	16,079		-2,888		
19		瑞达期货	15,504		1,447		
20		鲁证期货	14,511		-11,100		
总计				842,981		-39,097		



会员类别	总成交量	增减		
期货公司会员	2,220,426	546,164		

会员类别	总持买单量	增减		
期货公司会员	749,563		-20,892		

会员类别	总持卖单量	增减		
期货公司会员	842,981		-39,097		

