								大连商品交易所 成交量_买持仓_卖持仓排名	

合约代码：jd2108		Date：2021-06-18	

			期货公司会员	

名次		会员简称	成交量		增减		
1		东证期货	7,580		2,164		
2		华闻期货	2,431		517		
3		光大期货	2,215		787		
4		中财期货	1,785		1,244		
5		方正中期	1,729		1,090		
6		申银万国	1,444		-19		
7		银河期货	1,376		338		
8		华安期货	1,239		39		
9		招金期货	1,236		1,096		
10		中信期货	1,221		597		
11		海通期货	1,130		150		
12		徽商期货	1,072		-454		
13		国富期货	994		44		
14		宏源期货	828		-261		
15		上海大陆	804		109		
16		中信建投	801		280		
17		美尔雅期货	775		-2		
18		先锋期货	690		229		
19		安粮期货	673		473		
20		东吴期货	657		431		
总计				30,680		8,852		

名次		会员简称	持买单量	增减		
1		中财期货	2,623		400		
2		海证期货	1,696		143		
3		中信期货	1,437		371		
4		方正中期	1,352		-326		
5		中辉期货	1,300		-73		
6		徽商期货	1,297		53		
7		一德期货	1,274		-28		
8		中信建投	1,129		-91		
9		光大期货	974		8		
10		华安期货	941		188		
11		北京首创	928		251		
12		中衍期货	894		443		
13		华闻期货	762		-28		
14		上海大陆	719		114		
15		永安期货	704		-289		
16		汇鑫期货	687		4		
17		九州期货	661		0		
18		鲁证期货	657		-206		
19		东吴期货	636		-10		
20		物产中大	625		-9		
总计				21,296		915		

名次		会员简称	持卖单量	增减		
1		长江期货	2,043		-67		
2		银河期货	1,892		-25		
3		中信建投	1,739		-174		
4		格林大华	1,547		39		
5		海通期货	1,300		-25		
6		东吴期货	1,151		-41		
7		宏源期货	1,104		93		
8		中财期货	1,000		483		
9		中银期货	957		25		
10		方正中期	951		-365		
11		上海大陆	928		274		
12		渤海期货	898		-67		
13		广发期货	839		-19		
14		宁证期货	828		6		
15		浙商期货	826		-172		
16		南华期货	789		257		
17		徽商期货	782		-109		
18		物产中大	725		-22		
19		中辉期货	718		160		
20		国泰君安	681		-72		
总计				21,698		179		



会员类别	总成交量	增减		
期货公司会员	30,680		8,852		

会员类别	总持买单量	增减		
期货公司会员	21,296		915		

会员类别	总持卖单量	增减		
期货公司会员	21,698		179		

