								大连商品交易所 成交量_买持仓_卖持仓排名	

合约代码：eb2107		Date：2021-06-18	

			期货公司会员	

名次		会员简称	成交量		增减		
1		东证期货	86,179		2,942		
2		国泰君安	31,120		10,398		
3		中信期货	25,180		-3,208		
4		国富期货	23,479		-58		
5		海通期货	22,727		4,863		
6		方正中期	14,092		-3,485		
7		银河期货	13,086		-1,861		
8		申银万国	11,560		1,558		
9		华泰期货	11,263		1,411		
10		徽商期货	11,146		-859		
11		兴证期货	10,452		-169		
12		华闻期货	9,091		-3,839		
13		东吴期货	7,240		-2,152		
14		南华期货	6,171		-880		
15		光大期货	6,148		-1,116		
16		浙商期货	5,709		884		
17		东方财富	4,826		-1,141		
18		国海良时	4,461		-1,786		
19		永安期货	3,890		-2,722		
20		中辉期货	3,802		-346		
总计				311,622		-1,566		

名次		会员简称	持买单量	增减		
1		中信期货	6,736		-1,439		
2		申银万国	6,311		-1,468		
3		国泰君安	3,926		-282		
4		浙商期货	3,481		245		
5		永安期货	2,868		-549		
6		银河期货	2,639		185		
7		华泰期货	2,102		-1,872		
8		中财期货	1,815		-42		
9		东证期货	1,683		-450		
10		东吴期货	1,460		197		
11		海通期货	1,314		723		
12		光大期货	1,107		-282		
13		东海期货	1,065		574		
14		中辉期货	993		41		
15		南华期货	889		-43		
16		国投安信	870		-117		
17		平安期货	850		-383		
18		瑞达期货	816		-247		
19		兴证期货	791		-166		
20		建信期货	762		-6		
总计				42,478		-5,381		

名次		会员简称	持卖单量	增减		
1		国泰君安	4,500		-928		
2		华泰期货	2,676		-221		
3		中信期货	2,530		-37		
4		信达期货	2,281		-474		
5		国海良时	2,254		-621		
6		银河期货	2,149		-1,003		
7		广发期货	2,128		-319		
8		东吴期货	1,714		239		
9		宏源期货	1,691		-98		
10		方正中期	1,589		86		
11		东证期货	1,417		-719		
12		鲁证期货	1,361		-170		
13		浙商期货	1,219		-1,342		
14		南华期货	1,151		338		
15		中财期货	1,062		-95		
16		兴证期货	1,044		-470		
17		海证期货	1,023		57		
18		中粮期货	989		-11		
19		永安期货	989		-329		
20		金元期货	929		-186		
总计				34,696		-6,303		



会员类别	总成交量	增减		
期货公司会员	311,622		-1,566		

会员类别	总持买单量	增减		
期货公司会员	42,478		-5,381		

会员类别	总持卖单量	增减		
期货公司会员	34,696		-6,303		

