								大连商品交易所 成交量_买持仓_卖持仓排名	

合约代码：c2107		Date：2021-06-18	

			期货公司会员	

名次		会员简称	成交量		增减		
1		金瑞期货	2,174		2,074		
2		徽商期货	1,456		-137		
3		中粮期货	1,315		-478		
4		中信期货	965		-1,694		
5		光大期货	876		-281		
6		国贸期货	667		575		
7		国投安信	649		-148		
8		东吴期货	484		376		
9		国富期货	460		446		
10		鲁证期货	423		-493		
11		华泰期货	357		177		
12		国泰君安	337		145		
13		创元期货	316		95		
14		华安期货	298		124		
15		国信期货	275		153		
16		宝城期货	270		270		
17		金元期货	247		207		
18		华闻期货	242		-200		
19		永安期货	231		-235		
20		天风期货	202		202		
总计				12,244		1,178		

名次		会员简称	持买单量	增减		
1		平安期货	2,130		2		
2		中信期货	1,945		-683		
3		永安期货	1,265		-140		
4		国投安信	1,116		97		
5		银河期货	866		1		
6		一德期货	555		-149		
7		光大期货	503		-469		
8		东证期货	383		0		
9		中国国际	268		0		
10		国泰君安	200		106		
11		东航期货	181		-3		
12		中粮期货	178		-50		
13		海证期货	170		-1		
14		华泰期货	109		21		
15		创元期货	108		-5		
16		华安期货	107		14		
17		南华期货	107		-5		
18		民生期货	94		2		
19		北京首创	83		56		
20		盛达期货	82		0		
总计				10,450		-1,206		

名次		会员简称	持卖单量	增减		
1		国投安信	2,046		-514		
2		中信期货	1,906		-204		
3		广州金控	1,122		200		
4		银河期货	1,062		-5		
5		先锋期货	664		-41		
6		光大期货	417		-85		
7		国泰君安	404		7		
8		徽商期货	356		30		
9		宝城期货	264		258		
10		国富期货	255		-250		
11		华安期货	239		0		
12		华泰期货	215		-12		
13		中州期货	200		0		
14		东航期货	184		1		
15		一德期货	164		0		
16		盛达期货	144		0		
17		国元期货	138		10		
18		民生期货	111		0		
19		东证期货	111		3		
20		海证期货	98		-2		
总计				10,100		-604		



会员类别	总成交量	增减		
期货公司会员	12,244		1,178		

会员类别	总持买单量	增减		
期货公司会员	10,450		-1,206		

会员类别	总持卖单量	增减		
期货公司会员	10,100		-604		

