								大连商品交易所 成交量_买持仓_卖持仓排名	

合约代码：y2201		Date：2021-06-18	

			期货公司会员	

名次		会员简称	成交量		增减		
1		东证期货	38,649		5,876		
2		华泰期货	30,660		11,814		
3		光大期货	18,395		1,628		
4		国泰君安	16,400		-10,082		
5		国富期货	12,656		-2,087		
6		中信期货	11,644		-110		
7		申银万国	7,520		5,667		
8		西部期货	6,291		6,190		
9		锦泰期货	6,289		3,818		
10		宏源期货	5,622		-165		
11		华安期货	4,215		2,610		
12		海通期货	4,089		1,825		
13		五矿经易	4,037		-382		
14		国投安信	3,845		1,477		
15		创元期货	3,766		2,011		
16		银河期货	3,067		1,483		
17		中粮期货	2,972		789		
18		一德期货	2,859		1,785		
19		摩根大通	2,846		1,848		
20		中信建投	2,836		-221		
总计				188,658		35,774		

名次		会员简称	持买单量	增减		
1		北京首创	11,698		1,677		
2		西部期货	10,108		6,153		
3		广发期货	9,040		-517		
4		国投安信	9,012		2,871		
5		新湖期货	6,675		42		
6		银河期货	6,587		-950		
7		中粮期货	6,227		-1,548		
8		中信期货	5,349		-66		
9		中金期货	4,582		62		
10		光大期货	3,590		-8		
11		摩根大通	3,119		-2,346		
12		华安期货	3,113		862		
13		创元期货	2,188		3		
14		招商期货	2,096		-516		
15		国泰君安	1,986		408		
16		东证期货	1,610		-137		
17		浙商期货	1,532		-16		
18		华泰期货	1,362		548		
19		永安期货	1,267		-579		
20		华金期货	905		0		
总计				92,046		5,943		

名次		会员简称	持卖单量	增减		
1		一德期货	22,569		-860		
2		国泰君安	12,035		3,504		
3		国富期货	11,892		-5		
4		中粮期货	9,141		-168		
5		国投安信	6,071		590		
6		宏源期货	3,888		329		
7		摩根大通	3,527		88		
8		新湖期货	3,277		12		
9		东证期货	2,874		-980		
10		中信期货	2,695		-144		
11		永安期货	2,616		296		
12		五矿经易	2,166		-673		
13		中财期货	1,921		-730		
14		中信建投	1,588		-1,888		
15		申银万国	1,243		257		
16		建信期货	1,213		-43		
17		广发期货	1,160		-22		
18		北京首创	1,134		-51		
19		光大期货	1,090		577		
20		北京金鹏	1,065		31		
总计				93,165		120		



会员类别	总成交量	增减		
期货公司会员	188,658		35,774		

会员类别	总持买单量	增减		
期货公司会员	92,046		5,943		

会员类别	总持卖单量	增减		
期货公司会员	93,165		120		

