								大连商品交易所 成交量_买持仓_卖持仓排名	

合约代码：l2110		Date：2021-06-18	

			期货公司会员	

名次		会员简称	成交量		增减		
1		弘业期货	1,311		1,290		
2		国海良时	1,224		694		
3		国泰君安	719		265		
4		安粮期货	696		517		
5		国投安信	606		-2,384		
6		国元期货	386		231		
7		方正中期	375		131		
8		东证期货	365		6		
9		浙商期货	337		35		
10		兴证期货	332		167		
11		招商期货	307		135		
12		华泰期货	303		91		
13		五矿经易	300		167		
14		广发期货	299		155		
15		金瑞期货	293		-33		
16		长江期货	292		147		
17		海证期货	290		132		
18		中信期货	251		168		
19		平安期货	223		202		
20		华闻期货	196		76		
总计				9,105		2,192		

名次		会员简称	持买单量	增减		
1		国泰君安	4,849		76		
2		招商期货	3,693		154		
3		五矿经易	3,520		122		
4		申银万国	3,466		-5		
5		东证期货	3,310		139		
6		锦泰期货	2,926		20		
7		国海良时	2,905		202		
8		海证期货	2,900		1		
9		国元期货	2,824		149		
10		浙商期货	2,597		-10		
11		长江期货	2,405		-65		
12		国投安信	2,213		-300		
13		方正中期	2,165		-4		
14		国富期货	991		0		
15		中信期货	708		6		
16		兴证期货	662		44		
17		平安期货	652		-203		
18		海通期货	572		3		
19		华泰期货	483		-3		
20		华安期货	372		2		
总计				44,213		328		

名次		会员简称	持卖单量	增减		
1		国泰君安	5,459		367		
2		招商期货	4,064		149		
3		五矿经易	3,518		122		
4		申银万国	3,477		-43		
5		东证期货	3,214		122		
6		锦泰期货	2,940		3		
7		海证期货	2,861		1		
8		国元期货	2,745		127		
9		浙商期货	2,579		-1		
10		长江期货	2,400		-51		
11		国投安信	2,213		-306		
12		方正中期	2,177		-11		
13		国海良时	2,149		4		
14		国信期货	1,124		-2		
15		国富期货	1,031		-11		
16		华泰期货	657		-48		
17		中信期货	629		13		
18		海通期货	580		-5		
19		平安期货	370		2		
20		华安期货	362		-15		
总计				44,549		417		



会员类别	总成交量	增减		
期货公司会员	9,105		2,192		

会员类别	总持买单量	增减		
期货公司会员	44,213		328		

会员类别	总持卖单量	增减		
期货公司会员	44,549		417		

