								大连商品交易所 成交量_买持仓_卖持仓排名	

合约代码：b2108		Date：2021-06-18	

			期货公司会员	

名次		会员简称	成交量		增减		
1		海通期货	15,354		10,934		
2		华闻期货	7,377		4,910		
3		国富期货	7,353		1,679		
4		中信期货	7,327		3,827		
5		国泰君安	6,469		3,862		
6		光大期货	5,625		2,740		
7		方正中期	5,445		3,816		
8		东证期货	3,294		1,447		
9		东方财富	3,082		2,384		
10		国投安信	2,944		1,171		
11		华泰期货	2,899		153		
12		五矿经易	2,281		1,009		
13		徽商期货	2,252		1,239		
14		东海期货	2,069		525		
15		中信建投	2,016		971		
16		锦泰期货	1,851		-237		
17		广发期货	1,631		905		
18		南华期货	1,523		35		
19		中衍期货	1,392		756		
20		创元期货	1,280		678		
总计				83,464		42,804		

名次		会员简称	持买单量	增减		
1		海通期货	4,127		-172		
2		先锋期货	2,700		814		
3		东海期货	2,263		331		
4		中信建投	1,826		959		
5		南华期货	1,529		-38		
6		国投安信	1,400		110		
7		光大期货	1,114		34		
8		五矿经易	1,077		-163		
9		中信期货	1,036		-356		
10		东吴期货	850		197		
11		建信期货	813		149		
12		国泰君安	746		-14		
13		国海良时	723		5		
14		华泰期货	677		211		
15		新湖期货	674		270		
16		弘业期货	662		-4		
17		方正中期	659		50		
18		西部期货	530		-2		
19		宏源期货	474		107		
20		广发期货	466		305		
总计				24,346		2,793		

名次		会员简称	持卖单量	增减		
1		海通期货	4,777		-82		
2		东海期货	2,172		246		
3		国泰君安	1,680		311		
4		国投安信	1,627		0		
5		南华期货	1,623		87		
6		光大期货	1,429		337		
7		五矿经易	1,105		-72		
8		中粮期货	1,103		-466		
9		中信期货	1,082		267		
10		金元期货	991		431		
11		华泰期货	924		284		
12		国海良时	817		60		
13		方正中期	812		65		
14		弘业期货	705		14		
15		宏源期货	680		429		
16		国富期货	552		-1		
17		东证期货	551		18		
18		平安期货	478		368		
19		金瑞期货	463		77		
20		兴证期货	446		-50		
总计				24,017		2,323		



会员类别	总成交量	增减		
期货公司会员	83,464		42,804		

会员类别	总持买单量	增减		
期货公司会员	24,346		2,793		

会员类别	总持卖单量	增减		
期货公司会员	24,017		2,323		

