								大连商品交易所 成交量_买持仓_卖持仓排名	

合约代码：v2110		Date：2021-06-18	

			期货公司会员	

名次		会员简称	成交量		增减		
1		国投安信	9,467		108		
2		东证期货	5,348		-2,585		
3		鲁证期货	2,102		-24		
4		申银万国	1,785		-842		
5		中天期货	1,573		-1,291		
6		五矿经易	1,400		-494		
7		浙商期货	1,302		-274		
8		中信建投	1,034		349		
9		海证期货	961		-385		
10		金瑞期货	950		-144		
11		安粮期货	869		-1,120		
12		长江期货	858		-322		
13		中信期货	793		-136		
14		兴证期货	783		237		
15		广发期货	746		526		
16		国泰君安	677		-170		
17		华闻期货	608		-462		
18		徽商期货	572		-9		
19		海通期货	475		-334		
20		弘业期货	369		-289		
总计				32,672		-7,661		

名次		会员简称	持买单量	增减		
1		五矿经易	4,672		0		
2		中信期货	4,493		268		
3		浙商期货	4,485		3		
4		海证期货	4,322		-3		
5		申银万国	4,216		-1		
6		鲁证期货	3,655		-4		
7		锦泰期货	3,507		129		
8		永安期货	2,614		14		
9		长江期货	2,404		3		
10		东证期货	2,123		-11		
11		国富期货	1,321		-25		
12		中投期货	1,011		9		
13		中信建投	1,001		337		
14		新湖期货	730		1		
15		华金期货	550		0		
16		大地期货	493		0		
17		国投安信	433		31		
18		东航期货	344		0		
19		国泰君安	339		-6		
20		国信期货	310		0		
总计				43,023		745		

名次		会员简称	持卖单量	增减		
1		中信期货	4,589		211		
2		海证期货	4,416		-54		
3		申银万国	4,346		52		
4		五矿经易	4,172		0		
5		浙商期货	4,069		-27		
6		鲁证期货	3,736		58		
7		锦泰期货	3,540		113		
8		长江期货	2,404		3		
9		东证期货	2,252		73		
10		国富期货	1,328		-20		
11		国信期货	1,267		-114		
12		新湖期货	777		-1		
13		中信建投	640		417		
14		兴业期货	617		2		
15		华泰期货	566		22		
16		华金期货	550		-1		
17		国海良时	546		0		
18		国泰君安	397		83		
19		兴证期货	379		9		
20		平安期货	379		1		
总计				40,970		827		



会员类别	总成交量	增减		
期货公司会员	32,672		-7,661		

会员类别	总持买单量	增减		
期货公司会员	43,023		745		

会员类别	总持卖单量	增减		
期货公司会员	40,970		827		

