								大连商品交易所 成交量_买持仓_卖持仓排名	

合约代码：y2111		Date：2021-06-18	

			期货公司会员	

名次		会员简称	成交量		增减		
1		锦泰期货	13,760		7,899		
2		东证期货	10,168		3,137		
3		五矿经易	4,447		1,196		
4		鲁证期货	3,975		1,721		
5		国泰君安	3,549		979		
6		浙商期货	3,481		826		
7		华安期货	3,137		1,344		
8		申银万国	2,738		795		
9		中信期货	2,318		688		
10		方正中期	2,316		669		
11		华泰期货	2,236		-520		
12		招商期货	1,532		769		
13		光大期货	872		62		
14		宏源期货	605		53		
15		中天期货	602		-352		
16		瑞达期货	515		187		
17		国联期货	498		340		
18		格林大华	456		379		
19		国投安信	454		104		
20		兴证期货	441		142		
总计				58,100		20,418		

名次		会员简称	持买单量	增减		
1		中信期货	4,090		162		
2		光大期货	3,048		-58		
3		国泰君安	2,822		2		
4		鲁证期货	2,448		6		
5		五矿经易	1,683		-72		
6		方正中期	1,609		8		
7		招商期货	1,588		13		
8		东证期货	1,458		-4		
9		银河期货	1,426		-2		
10		华泰期货	1,369		0		
11		弘业期货	1,330		0		
12		华安期货	1,330		-6		
13		浙商期货	1,179		14		
14		申银万国	936		-2		
15		海通期货	834		0		
16		东航期货	736		1		
17		中辉期货	616		0		
18		先锋期货	571		0		
19		国投安信	516		-100		
20		新湖期货	512		0		
总计				30,101		-38		

名次		会员简称	持卖单量	增减		
1		中信期货	4,090		160		
2		光大期货	3,014		-2		
3		国泰君安	2,752		5		
4		鲁证期货	2,435		17		
5		五矿经易	1,635		-1		
6		方正中期	1,613		10		
7		浙商期货	1,555		1		
8		招商期货	1,490		-7		
9		银河期货	1,409		30		
10		华泰期货	1,334		0		
11		弘业期货	1,322		0		
12		华安期货	1,204		7		
13		国信期货	1,073		-98		
14		东证期货	1,035		8		
15		申银万国	943		4		
16		海通期货	801		0		
17		东航期货	721		-1		
18		中辉期货	604		0		
19		先锋期货	570		0		
20		新湖期货	547		-4		
总计				30,147		129		



会员类别	总成交量	增减		
期货公司会员	58,100		20,418		

会员类别	总持买单量	增减		
期货公司会员	30,101		-38		

会员类别	总持卖单量	增减		
期货公司会员	30,147		129		

