								大连商品交易所 成交量_买持仓_卖持仓排名	

合约代码：eb2101		Date：2020-10-30	

			期货公司会员	

名次		会员简称	成交量		增减		
1		东证期货	114,220		21,697		
2		国富期货	82,916		16,808		
3		方正中期	49,499		13,140		
4		海通期货	39,918		9,556		
5		国泰君安	37,844		6,970		
6		华泰期货	32,102		7,892		
7		徽商期货	31,957		2,591		
8		中信期货	30,353		6,861		
9		永安期货	28,395		-1,721		
10		申银万国	21,824		-357		
11		东方财富	20,104		5,330		
12		华安期货	19,104		3,923		
13		光大期货	17,499		5,294		
14		银河期货	16,815		1,629		
15		东吴期货	16,289		342		
16		华闻期货	15,888		7,101		
17		中辉期货	14,443		4,285		
18		中信建投	14,020		1,996		
19		国投安信	13,701		4,152		
20		天风期货	11,183		3,315		
总计				628,074		120,804		

名次		会员简称	持买单量	增减		
1		永安期货	13,883		-3,657		
2		国泰君安	7,486		1,556		
3		信达期货	6,259		-271		
4		浙商期货	5,831		-2,426		
5		申银万国	5,640		-900		
6		方正中期	5,049		-240		
7		东证期货	4,914		-1,259		
8		国投安信	4,364		685		
9		华泰期货	4,180		-22		
10		鲁证期货	4,004		1,304		
11		中信期货	3,942		-318		
12		兴证期货	3,412		228		
13		中财期货	3,368		-399		
14		东航期货	3,260		29		
15		南华期货	3,075		190		
16		银河期货	2,728		215		
17		宏源期货	2,682		-194		
18		天风期货	2,677		-991		
19		徽商期货	2,543		-1,382		
20		中辉期货	2,488		-574		
总计				91,785		-8,426		

名次		会员简称	持卖单量	增减		
1		永安期货	11,551		960		
2		银河期货	10,409		-262		
3		华泰期货	8,047		-246		
4		天风期货	8,035		-2,592		
5		国投安信	7,498		568		
6		浙商期货	6,945		-99		
7		东海期货	6,921		-4,607		
8		建信期货	6,244		-156		
9		东证期货	5,926		-1,057		
10		华融融达	5,463		-2,400		
11		国泰君安	4,492		-36		
12		国海良时	3,855		-1,372		
13		中财期货	3,594		66		
14		东吴期货	3,260		-186		
15		南华期货	3,232		-249		
16		一德期货	2,828		-224		
17		国贸期货	2,614		507		
18		创元期货	2,577		179		
19		五矿经易	2,394		-133		
20		海通期货	1,943		-161		
总计				107,828		-11,500		



会员类别	总成交量	增减		
期货公司会员	628,074		120,804		

会员类别	总持买单量	增减		
期货公司会员	91,785		-8,426		

会员类别	总持卖单量	增减		
期货公司会员	107,828		-11,500		

