								大连商品交易所 成交量_买持仓_卖持仓排名	

合约代码：c2109		Date：2020-10-30	

			期货公司会员	

名次		会员简称	成交量		增减		
1		光大期货	3,921		1,433		
2		金瑞期货	3,122		-179		
3		永安期货	2,869		-401		
4		北京首创	2,467		1,205		
5		一德期货	2,414		1,638		
6		创元期货	1,682		941		
7		宏源期货	1,564		-184		
8		华闻期货	1,474		-668		
9		东证期货	1,295		660		
10		平安期货	1,192		1,177		
11		冠通期货	1,028		-849		
12		中投期货	1,002		234		
13		先锋期货	991		-399		
14		国元期货	859		-217		
15		徽商期货	838		-322		
16		方正中期	837		57		
17		国投安信	766		88		
18		南华期货	761		105		
19		瑞达期货	705		572		
20		恒泰期货	649		624		
总计				30,436		5,515		

名次		会员简称	持买单量	增减		
1		鲁证期货	31,309		22		
2		建信期货	12,599		0		
3		国泰君安	6,751		-3		
4		中信建投	6,064		-28		
5		国富期货	3,715		0		
6		华融融达	2,635		-5		
7		安粮期货	2,491		-162		
8		东吴期货	2,479		2		
9		一德期货	2,151		2,003		
10		徽商期货	1,931		-20		
11		华安期货	1,888		117		
12		银河期货	1,424		10		
13		中粮期货	1,242		7		
14		华泰期货	1,239		17		
15		中州期货	1,042		-1		
16		混沌天成	1,004		0		
17		华闻期货	976		192		
18		福能期货	883		-401		
19		华金期货	760		0		
20		金瑞期货	737		419		
总计				83,320		2,169		

名次		会员简称	持卖单量	增减		
1		永安期货	20,545		2,442		
2		海证期货	7,908		13		
3		中信期货	6,851		-108		
4		光大期货	6,113		452		
5		华融融达	5,791		2		
6		五矿经易	4,208		401		
7		东证期货	3,362		-237		
8		国投安信	3,213		-8		
9		国泰君安	3,160		-73		
10		浙商期货	2,962		366		
11		兴证期货	2,541		-4		
12		信达期货	2,188		0		
13		北京首创	2,127		-2,405		
14		长江期货	2,123		-8		
15		美尔雅期货	1,549		-29		
16		平安期货	1,255		1,178		
17		方正中期	1,155		-2		
18		东航期货	1,071		-22		
19		海通期货	1,043		30		
20		国富期货	825		196		
总计				79,990		2,184		



会员类别	总成交量	增减		
期货公司会员	30,436		5,515		

会员类别	总持买单量	增减		
期货公司会员	83,320		2,169		

会员类别	总持卖单量	增减		
期货公司会员	79,990		2,184		

