								大连商品交易所 成交量_买持仓_卖持仓排名	

合约代码：i2102		Date：2020-10-30	

			期货公司会员	

名次		会员简称	成交量		增减		
1		国富期货	137,229		34,001		
2		国泰君安	74,287		17,360		
3		东证期货	44,672		11,240		
4		海通期货	41,958		23,856		
5		申银万国	32,873		-220		
6		华闻期货	31,017		1,862		
7		光大期货	23,689		6,192		
8		方正中期	23,507		10,791		
9		英大期货	18,797		10,317		
10		东海期货	17,598		14,067		
11		徽商期货	16,333		-4,130		
12		中信建投	13,033		5,243		
13		中州期货	12,418		12,407		
14		银河期货	11,995		-11,982		
15		中信期货	11,942		3,068		
16		天风期货	11,889		10,724		
17		安粮期货	9,168		8,782		
18		北京首创	8,966		5,690		
19		中辉期货	8,382		4,834		
20		宏源期货	7,952		3,438		
总计				557,705		167,540		

名次		会员简称	持买单量	增减		
1		申银万国	10,065		502		
2		东吴期货	3,062		-10		
3		招商期货	2,033		400		
4		国投安信	1,673		-10		
5		方正中期	1,369		80		
6		永安期货	1,326		-300		
7		华泰期货	1,285		74		
8		中信期货	1,276		-79		
9		华安期货	1,128		20		
10		鲁证期货	950		16		
11		宏源期货	919		6		
12		中金期货	821		1		
13		海通期货	756		56		
14		冠通期货	632		0		
15		中信建投	625		-28		
16		国泰君安	573		-37		
17		中粮期货	558		-300		
18		弘业期货	503		22		
19		浙商期货	473		0		
20		国富期货	432		43		
总计				30,459		456		

名次		会员简称	持卖单量	增减		
1		申银万国	10,084		507		
2		东吴期货	3,085		-21		
3		招商期货	2,241		402		
4		永安期货	1,707		11		
5		国投安信	1,521		-5		
6		中信期货	1,248		19		
7		东海期货	1,218		2		
8		鲁证期货	1,184		173		
9		华泰期货	1,135		22		
10		华安期货	1,106		6		
11		方正中期	1,041		55		
12		宏源期货	1,004		32		
13		海通期货	915		-74		
14		中信建投	882		59		
15		冠通期货	635		0		
16		中财期货	587		343		
17		宝城期货	481		95		
18		浙商期货	444		3		
19		南华期货	439		-43		
20		弘业期货	415		-63		
总计				31,372		1,523		



会员类别	总成交量	增减		
期货公司会员	557,705		167,540		

会员类别	总持买单量	增减		
期货公司会员	30,459		456		

会员类别	总持卖单量	增减		
期货公司会员	31,372		1,523		

