								大连商品交易所 成交量_买持仓_卖持仓排名	

合约代码：y2105		Date：2020-10-30	

			期货公司会员	

名次		会员简称	成交量		增减		
1		东证期货	74,622		25,891		
2		光大期货	43,913		17,884		
3		国泰君安	23,771		15,427		
4		中粮期货	17,175		11,402		
5		宏源期货	14,581		7,208		
6		海通期货	11,856		5,877		
7		国元期货	11,837		3,689		
8		华泰期货	11,771		6,243		
9		五矿经易	11,299		9,642		
10		华安期货	11,071		7,534		
11		广发期货	10,809		5,032		
12		申银万国	10,093		5,170		
13		国富期货	8,118		5,606		
14		国投安信	7,564		-2,548		
15		中信期货	7,125		2,719		
16		美尔雅期货	6,483		4,450		
17		银河期货	6,318		3,523		
18		永安期货	6,276		3,886		
19		一德期货	6,033		3,503		
20		兴证期货	5,930		3,381		
总计				306,645		145,519		

名次		会员简称	持买单量	增减		
1		中粮期货	52,397		7,881		
2		浙商期货	14,937		553		
3		永安期货	14,122		-13		
4		国投安信	14,041		-478		
5		五矿经易	13,003		-7,385		
6		广发期货	12,948		7,071		
7		中财期货	12,301		-118		
8		中信期货	11,873		-274		
9		天风期货	11,368		-131		
10		东兴期货	9,611		7		
11		光大期货	9,284		-118		
12		一德期货	9,177		816		
13		东证期货	7,826		243		
14		华泰期货	7,532		-990		
15		宝城期货	5,572		-92		
16		大越期货	5,322		-437		
17		银河期货	3,973		-656		
18		国盛期货	3,664		3,607		
19		鲁证期货	3,574		-1,155		
20		弘业期货	3,281		-136		
总计				225,806		8,195		

名次		会员简称	持卖单量	增减		
1		中粮期货	57,951		136		
2		国投安信	38,435		1,162		
3		一德期货	22,671		2,441		
4		银河期货	18,619		2,430		
5		中信期货	15,784		111		
6		摩根大通	14,031		0		
7		平安期货	12,124		592		
8		广发期货	10,447		344		
9		国泰君安	10,169		4,558		
10		新湖期货	9,277		454		
11		永安期货	6,498		-21		
12		五矿经易	6,180		-2		
13		国富期货	6,106		2,724		
14		海通期货	5,651		337		
15		东证期货	5,472		787		
16		美尔雅期货	5,198		1,388		
17		南华期货	4,945		184		
18		海证期货	4,157		-143		
19		信达期货	4,148		-6		
20		上海中期	4,095		-587		
总计				261,958		16,889		



会员类别	总成交量	增减		
期货公司会员	306,645		145,519		

会员类别	总持买单量	增减		
期货公司会员	225,806		8,195		

会员类别	总持卖单量	增减		
期货公司会员	261,958		16,889		

