								大连商品交易所 成交量_买持仓_卖持仓排名	

合约代码：a2101		Date：2020-10-30	

			期货公司会员	

名次		会员简称	成交量		增减		
1		华泰期货	113,892		40,364		
2		国富期货	38,116		14,023		
3		中信期货	34,457		10,261		
4		方正中期	34,024		14,325		
5		光大期货	32,344		10,293		
6		申银万国	30,114		7,322		
7		东证期货	29,212		4,041		
8		华闻期货	24,040		13,209		
9		海通期货	22,249		9,314		
10		徽商期货	22,095		7,508		
11		国泰君安	20,569		4,725		
12		华安期货	18,000		9,416		
13		东方财富	16,131		4,655		
14		银河期货	14,161		1,944		
15		南华期货	12,848		4,370		
16		中信建投	12,111		2,490		
17		兴证期货	11,918		4,354		
18		五矿经易	11,867		10,739		
19		永安期货	11,390		4,094		
20		招金期货	11,189		5,110		
总计				520,727		182,557		

名次		会员简称	持买单量	增减		
1		中信期货	9,469		-1,696		
2		国泰君安	7,198		2,250		
3		兴证期货	7,021		1,085		
4		华泰期货	4,554		-296		
5		国投安信	4,298		236		
6		国富期货	4,123		2,593		
7		永安期货	4,041		1,044		
8		东证期货	4,033		-1,758		
9		中信建投	3,655		-976		
10		申银万国	3,420		517		
11		南华期货	3,139		577		
12		宏源期货	3,127		-25		
13		中粮期货	2,973		-10		
14		招金期货	2,944		800		
15		新湖期货	2,939		-1,325		
16		冠通期货	2,373		2,077		
17		国信期货	2,260		-142		
18		海航期货	2,217		-45		
19		浙商期货	2,156		414		
20		东航期货	2,109		19		
总计				78,049		5,339		

名次		会员简称	持卖单量	增减		
1		五矿经易	9,801		8,704		
2		永安期货	8,861		-608		
3		一德期货	8,015		2,569		
4		弘业期货	7,465		-928		
5		鲁证期货	6,023		-219		
6		北京首创	4,442		267		
7		银河期货	4,361		-112		
8		光大期货	3,995		334		
9		东证期货	3,762		120		
10		中信期货	3,595		263		
11		国投安信	3,587		-65		
12		中粮期货	2,778		99		
13		格林大华	2,777		517		
14		东海期货	2,585		-42		
15		南华期货	2,467		-223		
16		东吴期货	2,337		966		
17		天风期货	2,322		554		
18		广发期货	2,302		259		
19		东方财富	2,296		-233		
20		国盛期货	2,014		812		
总计				85,785		13,034		



会员类别	总成交量	增减		
期货公司会员	520,727		182,557		

会员类别	总持买单量	增减		
期货公司会员	78,049		5,339		

会员类别	总持卖单量	增减		
期货公司会员	85,785		13,034		

