								大连商品交易所 成交量_买持仓_卖持仓排名	

合约代码：c2103		Date：2020-10-30	

			期货公司会员	

名次		会员简称	成交量		增减		
1		方正中期	5,274		1,631		
2		华闻期货	4,746		-67		
3		银河期货	4,614		972		
4		中信期货	4,338		1,312		
5		光大期货	4,079		488		
6		永安期货	3,938		2,253		
7		中粮期货	3,527		-1,123		
8		中大期货	3,194		-1,178		
9		宏源期货	2,929		813		
10		格林大华	2,709		2,070		
11		宝城期货	2,700		645		
12		海通期货	2,668		1,135		
13		鲁证期货	2,565		-612		
14		西部期货	2,165		-369		
15		冠通期货	2,139		-1,687		
16		国海良时	2,138		-516		
17		徽商期货	2,031		567		
18		申银万国	1,613		-1,005		
19		东证期货	1,594		-72		
20		中辉期货	1,459		361		
总计				60,420		5,618		

名次		会员简称	持买单量	增减		
1		鲁证期货	6,510		-1		
2		一德期货	2,885		235		
3		海通期货	2,564		1,330		
4		永安期货	2,045		628		
5		申银万国	1,822		242		
6		中信期货	1,375		-161		
7		中大期货	1,316		0		
8		弘业期货	1,139		-21		
9		东证期货	1,064		9		
10		摩根大通	1,000		0		
11		五矿经易	908		0		
12		浙商期货	657		-8		
13		中辉期货	610		-183		
14		安粮期货	345		-2		
15		宏源期货	234		111		
16		国信期货	185		0		
17		徽商期货	182		46		
18		华泰期货	174		5		
19		迈科期货	173		-1		
20		中信建投	161		-1		
总计				25,349		2,228		

名次		会员简称	持卖单量	增减		
1		华安期货	5,712		-33		
2		海通期货	2,700		1,328		
3		东证期货	1,817		161		
4		申银万国	1,762		189		
5		光大期货	1,454		240		
6		永安期货	1,427		0		
7		中信期货	1,389		-199		
8		安粮期货	1,382		-53		
9		中大期货	1,346		0		
10		弘业期货	1,153		-22		
11		鲁证期货	943		0		
12		五矿经易	910		0		
13		国海良时	852		35		
14		浙商期货	528		0		
15		一德期货	407		0		
16		国元期货	315		-2		
17		银河期货	229		12		
18		平安期货	224		27		
19		迈科期货	181		0		
20		创元期货	148		0		
总计				24,879		1,683		



会员类别	总成交量	增减		
期货公司会员	60,420		5,618		

会员类别	总持买单量	增减		
期货公司会员	25,349		2,228		

会员类别	总持卖单量	增减		
期货公司会员	24,879		1,683		

