								大连商品交易所 成交量_买持仓_卖持仓排名	

合约代码：pg2012		Date：2020-10-30	

			期货公司会员	

名次		会员简称	成交量		增减		
1		华泰期货	45,774		20,303		
2		国富期货	21,246		10,673		
3		中信期货	19,538		9,386		
4		海通期货	19,363		7,934		
5		银河期货	18,084		12,823		
6		华闻期货	18,007		14,744		
7		方正中期	15,340		5,843		
8		光大期货	15,130		8,758		
9		东证期货	13,662		5,975		
10		徽商期货	12,571		8,538		
11		申银万国	11,402		4,237		
12		国泰君安	9,945		5,312		
13		瑞达期货	9,590		5,977		
14		华安期货	9,116		6,209		
15		兴证期货	8,787		5,265		
16		中辉期货	7,661		5,693		
17		永安期货	6,990		4,833		
18		东海期货	6,874		3,170		
19		宏源期货	6,727		4,833		
20		东吴期货	6,129		3,671		
总计				281,936		154,177		

名次		会员简称	持买单量	增减		
1		华泰期货	2,144		620		
2		中信建投	1,817		313		
3		海通期货	1,621		436		
4		东证期货	1,574		-706		
5		方正中期	1,468		-180		
6		南华期货	1,386		480		
7		永安期货	1,292		-1,028		
8		国海良时	1,045		-62		
9		江苏东华	1,042		994		
10		招金期货	1,010		-141		
11		申银万国	993		-56		
12		中信期货	960		-92		
13		国泰君安	954		-22		
14		美尔雅期货	941		806		
15		华安期货	917		-160		
16		中辉期货	901		535		
17		浙商期货	880		279		
18		宏源期货	802		162		
19		东航期货	730		219		
20		徽商期货	543		85		
总计				23,020		2,482		

名次		会员简称	持卖单量	增减		
1		中信期货	13,055		-472		
2		东证期货	3,370		134		
3		国投安信	3,267		361		
4		永安期货	2,680		200		
5		银河期货	1,429		302		
6		国泰君安	1,204		199		
7		浙商期货	1,108		92		
8		方正中期	852		202		
9		南华期货	611		114		
10		东海期货	607		223		
11		海通期货	574		187		
12		华西期货	563		169		
13		申银万国	527		-532		
14		中信建投	527		-67		
15		一德期货	469		462		
16		招商期货	450		-534		
17		新晟期货	424		22		
18		光大期货	401		54		
19		华安期货	357		178		
20		瑞达期货	349		172		
总计				32,824		1,466		



会员类别	总成交量	增减		
期货公司会员	281,936		154,177		

会员类别	总持买单量	增减		
期货公司会员	23,020		2,482		

会员类别	总持卖单量	增减		
期货公司会员	32,824		1,466		

