								大连商品交易所 成交量_买持仓_卖持仓排名	

合约代码：eb2102		Date：2020-10-30	

			期货公司会员	

名次		会员简称	成交量		增减		
1		东证期货	36,933		2,011		
2		方正中期	16,598		-11,350		
3		中信期货	10,712		-2,354		
4		国泰君安	10,687		-22,801		
5		瑞达期货	9,095		3,135		
6		银河期货	8,643		-1,807		
7		国投安信	7,456		6,773		
8		锦泰期货	7,291		-1,666		
9		申银万国	6,770		-502		
10		五矿经易	6,601		-636		
11		鲁证期货	6,552		727		
12		迈科期货	6,499		-3,004		
13		福能期货	6,443		6,440		
14		安粮期货	6,293		6,240		
15		中粮期货	5,788		-121		
16		格林大华	5,516		228		
17		冠通期货	3,938		3,934		
18		海通期货	3,545		-14,084		
19		中辉期货	1,974		1,705		
20		国富期货	1,862		1,852		
总计				169,196		-25,280		

名次		会员简称	持买单量	增减		
1		锦泰期货	2,874		167		
2		五矿经易	2,403		1,405		
3		中信期货	1,134		40		
4		鲁证期货	1,116		6		
5		国泰君安	937		50		
6		东吴期货	917		-40		
7		东证期货	526		56		
8		瑞达期货	490		130		
9		银河期货	416		70		
10		中财期货	255		224		
11		中银期货	222		22		
12		申银万国	218		25		
13		徽商期货	194		-216		
14		浙商期货	193		-62		
15		国金期货	192		-46		
16		兴证期货	150		-7		
17		方正中期	132		11		
18		宏源期货	128		-5		
19		华安期货	123		-20		
20		西南期货	122		-79		
总计				12,742		1,731		

名次		会员简称	持卖单量	增减		
1		锦泰期货	2,475		250		
2		华泰期货	1,530		-74		
3		鲁证期货	1,120		8		
4		中信期货	1,083		16		
5		五矿经易	1,003		-194		
6		东吴期货	900		0		
7		东证期货	885		-9		
8		国泰君安	857		97		
9		信达期货	770		460		
10		国富期货	759		450		
11		银河期货	553		169		
12		瑞达期货	490		129		
13		中信建投	272		272		
14		建信期货	215		50		
15		先融期货	183		83		
16		申银万国	111		-11		
17		金瑞期货	79		4		
18		国海良时	56		40		
19		浙商期货	50		5		
20		国投安信	50		48		
总计				13,441		1,793		



会员类别	总成交量	增减		
期货公司会员	169,196		-25,280		

会员类别	总持买单量	增减		
期货公司会员	12,742		1,731		

会员类别	总持卖单量	增减		
期货公司会员	13,441		1,793		

