								大连商品交易所 成交量_买持仓_卖持仓排名	

合约代码：m2101		Date：2020-10-30	

			期货公司会员	

名次		会员简称	成交量		增减		
1		东证期货	539,327		19,193		
2		国泰君安	318,938		-35,779		
3		格林大华	62,041		12,437		
4		中信期货	60,791		-19,854		
5		海通期货	53,551		-34,606		
6		国富期货	49,508		-12,253		
7		方正中期	46,555		-1,618		
8		华泰期货	42,052		-16,506		
9		银河期货	38,718		-9,614		
10		永安期货	33,048		-18,828		
11		一德期货	31,937		14,272		
12		申银万国	28,497		-3,798		
13		五矿经易	22,482		9,683		
14		光大期货	21,490		1,257		
15		徽商期货	21,040		-862		
16		国投安信	20,788		-19,348		
17		中粮期货	20,758		-19,050		
18		中辉期货	19,332		-922		
19		兴证期货	18,927		-6,770		
20		安粮期货	18,493		-6,051		
总计				1,468,273	-149,017	

名次		会员简称	持买单量	增减		
1		永安期货	178,706		4,392		
2		五矿经易	83,026		-5,559		
3		中粮期货	82,875		-17		
4		国投安信	57,557		714		
5		中信期货	49,573		-1,221		
6		一德期货	46,708		752		
7		摩根大通	37,720		-1,009		
8		申银万国	33,365		-5,803		
9		南华期货	32,409		-404		
10		国泰君安	24,897		514		
11		瑞达期货	24,670		232		
12		华泰期货	23,914		-1,267		
13		东证期货	20,001		-2,482		
14		浙商期货	19,040		-3,006		
15		海通期货	17,843		-516		
16		兴证期货	16,653		-76		
17		深圳金汇	16,490		-399		
18		北京首创	15,060		-465		
19		银河期货	14,930		-1,418		
20		广发期货	14,684		-193		
总计				810,121		-17,231		

名次		会员简称	持卖单量	增减		
1		国投安信	119,299		-3,828		
2		中粮期货	112,233		-2,865		
3		摩根大通	74,950		-200		
4		国泰君安	74,585		940		
5		银河期货	62,941		2,690		
6		中信期货	51,114		-658		
7		南华期货	45,111		180		
8		鲁证期货	41,640		-763		
9		新湖期货	40,192		3,207		
10		平安期货	37,281		-625		
11		东证期货	36,244		-487		
12		海通期货	29,836		-1,733		
13		民生期货	27,243		18		
14		一德期货	26,905		431		
15		建信期货	24,590		-123		
16		美尔雅期货	19,437		-741		
17		北京金鹏	16,575		-280		
18		广发期货	16,455		400		
19		中天期货	16,384		-66		
20		华泰期货	15,846		781		
总计				888,861		-3,722		



会员类别	总成交量	增减		
期货公司会员	1,468,273	-149,017	

会员类别	总持买单量	增减		
期货公司会员	810,121		-17,231		

会员类别	总持卖单量	增减		
期货公司会员	888,861		-3,722		

