								大连商品交易所 成交量_买持仓_卖持仓排名	

合约代码：v2101		Date：2020-09-07	

			期货公司会员	

名次		会员简称	成交量		增减		
1		东证期货	95,329		-3,972		
2		兴证期货	19,954		-1,768		
3		国富期货	17,809		1,815		
4		中信期货	16,823		5,895		
5		华金期货	13,352		-5,946		
6		国泰君安	10,824		1,393		
7		银河期货	8,281		-1,082		
8		永安期货	8,000		976		
9		海通期货	7,210		-3,741		
10		国信期货	5,625		2,705		
11		申银万国	5,474		2,119		
12		东吴期货	4,582		2,422		
13		建信期货	4,540		3,391		
14		中辉期货	4,130		676		
15		华泰期货	3,916		-965		
16		广发期货	3,679		732		
17		大地期货	3,675		1,743		
18		中财期货	3,552		966		
19		徽商期货	3,179		-311		
20		浙商期货	2,963		675		
总计				242,897		7,723		

名次		会员简称	持买单量	增减		
1		永安期货	39,254		945		
2		中信期货	26,359		-2,145		
3		银河期货	6,700		-250		
4		东证期货	6,663		-129		
5		国投安信	6,443		-19		
6		南华期货	5,383		53		
7		华泰期货	4,739		-329		
8		国泰君安	4,554		-710		
9		建信期货	4,514		2,809		
10		天风期货	4,474		564		
11		申银万国	4,453		281		
12		浙商期货	3,978		174		
13		兴证期货	3,888		-359		
14		一德期货	3,886		1,231		
15		鲁证期货	3,884		244		
16		瑞达期货	3,584		-15		
17		海通期货	3,317		-195		
18		宏源期货	3,316		-267		
19		方正中期	3,234		-115		
20		中粮期货	3,224		126		
总计				145,847		1,894		

名次		会员简称	持卖单量	增减		
1		永安期货	22,025		-1,429		
2		国信期货	18,499		-708		
3		国贸期货	17,036		-433		
4		中国国际	10,931		28		
5		中财期货	10,878		-1,272		
6		浙商期货	8,871		-465		
7		信达期货	8,445		-51		
8		银河期货	6,607		1,207		
9		国泰君安	6,127		570		
10		华泰期货	5,495		181		
11		大地期货	5,389		-1,625		
12		国投安信	5,376		-195		
13		一德期货	5,117		-4		
14		方正中期	4,872		-250		
15		中信期货	4,735		502		
16		申银万国	4,168		-945		
17		中信建投	3,432		-754		
18		瑞达期货	3,290		-597		
19		西南期货	2,977		39		
20		东证期货	2,791		238		
总计				157,061		-5,963		



会员类别	总成交量	增减		
期货公司会员	242,897		7,723		

会员类别	总持买单量	增减		
期货公司会员	145,847		1,894		

会员类别	总持卖单量	增减		
期货公司会员	157,061		-5,963		

