								大连商品交易所 成交量_买持仓_卖持仓排名	

合约代码：jd2101		Date：2020-09-07	

			期货公司会员	

名次		会员简称	成交量		增减		
1		东证期货	15,945		2,521		
2		徽商期货	4,431		-1,449		
3		申银万国	4,077		-2,694		
4		中信期货	3,464		366		
5		宏源期货	3,244		-2,694		
6		华安期货	3,197		-1,410		
7		美尔雅期货	3,038		1,905		
8		光大期货	2,948		-297		
9		中信建投	2,799		-1,363		
10		方正中期	2,166		-2,153		
11		五矿经易	2,103		1,084		
12		中辉期货	1,924		-1,963		
13		安粮期货	1,903		-1,402		
14		金瑞期货	1,802		-242		
15		福能期货	1,763		-8,932		
16		鲁证期货	1,638		-266		
17		格林大华	1,622		306		
18		永安期货	1,529		-900		
19		中州期货	1,312		-560		
20		招金期货	1,260		275		
总计				62,165		-19,868		

名次		会员简称	持买单量	增减		
1		永安期货	3,731		-105		
2		方正中期	2,650		-29		
3		中辉期货	2,554		79		
4		银河期货	2,152		35		
5		徽商期货	2,005		-338		
6		光大期货	1,758		-79		
7		中信建投	1,714		49		
8		华安期货	1,706		20		
9		宏源期货	1,679		39		
10		福能期货	1,656		693		
11		中信期货	1,635		-625		
12		国泰君安	1,613		-28		
13		申银万国	1,503		-38		
14		东航期货	1,386		5		
15		安粮期货	1,384		-96		
16		南华期货	1,306		-25		
17		新湖期货	1,272		13		
18		鲁证期货	1,150		53		
19		中粮期货	1,140		77		
20		格林大华	1,058		100		
总计				35,052		-200		

名次		会员简称	持卖单量	增减		
1		永安期货	4,474		106		
2		宏源期货	2,556		305		
3		申银万国	2,447		1,477		
4		美尔雅期货	2,328		-540		
5		中信建投	2,244		12		
6		方正中期	2,194		363		
7		徽商期货	2,164		501		
8		华泰期货	2,129		211		
9		国泰君安	2,008		-140		
10		中辉期货	1,935		309		
11		招金期货	1,821		-70		
12		华安期货	1,810		-669		
13		中信期货	1,786		-179		
14		海通期货	1,599		60		
15		五矿经易	1,540		605		
16		光大期货	1,498		-17		
17		东航期货	1,482		-40		
18		英大期货	1,395		-481		
19		北京首创	1,275		-48		
20		银河期货	1,133		20		
总计				39,818		1,785		



会员类别	总成交量	增减		
期货公司会员	62,165		-19,868		

会员类别	总持买单量	增减		
期货公司会员	35,052		-200		

会员类别	总持卖单量	增减		
期货公司会员	39,818		1,785		

