								大连商品交易所 成交量_买持仓_卖持仓排名	

合约代码：cs2011		Date：2020-09-07	

			期货公司会员	

名次		会员简称	成交量		增减		
1		方正中期	12,259		9,559		
2		华泰期货	6,120		3,188		
3		海通期货	5,539		2,294		
4		国泰君安	4,845		-1,707		
5		华闻期货	4,252		2,711		
6		中信期货	4,113		2,261		
7		五矿经易	3,861		2,631		
8		鲁证期货	3,377		1,208		
9		中粮期货	3,349		2,008		
10		光大期货	3,295		830		
11		东证期货	2,963		1,470		
12		国富期货	2,894		1,032		
13		格林大华	2,852		1,562		
14		南华期货	2,571		1,332		
15		中信建投	2,457		971		
16		浙商期货	2,212		1,013		
17		银河期货	1,343		588		
18		金瑞期货	876		589		
19		招商期货	866		231		
20		永安期货	522		496		
总计				70,566		34,267		

名次		会员简称	持买单量	增减		
1		五矿经易	2,252		0		
2		中信期货	2,021		566		
3		浙商期货	1,523		282		
4		鲁证期货	1,353		53		
5		光大期货	1,129		-86		
6		南华期货	1,103		-4		
7		永安期货	1,032		511		
8		金瑞期货	894		-156		
9		海通期货	832		-86		
10		招商期货	829		26		
11		格林大华	802		-2		
12		国泰君安	680		60		
13		中粮期货	500		-1		
14		东证期货	493		-102		
15		中信建投	401		-349		
16		银河期货	389		312		
17		新湖期货	328		-12		
18		华安期货	249		149		
19		东吴期货	201		0		
20		北京金鹏	188		93		
总计				17,199		1,254		

名次		会员简称	持卖单量	增减		
1		五矿经易	2,697		433		
2		中信期货	2,163		167		
3		浙商期货	1,507		284		
4		中粮期货	1,310		810		
5		鲁证期货	1,275		4		
6		国泰君安	1,273		287		
7		南华期货	1,160		-21		
8		光大期货	1,103		-107		
9		海通期货	822		-69		
10		招商期货	804		0		
11		格林大华	802		-2		
12		中信建投	731		130		
13		金瑞期货	668		-26		
14		国富期货	327		10		
15		东证期货	311		-189		
16		新湖期货	308		-13		
17		广州期货	303		0		
18		东吴期货	206		6		
19		华泰期货	73		-57		
20		天风期货	59		-23		
总计				17,902		1,624		



会员类别	总成交量	增减		
期货公司会员	70,566		34,267		

会员类别	总持买单量	增减		
期货公司会员	17,199		1,254		

会员类别	总持卖单量	增减		
期货公司会员	17,902		1,624		

