								大连商品交易所 成交量_买持仓_卖持仓排名	

合约代码：pg2012		Date：2020-09-07	

			期货公司会员	

名次		会员简称	成交量		增减		
1		华泰期货	24,480		15		
2		财信期货	4,120		1,970		
3		东证期货	3,111		-1,046		
4		方正中期	2,927		613		
5		锦泰期货	2,708		1,193		
6		中粮期货	2,706		703		
7		海通期货	2,473		979		
8		申银万国	2,441		-1,378		
9		银河期货	2,334		718		
10		中信期货	2,054		-358		
11		海证期货	2,052		66		
12		瑞达期货	1,902		-239		
13		国海良时	1,851		58		
14		浙商期货	1,601		306		
15		光大期货	1,584		709		
16		中信建投	1,477		-1,147		
17		冠通期货	1,424		425		
18		五矿经易	1,417		-122		
19		招商期货	1,344		-65		
20		永安期货	1,058		-1,397		
总计				65,064		2,003		

名次		会员简称	持买单量	增减		
1		浙商期货	2,805		300		
2		银河期货	2,371		-49		
3		永安期货	2,208		54		
4		东证期货	1,084		-102		
5		五矿经易	984		9		
6		方正中期	867		72		
7		招商期货	862		-21		
8		中信建投	858		-34		
9		华安期货	784		19		
10		申银万国	733		241		
11		华泰期货	730		44		
12		东海期货	691		-14		
13		海通期货	626		-155		
14		国海良时	621		47		
15		冠通期货	615		38		
16		先锋期货	606		-8		
17		中信期货	518		-182		
18		一德期货	512		-253		
19		瑞达期货	480		74		
20		招金期货	455		-89		
总计				19,410		-9		

名次		会员简称	持卖单量	增减		
1		中信期货	10,226		-182		
2		国投安信	2,427		-3		
3		中信建投	1,138		-23		
4		永安期货	1,113		-4		
5		海通期货	1,030		-54		
6		五矿经易	963		0		
7		银河期货	952		11		
8		东证期货	946		-21		
9		招商期货	843		1		
10		方正中期	777		43		
11		南华期货	718		-8		
12		浙商期货	604		31		
13		上海大陆	502		0		
14		光大期货	451		-2		
15		新湖期货	438		8		
16		瑞达期货	355		24		
17		冠通期货	326		0		
18		国泰君安	307		2		
19		中粮期货	307		-15		
20		国海良时	274		-34		
总计				24,697		-226		



会员类别	总成交量	增减		
期货公司会员	65,064		2,003		

会员类别	总持买单量	增减		
期货公司会员	19,410		-9		

会员类别	总持卖单量	增减		
期货公司会员	24,697		-226		

