								大连商品交易所 成交量_买持仓_卖持仓排名	

合约代码：i2102		Date：2020-09-07	

			期货公司会员	

名次		会员简称	成交量		增减		
1		国富期货	38,413		7,287		
2		光大期货	25,513		4,747		
3		银河期货	24,090		8,574		
4		申银万国	22,008		3,994		
5		徽商期货	17,772		4,116		
6		东证期货	17,575		1,539		
7		安粮期货	15,398		8,710		
8		国元期货	14,856		14,844		
9		华闻期货	12,870		3,335		
10		国泰君安	11,510		8,092		
11		海通期货	10,606		7,414		
12		一德期货	9,425		2,027		
13		南华期货	8,462		5,616		
14		金瑞期货	8,046		3,010		
15		冠通期货	7,802		578		
16		国信期货	7,044		4,129		
17		鲁证期货	5,526		3,316		
18		华西期货	5,092		3,980		
19		国贸期货	4,428		2,094		
20		宝城期货	4,378		3,639		
总计				270,814		101,041		

名次		会员简称	持买单量	增减		
1		申银万国	3,589		1,026		
2		东吴期货	1,697		6		
3		国投安信	1,262		347		
4		鲁证期货	1,091		589		
5		宏源期货	912		56		
6		中信期货	806		202		
7		华安期货	619		448		
8		招商期货	506		3		
9		浙商期货	467		-51		
10		海通期货	461		67		
11		永安期货	411		103		
12		方正中期	332		0		
13		宝城期货	297		32		
14		五矿经易	256		0		
15		新湖期货	218		-11		
16		冠通期货	196		0		
17		弘业期货	161		-5		
18		中信建投	143		43		
19		光大期货	134		33		
20		东证期货	99		26		
总计				13,657		2,914		

名次		会员简称	持卖单量	增减		
1		申银万国	3,577		1,014		
2		东吴期货	1,692		-5		
3		国投安信	1,262		335		
4		鲁证期货	1,161		679		
5		宏源期货	895		97		
6		中信期货	811		207		
7		华安期货	618		457		
8		招商期货	550		11		
9		浙商期货	490		-36		
10		永安期货	411		103		
11		海通期货	380		-49		
12		方正中期	301		0		
13		宝城期货	292		20		
14		五矿经易	256		0		
15		新湖期货	228		0		
16		冠通期货	196		-6		
17		中信建投	187		83		
18		弘业期货	175		-17		
19		金瑞期货	132		53		
20		光大期货	84		26		
总计				13,698		2,972		



会员类别	总成交量	增减		
期货公司会员	270,814		101,041		

会员类别	总持买单量	增减		
期货公司会员	13,657		2,914		

会员类别	总持卖单量	增减		
期货公司会员	13,698		2,972		

