								大连商品交易所 成交量_买持仓_卖持仓排名	

合约代码：c2011		Date：2020-09-07	

			期货公司会员	

名次		会员简称	成交量		增减		
1		华闻期货	12,057		3,091		
2		光大期货	11,458		1,955		
3		东证期货	8,869		4,194		
4		国泰君安	8,518		-6,664		
5		华泰期货	6,779		4,912		
6		中粮期货	6,730		2,920		
7		弘业期货	6,300		4,132		
8		鲁证期货	6,115		1,880		
9		永安期货	5,742		3,469		
10		国投安信	5,615		5,596		
11		中大期货	5,486		2,697		
12		冠通期货	5,459		3,511		
13		方正中期	5,013		4,233		
14		格林大华	4,594		1,956		
15		中信期货	3,530		1,666		
16		浙商期货	2,882		1,825		
17		国海良时	2,594		700		
18		海通期货	2,489		1,472		
19		华安期货	2,272		1,325		
20		五矿经易	2,268		1,018		
总计				114,770		45,888		

名次		会员简称	持买单量	增减		
1		国投安信	5,953		5,523		
2		中大期货	4,334		-21		
3		永安期货	2,867		-1,561		
4		弘业期货	2,452		308		
5		兴证期货	1,593		6		
6		冠通期货	1,202		701		
7		中粮期货	1,149		170		
8		国泰君安	996		-27		
9		鲁证期货	974		-3		
10		格林大华	752		0		
11		宝城期货	749		-1,012		
12		中信期货	671		-3		
13		锦泰期货	470		128		
14		华安期货	427		-1,199		
15		东吴期货	365		355		
16		国富期货	311		239		
17		南华期货	274		11		
18		光大期货	271		-64		
19		北京首创	253		235		
20		迈科期货	246		23		
总计				26,309		3,809		

名次		会员简称	持卖单量	增减		
1		永安期货	3,287		365		
2		中大期货	2,812		-17		
3		民生期货	2,606		318		
4		弘业期货	2,254		70		
5		中信期货	2,172		787		
6		银河期货	1,338		689		
7		中粮期货	1,239		82		
8		海通期货	1,119		231		
9		国投安信	1,012		32		
10		鲁证期货	1,009		20		
11		广州金控	903		2		
12		国泰君安	855		137		
13		格林大华	781		4		
14		华安期货	754		351		
15		宝城期货	731		-1,027		
16		中信建投	682		74		
17		五矿经易	468		0		
18		光大期货	440		236		
19		西部期货	378		22		
20		中融汇信	350		0		
总计				25,190		2,376		



会员类别	总成交量	增减		
期货公司会员	114,770		45,888		

会员类别	总持买单量	增减		
期货公司会员	26,309		3,809		

会员类别	总持卖单量	增减		
期货公司会员	25,190		2,376		

