								大连商品交易所 成交量_买持仓_卖持仓排名	

合约代码：m2011		Date：2020-09-07	

			期货公司会员	

名次		会员简称	成交量		增减		
1		东证期货	17,408		5,861		
2		光大期货	12,913		3,615		
3		海通期货	8,001		3,567		
4		华闻期货	6,710		1,321		
5		国泰君安	5,979		-1,539		
6		申银万国	4,233		1,777		
7		鲁证期货	3,170		1,096		
8		中粮期货	2,708		1,738		
9		安粮期货	2,605		-248		
10		国投安信	2,419		1,133		
11		南华期货	2,229		1,456		
12		海证期货	2,028		1,125		
13		弘业期货	1,984		669		
14		天风期货	1,937		557		
15		银河期货	1,852		788		
16		五矿经易	1,637		683		
17		浙商期货	1,432		707		
18		国海良时	1,312		-189		
19		西部期货	1,248		704		
20		招商期货	1,191		497		
总计				82,996		25,318		

名次		会员简称	持买单量	增减		
1		安粮期货	12,006		-135		
2		国投安信	6,288		-485		
3		海通期货	4,115		-264		
4		银河期货	3,469		187		
5		国泰君安	3,319		167		
6		北京首创	3,115		0		
7		南华期货	3,019		-22		
8		国元期货	2,617		-179		
9		中粮期货	2,333		-140		
10		新湖期货	2,041		523		
11		五矿经易	1,836		-502		
12		弘业期货	1,665		3		
13		浙商期货	1,483		33		
14		摩根大通	1,472		0		
15		格林大华	1,469		-293		
16		中信期货	1,426		102		
17		鲁证期货	1,379		-16		
18		中信建投	1,197		67		
19		华融融达	1,182		19		
20		瑞达期货	802		41		
总计				56,233		-894		

名次		会员简称	持卖单量	增减		
1		中粮期货	7,970		380		
2		南华期货	7,921		-341		
3		国泰君安	7,334		88		
4		一德期货	4,755		240		
5		国投安信	4,732		-484		
6		海通期货	4,024		-291		
7		倍特期货	4,003		3		
8		格林大华	3,236		-289		
9		中信期货	2,874		1		
10		华安期货	2,671		-16		
11		东兴期货	2,302		131		
12		北京首创	2,085		305		
13		弘业期货	1,631		-27		
14		国富期货	1,386		-817		
15		五矿经易	1,343		-559		
16		鲁证期货	1,190		8		
17		瑞达期货	1,082		24		
18		中国国际	1,006		1,000		
19		永安期货	863		99		
20		兴证期货	855		0		
总计				63,263		-545		



会员类别	总成交量	增减		
期货公司会员	82,996		25,318		

会员类别	总持买单量	增减		
期货公司会员	56,233		-894		

会员类别	总持卖单量	增减		
期货公司会员	63,263		-545		

