								大连商品交易所 成交量_买持仓_卖持仓排名	

合约代码：eb2101		Date：2020-09-07	

			期货公司会员	

名次		会员简称	成交量		增减		
1		东证期货	28,246		4,674		
2		国富期货	15,073		7,277		
3		国泰君安	8,076		1,094		
4		中信期货	7,875		591		
5		华泰期货	6,510		1,463		
6		永安期货	6,277		-2,539		
7		海通期货	5,725		465		
8		中信建投	4,823		139		
9		中辉期货	4,804		2,119		
10		徽商期货	4,543		-171		
11		方正中期	3,896		980		
12		信达期货	3,363		1,946		
13		宏源期货	3,231		1,415		
14		南华期货	3,200		757		
15		兴证期货	3,086		-777		
16		华闻期货	2,867		-388		
17		东吴期货	2,635		118		
18		浙商期货	2,551		1,064		
19		银河期货	2,539		551		
20		中财期货	2,447		1,634		
总计				121,767		22,412		

名次		会员简称	持买单量	增减		
1		信达期货	13,065		106		
2		永安期货	5,655		-794		
3		徽商期货	5,128		75		
4		中州期货	5,010		11		
5		福能期货	3,540		510		
6		兴证期货	3,179		117		
7		浙商期货	2,404		224		
8		南华期货	2,117		589		
9		东证期货	1,931		-39		
10		国投安信	1,915		18		
11		银河期货	1,838		88		
12		方正中期	1,801		329		
13		大地期货	1,691		-39		
14		中信期货	1,536		-127		
15		华泰期货	1,524		-22		
16		海通期货	1,447		-1,025		
17		国泰君安	1,444		-160		
18		一德期货	1,355		884		
19		华融融达	1,326		57		
20		中信建投	1,304		269		
总计				59,210		1,071		

名次		会员简称	持卖单量	增减		
1		中信期货	7,134		474		
2		银河期货	5,922		5		
3		永安期货	5,306		-995		
4		国投安信	4,924		-98		
5		华泰期货	4,504		434		
6		东证期货	3,643		-731		
7		国海良时	2,815		94		
8		华融融达	2,790		-115		
9		中财期货	2,738		595		
10		国泰君安	2,621		92		
11		国贸期货	2,592		-87		
12		新湖期货	2,210		-359		
13		浙商期货	2,147		-355		
14		鲁证期货	1,565		121		
15		兴证期货	1,541		439		
16		国信期货	1,433		-182		
17		海通期货	1,412		280		
18		光大期货	1,310		152		
19		中信建投	1,244		866		
20		宏源期货	1,239		-117		
总计				59,090		513		



会员类别	总成交量	增减		
期货公司会员	121,767		22,412		

会员类别	总持买单量	增减		
期货公司会员	59,210		1,071		

会员类别	总持卖单量	增减		
期货公司会员	59,090		513		

