								大连商品交易所 成交量_买持仓_卖持仓排名	

合约代码：m2101		Date：2020-09-07	

			期货公司会员	

名次		会员简称	成交量		增减		
1		东证期货	519,344		99,030		
2		国泰君安	207,445		39,747		
3		国富期货	123,389		31,402		
4		中信期货	94,081		34,235		
5		冠通期货	60,629		56,672		
6		海通期货	57,140		1,640		
7		银河期货	48,775		5,796		
8		格林大华	45,186		6,376		
9		兴证期货	44,809		15,479		
10		申银万国	44,144		23,714		
11		华闻期货	43,235		2,117		
12		方正中期	42,965		-131		
13		南华期货	41,877		13,328		
14		华泰期货	38,092		7,464		
15		永安期货	31,920		4,523		
16		中粮期货	31,033		12,538		
17		新湖期货	30,880		11,724		
18		徽商期货	30,313		10,034		
19		中辉期货	29,165		15,441		
20		国投安信	28,288		-328		
总计				1,592,710	390,801		

名次		会员简称	持买单量	增减		
1		永安期货	125,400		2,261		
2		中信期货	69,415		1,045		
3		中粮期货	66,574		-4,537		
4		五矿经易	50,987		2,564		
5		国泰君安	43,900		4,503		
6		国投安信	41,177		-3,247		
7		东证期货	41,118		6,887		
8		一德期货	40,216		33		
9		华泰期货	37,528		1,034		
10		海通期货	33,885		4,866		
11		申银万国	33,329		6,882		
12		银河期货	31,274		-10,087		
13		新湖期货	30,626		-811		
14		宏源期货	30,572		-1,841		
15		鲁证期货	28,687		-1,099		
16		摩根大通	28,056		-2,048		
17		海证期货	25,805		-1,071		
18		华闻期货	23,950		3,103		
19		浙商期货	22,523		-1,348		
20		南华期货	20,638		1,073		
总计				825,660		8,162		

名次		会员简称	持卖单量	增减		
1		国投安信	191,918		3,413		
2		中粮期货	178,599		492		
3		中信期货	108,184		-908		
4		银河期货	96,089		1,260		
5		摩根大通	70,252		-1,179		
6		一德期货	68,397		161		
7		国泰君安	67,247		7,822		
8		新湖期货	53,379		-491		
9		南华期货	48,566		14,910		
10		鲁证期货	41,024		834		
11		平安期货	33,663		625		
12		北京首创	28,415		-607		
13		海通期货	27,999		-606		
14		格林大华	24,054		930		
15		中天期货	23,408		58		
16		永安期货	21,779		1,771		
17		东证期货	21,130		-697		
18		建信期货	20,907		250		
19		信达期货	16,890		623		
20		浙商期货	15,732		3,074		
总计				1,157,632	31,735		



会员类别	总成交量	增减		
期货公司会员	1,592,710	390,801		

会员类别	总持买单量	增减		
期货公司会员	825,660		8,162		

会员类别	总持卖单量	增减		
期货公司会员	1,157,632	31,735		

