								大连商品交易所 成交量_买持仓_卖持仓排名	

合约代码：pg2011		Date：2020-09-07	

			期货公司会员	

名次		会员简称	成交量		增减		
1		华泰期货	51,649		9,673		
2		中信期货	32,501		10,411		
3		海通期货	18,262		5,695		
4		国富期货	16,682		6,962		
5		徽商期货	16,503		6,668		
6		银河期货	13,659		7,043		
7		东证期货	13,485		5,310		
8		华安期货	13,050		4,987		
9		东吴期货	11,972		3,747		
10		中辉期货	11,343		6,453		
11		国泰君安	10,828		3,626		
12		方正中期	9,514		5,766		
13		光大期货	9,091		1,295		
14		申银万国	7,424		1,477		
15		兴证期货	7,085		1,201		
16		华西期货	6,776		1,210		
17		永安期货	6,561		2,936		
18		宏源期货	6,504		2,125		
19		广发期货	6,329		3,802		
20		东航期货	5,779		3,758		
总计				274,997		94,145		

名次		会员简称	持买单量	增减		
1		中大期货	10,894		-108		
2		永安期货	9,297		-84		
3		银河期货	4,243		500		
4		东证期货	3,760		820		
5		海通期货	2,390		330		
6		方正中期	2,257		341		
7		南华期货	2,057		226		
8		中信期货	1,991		189		
9		徽商期货	1,877		-239		
10		中粮期货	1,799		-13		
11		国海良时	1,616		-18		
12		国泰君安	1,587		105		
13		光大期货	1,519		158		
14		中财期货	1,377		104		
15		一德期货	1,339		-306		
16		浙商期货	1,277		49		
17		东吴期货	1,261		633		
18		华安期货	1,163		-180		
19		美尔雅期货	1,084		467		
20		广发期货	995		-94		
总计				53,783		2,880		

名次		会员简称	持卖单量	增减		
1		国投安信	13,898		99		
2		中信期货	9,971		300		
3		永安期货	6,035		469		
4		银河期货	5,451		57		
5		华安期货	2,254		442		
6		海通期货	2,235		226		
7		广发期货	2,165		-1,255		
8		华泰期货	1,977		-38		
9		国泰君安	1,882		-219		
10		中信建投	1,683		76		
11		东证期货	1,548		455		
12		一德期货	1,490		779		
13		方正中期	1,355		-287		
14		宏源期货	1,294		118		
15		海航期货	1,291		0		
16		徽商期货	1,217		-170		
17		申银万国	1,068		463		
18		中大期货	1,043		400		
19		平安期货	942		43		
20		光大期货	932		295		
总计				59,731		2,253		



会员类别	总成交量	增减		
期货公司会员	274,997		94,145		

会员类别	总持买单量	增减		
期货公司会员	53,783		2,880		

会员类别	总持卖单量	增减		
期货公司会员	59,731		2,253		

