								大连商品交易所 成交量_买持仓_卖持仓排名	

合约代码：c2107		Date：2020-09-07	

			期货公司会员	

名次		会员简称	成交量		增减		
1		国泰君安	12,047		5,405		
2		方正中期	10,661		2,028		
3		光大期货	10,067		-630		
4		国富期货	9,006		112		
5		中辉期货	8,406		3,015		
6		五矿经易	7,345		4,703		
7		银河期货	4,868		1,129		
8		东证期货	4,147		2,810		
9		弘业期货	3,822		1,463		
10		国海良时	3,553		-2,526		
11		中大期货	2,966		1,650		
12		鲁证期货	2,956		-399		
13		中粮期货	2,903		1,349		
14		浙商期货	2,871		1,030		
15		冠通期货	2,665		1,065		
16		西部期货	2,494		660		
17		宝城期货	2,373		707		
18		申银万国	2,201		648		
19		中信期货	2,154		226		
20		格林大华	2,021		516		
总计				99,526		24,961		

名次		会员简称	持买单量	增减		
1		鲁证期货	17,715		5		
2		一德期货	11,278		-20		
3		中信建投	6,147		-16		
4		中州期货	6,002		800		
5		海通期货	3,287		184		
6		中辉期货	3,201		1,280		
7		宝城期货	2,858		581		
8		中信期货	2,811		73		
9		东证期货	2,507		524		
10		永安期货	1,486		148		
11		浙商期货	1,435		28		
12		招金期货	933		-89		
13		国海良时	814		-4		
14		海证期货	752		-60		
15		五矿经易	626		0		
16		新湖期货	534		90		
17		华金期货	500		0		
18		申银万国	428		129		
19		光大期货	370		-61		
20		上海中期	330		12		
总计				64,014		3,604		

名次		会员简称	持卖单量	增减		
1		光大期货	11,267		0		
2		中信期货	8,454		93		
3		金瑞期货	8,024		4		
4		东证期货	6,086		1,883		
5		鲁证期货	5,657		5		
6		徽商期货	4,137		2		
7		海通期货	3,379		2		
8		宝城期货	2,863		624		
9		兴证期货	2,158		-44		
10		北京首创	1,888		1,618		
11		浙商期货	1,523		31		
12		永安期货	864		202		
13		国海良时	761		-7		
14		五矿经易	712		-79		
15		平安期货	692		-117		
16		东航期货	599		19		
17		冠通期货	508		-435		
18		长安期货	504		-64		
19		上海中期	393		6		
20		华泰期货	387		12		
总计				60,856		3,755		



会员类别	总成交量	增减		
期货公司会员	99,526		24,961		

会员类别	总持买单量	增减		
期货公司会员	64,014		3,604		

会员类别	总持卖单量	增减		
期货公司会员	60,856		3,755		

