								大连商品交易所 成交量_买持仓_卖持仓排名	

合约代码：jd2012		Date：2020-09-07	

			期货公司会员	

名次		会员简称	成交量		增减		
1		东证期货	2,945		-30		
2		南华期货	2,811		433		
3		中粮期货	2,793		308		
4		中信期货	1,931		1,079		
5		鲁证期货	1,849		1,094		
6		福能期货	1,671		1,282		
7		华闻期货	1,508		210		
8		光大期货	1,299		114		
9		格林大华	994		392		
10		国泰君安	948		214		
11		瑞达期货	797		336		
12		天风期货	655		126		
13		中辉期货	644		395		
14		安粮期货	605		-87		
15		方正中期	571		-759		
16		华联期货	559		340		
17		华安期货	475		9		
18		徽商期货	466		26		
19		中财期货	454		396		
20		广发期货	435		196		
总计				24,410		6,074		

名次		会员简称	持买单量	增减		
1		福能期货	1,608		1,545		
2		鲁证期货	1,434		213		
3		宏源期货	1,242		51		
4		方正中期	1,221		43		
5		东吴期货	1,049		-84		
6		中信期货	914		-218		
7		国泰君安	696		-15		
8		弘业期货	642		-24		
9		南华期货	610		4		
10		中粮期货	566		20		
11		徽商期货	430		-18		
12		长江期货	391		55		
13		国投安信	374		24		
14		永安期货	342		54		
15		汇鑫期货	294		-30		
16		宝城期货	292		45		
17		中信建投	268		55		
18		平安期货	261		-21		
19		银河期货	241		45		
20		招商期货	236		-21		
总计				13,111		1,723		

名次		会员简称	持卖单量	增减		
1		美尔雅期货	1,477		-9		
2		华泰期货	1,458		10		
3		江苏东华	1,392		50		
4		海通期货	1,152		32		
5		鲁证期货	1,145		0		
6		长江期货	1,094		237		
7		永安期货	905		-6		
8		申银万国	718		179		
9		中信期货	561		7		
10		中粮期货	537		3		
11		南华期货	508		1		
12		徽商期货	490		12		
13		安粮期货	453		98		
14		金元期货	449		-130		
15		中信建投	348		2		
16		新湖期货	329		2		
17		华融融达	327		243		
18		方正中期	323		196		
19		道通期货	258		0		
20		中辉期货	253		190		
总计				14,177		1,117		



会员类别	总成交量	增减		
期货公司会员	24,410		6,074		

会员类别	总持买单量	增减		
期货公司会员	13,111		1,723		

会员类别	总持卖单量	增减		
期货公司会员	14,177		1,117		

