								大连商品交易所 成交量_买持仓_卖持仓排名	

合约代码：cs2011		Date：2020-09-03	

			期货公司会员	

名次		会员简称	成交量		增减		
1		国泰君安	10,896		-3,115		
2		华泰期货	7,274		-1,453		
3		光大期货	3,044		-378		
4		海通期货	2,789		-969		
5		新湖期货	2,637		443		
6		鲁证期货	2,434		164		
7		中信期货	1,750		-608		
8		东证期货	1,488		-539		
9		国富期货	1,431		-502		
10		五矿经易	1,364		-409		
11		中辉期货	1,313		-1,960		
12		浙商期货	1,208		107		
13		中粮期货	1,194		-419		
14		格林大华	1,166		-460		
15		南华期货	1,148		-491		
16		中信建投	1,041		-336		
17		华闻期货	842		67		
18		招商期货	566		-313		
19		银河期货	492		-533		
20		金瑞期货	479		-452		
总计				44,556		-12,156		

名次		会员简称	持买单量	增减		
1		五矿经易	2,257		0		
2		鲁证期货	1,291		-18		
3		光大期货	1,208		250		
4		中信期货	1,193		70		
5		南华期货	1,107		0		
6		金瑞期货	1,050		0		
7		海通期货	1,041		8		
8		浙商期货	1,031		-14		
9		招商期货	816		6		
10		格林大华	801		-23		
11		东证期货	646		-49		
12		中信建投	607		-200		
13		中粮期货	506		-4		
14		永安期货	505		162		
15		国泰君安	432		105		
16		新湖期货	333		5		
17		华安期货	220		30		
18		东吴期货	203		197		
19		上海大陆	180		40		
20		北京金鹏	149		29		
总计				15,576		594		

名次		会员简称	持卖单量	增减		
1		五矿经易	2,257		0		
2		中信期货	2,022		310		
3		鲁证期货	1,271		-44		
4		光大期货	1,214		244		
5		南华期货	1,176		0		
6		海通期货	1,015		1		
7		浙商期货	1,008		0		
8		国泰君安	806		339		
9		招商期货	802		-2		
10		格林大华	801		-23		
11		中信建投	652		-153		
12		东证期货	602		-111		
13		金瑞期货	553		-97		
14		中粮期货	500		-4		
15		新湖期货	319		8		
16		广州期货	246		57		
17		东吴期货	200		199		
18		华泰期货	132		2		
19		方正中期	100		0		
20		天风期货	86		8		
总计				15,762		734		



会员类别	总成交量	增减		
期货公司会员	44,556		-12,156		

会员类别	总持买单量	增减		
期货公司会员	15,576		594		

会员类别	总持卖单量	增减		
期货公司会员	15,762		734		

