								大连商品交易所 成交量_买持仓_卖持仓排名	

合约代码：y2105		Date：2020-09-03	

			期货公司会员	

名次		会员简称	成交量		增减		
1		东证期货	20,946		6,295		
2		光大期货	14,296		7,060		
3		华泰期货	7,792		3,327		
4		中信期货	5,376		1,593		
5		永安期货	4,819		3,050		
6		国富期货	4,813		1,052		
7		中粮期货	4,638		3,086		
8		华安期货	4,522		-530		
9		东兴期货	3,856		3,846		
10		国投安信	3,579		1,043		
11		广发期货	3,399		-2,110		
12		国元期货	3,244		817		
13		宏源期货	2,993		1,452		
14		海通期货	2,993		1,424		
15		上海中期	2,806		910		
16		申银万国	2,425		570		
17		国泰君安	2,120		447		
18		信达期货	2,078		-1,989		
19		兴证期货	1,665		1,072		
20		方正中期	1,314		-1,029		
总计				99,674		31,386		

名次		会员简称	持买单量	增减		
1		中财期货	9,401		-47		
2		五矿经易	8,890		-252		
3		中粮期货	8,734		228		
4		永安期货	7,802		-627		
5		国投安信	7,436		33		
6		上海中期	6,465		622		
7		华泰期货	5,583		3,188		
8		大越期货	5,338		59		
9		中信期货	5,152		-510		
10		东证期货	5,003		-178		
11		天风期货	4,970		66		
12		东兴期货	3,474		2,795		
13		光大期货	3,462		-261		
14		兴证期货	2,917		-892		
15		浙商期货	2,723		-191		
16		国富期货	2,575		583		
17		国泰君安	2,568		16		
18		北京首创	2,389		190		
19		信达期货	2,044		1,982		
20		国元期货	1,973		68		
总计				98,899		6,872		

名次		会员简称	持卖单量	增减		
1		中粮期货	30,536		758		
2		国投安信	11,224		2,454		
3		一德期货	11,040		79		
4		摩根大通	9,822		500		
5		平安期货	9,106		0		
6		广发期货	8,700		775		
7		海通期货	6,575		51		
8		银河期货	6,419		110		
9		新湖期货	4,702		-76		
10		五矿经易	4,636		102		
11		信达期货	4,014		0		
12		永安期货	3,903		124		
13		国泰君安	3,702		-8		
14		宏源期货	3,339		79		
15		中信期货	3,307		1,286		
16		鲁证期货	2,545		-48		
17		国富期货	2,416		8		
18		兴证期货	1,624		-33		
19		国元期货	1,394		94		
20		中大期货	1,011		54		
总计				130,015		6,309		



会员类别	总成交量	增减		
期货公司会员	99,674		31,386		

会员类别	总持买单量	增减		
期货公司会员	98,899		6,872		

会员类别	总持卖单量	增减		
期货公司会员	130,015		6,309		

