								大连商品交易所 成交量_买持仓_卖持仓排名	

合约代码：m2101		Date：2020-09-03	

			期货公司会员	

名次		会员简称	成交量		增减		
1		东证期货	355,916		145,583		
2		国泰君安	133,622		54,177		
3		国富期货	68,934		28,122		
4		格林大华	66,655		25,161		
5		中信期货	63,038		37,188		
6		海通期货	47,576		23,598		
7		中粮期货	34,298		20,336		
8		华闻期货	31,317		16,721		
9		方正中期	30,644		13,844		
10		国投安信	28,265		17,858		
11		银河期货	27,145		13,134		
12		兴证期货	26,709		11,006		
13		华泰期货	24,928		4,043		
14		国盛期货	22,744		22,061		
15		新湖期货	22,107		12,767		
16		永安期货	20,827		5,136		
17		申银万国	19,801		6,949		
18		宏源期货	19,521		10,352		
19		深圳金汇	18,332		6,885		
20		浙商期货	18,295		7,077		
总计				1,080,674	481,998		

名次		会员简称	持买单量	增减		
1		永安期货	117,713		-1,020		
2		中粮期货	73,493		3,958		
3		中信期货	67,846		-7,331		
4		五矿经易	50,119		-1,310		
5		一德期货	44,378		3,199		
6		国投安信	38,694		2,127		
7		国泰君安	37,552		-526		
8		宏源期货	33,799		1,233		
9		摩根大通	32,978		218		
10		华泰期货	32,611		-1,467		
11		新湖期货	32,530		-781		
12		鲁证期货	32,142		1,294		
13		银河期货	31,589		2,305		
14		东证期货	28,231		-3,378		
15		海证期货	27,598		621		
16		海通期货	26,061		4,788		
17		浙商期货	25,400		545		
18		方正中期	23,670		-4		
19		申银万国	23,368		-3,260		
20		瑞达期货	21,437		1,844		
总计				801,209		3,055		

名次		会员简称	持卖单量	增减		
1		国投安信	189,649		2,454		
2		中粮期货	179,428		-15,400		
3		中信期货	109,810		2,133		
4		银河期货	94,858		-4,776		
5		摩根大通	70,712		-74		
6		一德期货	68,177		-129		
7		国泰君安	59,332		-676		
8		新湖期货	53,633		3,666		
9		鲁证期货	41,241		-474		
10		平安期货	35,427		-952		
11		海通期货	31,043		-4,728		
12		北京首创	28,738		1,035		
13		东证期货	27,321		1,844		
14		中天期货	23,364		-204		
15		建信期货	21,993		1,989		
16		永安期货	21,427		-323		
17		南华期货	20,409		1,002		
18		格林大华	20,195		-45		
19		信达期货	16,266		-135		
20		五矿经易	14,223		-115		
总计				1,127,246	-13,908		



会员类别	总成交量	增减		
期货公司会员	1,080,674	481,998		

会员类别	总持买单量	增减		
期货公司会员	801,209		3,055		

会员类别	总持卖单量	增减		
期货公司会员	1,127,246	-13,908		

