								大连商品交易所 成交量_买持仓_卖持仓排名	

合约代码：eg2101		Date：2020-09-03	

			期货公司会员	

名次		会员简称	成交量		增减		
1		东证期货	82,464		11,474		
2		国富期货	24,943		6,050		
3		中信期货	21,975		-2,138		
4		国泰君安	21,687		4,582		
5		华泰期货	19,131		1,696		
6		海通期货	16,657		-3,473		
7		徽商期货	16,049		1,013		
8		华安期货	10,975		286		
9		方正中期	10,565		-918		
10		永安期货	10,229		2,581		
11		银河期货	9,168		-1,354		
12		浙商期货	7,955		430		
13		中辉期货	7,781		2,701		
14		天风期货	7,551		2,403		
15		东吴期货	7,387		109		
16		光大期货	7,354		1,645		
17		东海期货	6,907		3,688		
18		兴证期货	6,592		1,142		
19		创元期货	6,401		2,041		
20		中信建投	6,246		1,707		
总计				308,017		35,665		

名次		会员简称	持买单量	增减		
1		通惠期货	15,784		-472		
2		中信期货	11,414		-319		
3		华泰期货	10,721		-980		
4		信达期货	10,470		-19		
5		宏源期货	9,920		56		
6		新湖期货	9,199		-175		
7		方正中期	7,351		169		
8		海通期货	7,126		365		
9		东证期货	6,870		1,050		
10		永安期货	6,843		-106		
11		浙商期货	6,233		-47		
12		天风期货	6,183		1,058		
13		国投安信	5,668		273		
14		兴证期货	5,663		41		
15		华安期货	5,396		-589		
16		银河期货	5,086		259		
17		国泰君安	4,971		-386		
18		弘业期货	4,948		-239		
19		东吴期货	4,885		93		
20		华闻期货	4,187		-192		
总计				148,918		-160		

名次		会员简称	持卖单量	增减		
1		永安期货	43,257		-1,103		
2		中信期货	25,782		1,988		
3		国贸期货	14,300		-1,011		
4		华泰期货	12,619		129		
5		国泰君安	8,250		-253		
6		宝城期货	6,728		-72		
7		浙商期货	6,310		378		
8		天风期货	6,073		-3,385		
9		北京首创	5,990		-397		
10		兴业期货	5,895		-30		
11		五矿经易	5,736		182		
12		国投安信	5,325		142		
13		倍特期货	5,289		1,115		
14		国海良时	5,060		-57		
15		申银万国	5,023		194		
16		中粮期货	4,845		176		
17		国富期货	4,696		-104		
18		银河期货	4,654		-229		
19		瑞达期货	4,603		-115		
20		国元期货	4,581		286		
总计				185,016		-2,166		



会员类别	总成交量	增减		
期货公司会员	308,017		35,665		

会员类别	总持买单量	增减		
期货公司会员	148,918		-160		

会员类别	总持卖单量	增减		
期货公司会员	185,016		-2,166		

