								大连商品交易所 成交量_买持仓_卖持仓排名	

合约代码：j2101		Date：2020-09-03	

			期货公司会员	

名次		会员简称	成交量		增减		
1		东证期货	27,456		650		
2		国富期货	22,878		1,862		
3		中信期货	15,631		2,386		
4		光大期货	15,033		2,341		
5		国泰君安	15,000		4,158		
6		银河期货	8,963		2,006		
7		方正中期	8,384		2,332		
8		申银万国	8,044		-15		
9		海通期货	7,962		-885		
10		永安期货	7,843		1,964		
11		新纪元期货	7,510		2,007		
12		上海大陆	6,983		1,378		
13		河北恒银	6,211		-774		
14		中辉期货	6,195		1,758		
15		先锋期货	5,476		-3,061		
16		华创期货	5,465		2,002		
17		山西三立	5,061		-387		
18		华泰期货	4,966		494		
19		徽商期货	4,953		344		
20		一德期货	4,939		3,675		
总计				194,953		24,235		

名次		会员简称	持买单量	增减		
1		中信期货	9,522		-363		
2		东证期货	8,124		-75		
3		永安期货	7,949		-367		
4		国富期货	7,364		497		
5		国泰君安	6,338		940		
6		兴证期货	5,979		-149		
7		光大期货	5,123		1,077		
8		东海期货	4,572		99		
9		银河期货	4,422		103		
10		海通期货	4,407		692		
11		五矿经易	3,791		434		
12		方正中期	3,269		939		
13		申银万国	3,079		473		
14		华泰期货	3,068		323		
15		中辉期货	2,843		28		
16		中信建投	2,706		210		
17		瑞达期货	2,343		252		
18		广发期货	1,966		79		
19		一德期货	1,680		-112		
20		南华期货	1,233		33		
总计				89,778		5,113		

名次		会员简称	持卖单量	增减		
1		东证期货	8,083		-129		
2		中信期货	7,511		420		
3		国富期货	5,960		703		
4		永安期货	5,623		60		
5		华泰期货	5,496		49		
6		银河期货	5,249		2,192		
7		光大期货	4,610		1,452		
8		天风期货	4,114		-408		
9		中辉期货	4,053		-133		
10		国泰君安	3,941		822		
11		浙商期货	3,470		72		
12		申银万国	3,052		449		
13		海通期货	2,804		-26		
14		一德期货	2,692		-2,035		
15		方正中期	2,685		469		
16		中信建投	2,563		86		
17		大越期货	2,256		29		
18		瑞达期货	2,127		229		
19		国投安信	1,842		-17		
20		东兴期货	1,760		103		
总计				79,891		4,387		



会员类别	总成交量	增减		
期货公司会员	194,953		24,235		

会员类别	总持买单量	增减		
期货公司会员	89,778		5,113		

会员类别	总持卖单量	增减		
期货公司会员	79,891		4,387		

