								大连商品交易所 成交量_买持仓_卖持仓排名	

合约代码：pg2012		Date：2020-09-03	

			期货公司会员	

名次		会员简称	成交量		增减		
1		华泰期货	25,893		-3,727		
2		东证期货	4,317		-1,021		
3		方正中期	4,261		1,001		
4		银河期货	3,644		593		
5		中信建投	2,728		-602		
6		中信期货	2,526		-597		
7		冠通期货	2,468		-1,380		
8		瑞达期货	2,464		-1,004		
9		申银万国	2,375		-1,036		
10		海证期货	2,152		68		
11		国海良时	2,122		-912		
12		中粮期货	2,090		-18		
13		海通期货	2,020		-6		
14		五矿经易	1,779		-1,386		
15		浙商期货	1,592		-1,517		
16		招商期货	1,368		-329		
17		光大期货	1,226		173		
18		华西期货	836		-28		
19		宝城期货	830		-449		
20		徽商期货	764		-183		
总计				67,455		-12,360		

名次		会员简称	持买单量	增减		
1		永安期货	2,604		100		
2		浙商期货	2,503		44		
3		银河期货	2,399		125		
4		东证期货	1,194		39		
5		海通期货	1,022		47		
6		五矿经易	972		-156		
7		一德期货	956		-114		
8		中信建投	894		4		
9		招商期货	882		-1		
10		方正中期	834		-300		
11		中信期货	742		20		
12		华安期货	741		56		
13		东海期货	617		41		
14		先锋期货	614		-87		
15		冠通期货	576		212		
16		国海良时	568		18		
17		招金期货	543		-10		
18		光大期货	542		50		
19		华泰期货	538		-293		
20		中粮期货	450		-1		
总计				20,191		-206		

名次		会员简称	持卖单量	增减		
1		中信期货	10,370		32		
2		国投安信	2,430		59		
3		永安期货	1,192		-139		
4		中信建投	1,083		76		
5		海通期货	1,029		3		
6		东证期货	964		4		
7		五矿经易	963		-157		
8		银河期货	934		-89		
9		招商期货	836		-19		
10		方正中期	835		201		
11		南华期货	696		2		
12		浙商期货	576		-14		
13		上海大陆	502		50		
14		光大期货	454		52		
15		新湖期货	409		1		
16		国泰君安	356		5		
17		国海良时	329		8		
18		冠通期货	320		50		
19		瑞达期货	241		48		
20		长城期货	230		2		
总计				24,749		175		



会员类别	总成交量	增减		
期货公司会员	67,455		-12,360		

会员类别	总持买单量	增减		
期货公司会员	20,191		-206		

会员类别	总持卖单量	增减		
期货公司会员	24,749		175		

