								大连商品交易所 成交量_买持仓_卖持仓排名	

合约代码：jm2109		Date：2021-06-10	

			期货公司会员	

名次		会员简称	成交量		增减		
1		东证期货	53,969		5,374		
2		海通期货	24,006		-3,387		
3		国富期货	22,439		1,405		
4		中信期货	17,712		-961		
5		光大期货	16,371		-1,101		
6		华闻期货	16,047		2,375		
7		国泰君安	15,891		-566		
8		东方财富	13,187		725		
9		徽商期货	8,833		637		
10		华泰期货	8,423		757		
11		方正中期	7,406		484		
12		中信建投	6,981		2,340		
13		申银万国	6,874		-551		
14		银河期货	6,793		1,169		
15		永安期货	6,704		1,334		
16		东吴期货	6,331		1,142		
17		南华期货	6,246		159		
18		华安期货	6,218		1,181		
19		国投安信	5,561		13		
20		鲁证期货	5,419		634		
总计				261,411		13,163		

名次		会员简称	持买单量	增减		
1		中信期货	12,591		381		
2		海通期货	8,787		867		
3		国泰君安	8,053		-392		
4		国富期货	8,012		1,567		
5		永安期货	6,756		-36		
6		银河期货	5,677		1,191		
7		中辉期货	5,459		232		
8		东证期货	4,987		-847		
9		国投安信	4,951		259		
10		华闻期货	4,739		1,038		
11		广发期货	3,467		1,279		
12		申银万国	3,234		1,830		
13		华泰期货	2,873		481		
14		光大期货	2,869		-178		
15		中信建投	2,483		279		
16		鲁证期货	2,383		184		
17		招商期货	2,316		75		
18		兴证期货	2,088		5		
19		国信期货	2,073		-451		
20		方正中期	1,934		-214		
总计				95,732		7,550		

名次		会员简称	持卖单量	增减		
1		中信期货	8,928		-161		
2		海通期货	8,082		1,813		
3		国富期货	7,442		1,130		
4		一德期货	7,431		-162		
5		国泰君安	6,673		405		
6		鲁证期货	5,745		555		
7		申银万国	5,199		1,916		
8		永安期货	4,672		24		
9		华闻期货	4,253		669		
10		光大期货	3,303		131		
11		中信建投	3,046		994		
12		华泰期货	2,867		118		
13		银河期货	2,810		640		
14		东证期货	2,807		-1,570		
15		国联期货	2,677		105		
16		英大期货	2,636		253		
17		中辉期货	2,626		-1,716		
18		方正中期	2,626		860		
19		东吴期货	2,365		679		
20		冠通期货	2,259		140		
总计				88,447		6,823		



会员类别	总成交量	增减		
期货公司会员	261,411		13,163		

会员类别	总持买单量	增减		
期货公司会员	95,732		7,550		

会员类别	总持卖单量	增减		
期货公司会员	88,447		6,823		

