								大连商品交易所 成交量_买持仓_卖持仓排名	

合约代码：pp2111		Date：2021-06-10	

			期货公司会员	

名次		会员简称	成交量		增减		
1		国海良时	3,033		1,843		
2		中信期货	2,042		851		
3		东海期货	1,550		160		
4		海通期货	1,280		1,262		
5		南华期货	1,204		523		
6		恒泰期货	960		250		
7		中粮期货	950		246		
8		海证期货	912		289		
9		五矿经易	908		158		
10		国泰君安	836		225		
11		银河期货	564		-157		
12		安粮期货	444		174		
13		光大期货	438		394		
14		国富期货	389		185		
15		中辉期货	347		223		
16		华闻期货	323		58		
17		财信期货	301		300		
18		方正中期	273		196		
19		东证期货	220		-674		
20		国信期货	218		-42		
总计				17,192		6,464		

名次		会员简称	持买单量	增减		
1		国投安信	5,122		0		
2		东证期货	3,995		3		
3		申银万国	2,608		3		
4		中信期货	2,601		-157		
5		海通期货	2,097		570		
6		南华期货	1,813		-1		
7		国富期货	1,566		2		
8		国信期货	1,392		7		
9		华安期货	1,281		1		
10		海证期货	1,122		0		
11		恒泰期货	1,117		-2		
12		宏源期货	1,048		0		
13		中粮期货	982		0		
14		五矿经易	871		-46		
15		华泰期货	813		15		
16		银河期货	747		5		
17		华西期货	724		0		
18		新湖期货	709		0		
19		中辉期货	702		167		
20		鲁证期货	649		-2		
总计				31,959		565		

名次		会员简称	持卖单量	增减		
1		国投安信	5,123		0		
2		东证期货	3,991		3		
3		申银万国	2,610		3		
4		中信期货	2,529		-151		
5		海通期货	2,509		708		
6		南华期货	1,802		-1		
7		国富期货	1,596		15		
8		国信期货	1,409		7		
9		海证期货	1,119		0		
10		恒泰期货	1,117		-2		
11		中粮期货	983		0		
12		五矿经易	957		-46		
13		华泰期货	909		11		
14		国海良时	841		-213		
15		华安期货	754		1		
16		安粮期货	745		116		
17		华西期货	724		0		
18		新湖期货	709		0		
19		鲁证期货	648		0		
20		国泰君安	602		1		
总计				31,677		452		



会员类别	总成交量	增减		
期货公司会员	17,192		6,464		

会员类别	总持买单量	增减		
期货公司会员	31,959		565		

会员类别	总持卖单量	增减		
期货公司会员	31,677		452		

