								大连商品交易所 成交量_买持仓_卖持仓排名	

合约代码：cs2109		Date：2021-06-10	

			期货公司会员	

名次		会员简称	成交量		增减		
1		东证期货	9,959		1,378		
2		华泰期货	9,184		940		
3		中信期货	9,177		3,694		
4		国泰君安	4,868		1,511		
5		国富期货	4,551		1,467		
6		光大期货	4,431		1,222		
7		徽商期货	3,395		1,817		
8		海通期货	2,146		1,172		
9		中财期货	1,724		1,029		
10		广发期货	1,587		213		
11		中辉期货	1,512		497		
12		华安期货	1,492		559		
13		宏源期货	1,347		-10		
14		银河期货	1,282		-188		
15		方正中期	1,189		-895		
16		华闻期货	1,168		794		
17		国盛期货	1,148		319		
18		金瑞期货	1,132		391		
19		东方财富	1,049		186		
20		申银万国	1,035		755		
总计				63,376		16,851		

名次		会员简称	持买单量	增减		
1		中信期货	11,105		-1,838		
2		东证期货	4,924		-426		
3		华融融达	4,668		-47		
4		华泰期货	3,960		-705		
5		永安期货	3,687		12		
6		光大期货	3,682		49		
7		国投安信	3,002		92		
8		上海大陆	2,317		-351		
9		中粮期货	1,867		-129		
10		国泰君安	1,859		-67		
11		宏源期货	1,634		97		
12		五矿经易	1,506		19		
13		东航期货	1,020		31		
14		中国国际	1,002		45		
15		鲁证期货	984		-100		
16		天风期货	941		39		
17		财信期货	810		-273		
18		申银万国	801		-743		
19		浙商期货	599		-1		
20		上海中期	578		23		
总计				50,946		-4,273		

名次		会员简称	持卖单量	增减		
1		中信期货	8,543		-205		
2		国泰君安	3,507		-343		
3		国富期货	3,258		-162		
4		永安期货	2,397		-24		
5		东证期货	2,082		-953		
6		兴证期货	1,906		-90		
7		中粮期货	1,876		-50		
8		五矿经易	1,780		1		
9		国信期货	1,751		-80		
10		天风期货	1,514		-137		
11		中财期货	1,463		155		
12		南华期货	1,420		-113		
13		华闻期货	1,321		-15		
14		迈科期货	1,252		-38		
15		华泰期货	1,194		-57		
16		一德期货	1,110		7		
17		华安期货	1,013		-25		
18		方正中期	992		50		
19		国贸期货	978		-146		
20		海证期货	898		-321		
总计				40,255		-2,546		



会员类别	总成交量	增减		
期货公司会员	63,376		16,851		

会员类别	总持买单量	增减		
期货公司会员	50,946		-4,273		

会员类别	总持卖单量	增减		
期货公司会员	40,255		-2,546		

