								大连商品交易所 成交量_买持仓_卖持仓排名	

合约代码：m2107		Date：2021-06-10	

			期货公司会员	

名次		会员简称	成交量		增减		
1		中信期货	4,736		2,197		
2		中粮期货	3,542		2,096		
3		东证期货	3,539		-1,780		
4		华泰期货	3,509		1,874		
5		华安期货	2,835		1,859		
6		中衍期货	2,410		323		
7		中信建投	2,085		634		
8		安粮期货	1,773		1,476		
9		美尔雅期货	1,700		1,498		
10		鲁证期货	1,354		1,085		
11		海通期货	1,352		360		
12		中天期货	1,259		-202		
13		徽商期货	1,201		327		
14		天风期货	1,042		852		
15		宏源期货	903		440		
16		创元期货	895		641		
17		金瑞期货	871		586		
18		中融汇信	825		789		
19		南华期货	718		695		
20		国元期货	688		597		
总计				37,237		16,347		

名次		会员简称	持买单量	增减		
1		国泰君安	8,440		-1		
2		东吴期货	4,377		-14		
3		先锋期货	3,329		-80		
4		广州期货	3,230		500		
5		摩根大通	2,700		0		
6		一德期货	2,504		-50		
7		渤海期货	2,292		0		
8		平安期货	2,233		-67		
9		华融融达	2,011		-65		
10		鲁证期货	1,625		-16		
11		金瑞期货	1,553		2		
12		西南期货	1,420		207		
13		中信建投	1,318		-496		
14		华泰期货	1,274		-359		
15		国投安信	1,252		-264		
16		宝城期货	1,203		0		
17		中信期货	1,118		-325		
18		中粮期货	1,053		0		
19		中州期货	1,030		3		
20		国贸期货	993		-25		
总计				44,955		-1,050		

名次		会员简称	持卖单量	增减		
1		安粮期货	5,994		311		
2		天风期货	3,567		-747		
3		兴证期货	3,139		-1		
4		北京金鹏	2,825		-305		
5		国信期货	2,741		-182		
6		中融汇信	2,062		-793		
7		国投安信	2,023		-142		
8		鲁证期货	1,871		1,236		
9		创元期货	1,656		-686		
10		华融融达	1,576		-50		
11		中信期货	1,444		-151		
12		南华期货	1,414		-355		
13		中粮期货	1,407		1,074		
14		广州期货	1,332		-102		
15		永安期货	1,302		-132		
16		浙商期货	1,188		168		
17		华安期货	1,137		841		
18		光大期货	1,038		74		
19		华鑫期货	1,013		-185		
20		华泰期货	973		94		
总计				39,702		-33		



会员类别	总成交量	增减		
期货公司会员	37,237		16,347		

会员类别	总持买单量	增减		
期货公司会员	44,955		-1,050		

会员类别	总持卖单量	增减		
期货公司会员	39,702		-33		

