								大连商品交易所 成交量_买持仓_卖持仓排名	

合约代码：eg2109		Date：2021-06-10	

			期货公司会员	

名次		会员简称	成交量		增减		
1		东证期货	123,801		9,004		
2		中信期货	42,054		6,343		
3		国泰君安	39,814		2,695		
4		海通期货	24,113		2,910		
5		国富期货	21,052		-319		
6		浙商期货	14,739		357		
7		银河期货	14,676		1,903		
8		永安期货	13,813		5,738		
9		新湖期货	13,027		1,010		
10		华泰期货	12,837		900		
11		东吴期货	12,523		3,128		
12		方正中期	12,154		772		
13		申银万国	11,814		-178		
14		光大期货	10,727		2,350		
15		徽商期货	9,472		225		
16		兴证期货	9,054		1,406		
17		中辉期货	7,821		-535		
18		国投安信	7,569		7		
19		华闻期货	7,459		-1,069		
20		华安期货	7,451		487		
总计				415,970		37,134		

名次		会员简称	持买单量	增减		
1		中信期货	19,970		-70		
2		东吴期货	18,321		461		
3		华泰期货	12,154		307		
4		东证期货	11,096		241		
5		建信期货	9,932		448		
6		永安期货	8,726		163		
7		瑞达期货	7,968		102		
8		国泰君安	7,821		-1,336		
9		银河期货	6,419		-87		
10		上海中期	5,294		-205		
11		通惠期货	5,084		-94		
12		南华期货	4,511		25		
13		弘业期货	4,335		88		
14		方正中期	4,046		-441		
15		中银期货	3,899		56		
16		国元期货	3,580		-95		
17		新湖期货	3,579		163		
18		宏源期货	3,500		153		
19		兴业期货	3,454		-62		
20		中信建投	3,402		36		
总计				147,091		-147		

名次		会员简称	持卖单量	增减		
1		永安期货	17,709		-1,554		
2		国泰君安	14,862		-2,448		
3		中信期货	12,444		1,544		
4		天风期货	11,221		-638		
5		银河期货	10,527		-267		
6		东海期货	9,010		189		
7		宝城期货	8,680		166		
8		华泰期货	7,739		908		
9		格林大华	6,365		-268		
10		新湖期货	4,499		562		
11		海通期货	4,335		1,295		
12		中粮期货	4,080		-66		
13		广发期货	3,892		-677		
14		南华期货	3,885		-813		
15		方正中期	3,812		447		
16		瑞达期货	3,790		-115		
17		东证期货	3,628		-544		
18		鲁证期货	3,544		40		
19		建信期货	3,484		-293		
20		国投安信	3,237		445		
总计				140,743		-2,087		



会员类别	总成交量	增减		
期货公司会员	415,970		37,134		

会员类别	总持买单量	增减		
期货公司会员	147,091		-147		

会员类别	总持卖单量	增减		
期货公司会员	140,743		-2,087		

