								大连商品交易所 成交量_买持仓_卖持仓排名	

合约代码：eg2110		Date：2021-06-10	

			期货公司会员	

名次		会员简称	成交量		增减		
1		东证期货	15,581		2,654		
2		锦泰期货	2,815		-128		
3		国富期货	2,356		597		
4		五矿经易	1,726		110		
5		浙商期货	1,463		-113		
6		方正中期	1,354		-45		
7		中辉期货	1,014		-84		
8		海通期货	962		-91		
9		银河期货	898		230		
10		东吴期货	859		247		
11		国泰君安	760		143		
12		中信期货	666		29		
13		鲁证期货	654		378		
14		申银万国	635		-7		
15		招商期货	600		-3		
16		新湖期货	567		535		
17		国投安信	518		-40		
18		金瑞期货	446		80		
19		广发期货	370		-1,505		
20		华泰期货	344		123		
总计				34,588		3,110		

名次		会员简称	持买单量	增减		
1		国富期货	3,910		30		
2		东证期货	3,901		-24		
3		国投安信	3,302		-2		
4		五矿经易	2,801		-196		
5		浙商期货	2,356		-1		
6		招商期货	2,243		26		
7		国泰君安	1,832		-2		
8		方正中期	1,620		-3		
9		新湖期货	1,214		260		
10		海通期货	981		-20		
11		中信期货	913		25		
12		鲁证期货	817		55		
13		东吴期货	810		-12		
14		永安期货	771		9		
15		金瑞期货	608		190		
16		锦泰期货	582		46		
17		华安期货	576		0		
18		华泰期货	494		72		
19		银河期货	419		0		
20		国信期货	363		-52		
总计				30,513		401		

名次		会员简称	持卖单量	增减		
1		国富期货	3,971		36		
2		东证期货	3,779		-33		
3		国投安信	3,312		6		
4		五矿经易	2,799		-198		
5		浙商期货	2,355		-4		
6		招商期货	2,234		-16		
7		国泰君安	1,635		0		
8		方正中期	1,584		-7		
9		新湖期货	1,120		307		
10		瑞达期货	1,075		0		
11		海通期货	1,038		-4		
12		东吴期货	863		-3		
13		鲁证期货	807		-11		
14		永安期货	624		-2		
15		华安期货	581		4		
16		锦泰期货	575		65		
17		国信期货	499		3		
18		银河期货	487		4		
19		华泰期货	390		-70		
20		金瑞期货	358		-16		
总计				30,086		61		



会员类别	总成交量	增减		
期货公司会员	34,588		3,110		

会员类别	总持买单量	增减		
期货公司会员	30,513		401		

会员类别	总持卖单量	增减		
期货公司会员	30,086		61		

