								大连商品交易所 成交量_买持仓_卖持仓排名	

合约代码：a2109		Date：2021-06-10	

			期货公司会员	

名次		会员简称	成交量		增减		
1		国泰君安	48,304		23,626		
2		华泰期货	45,623		12,843		
3		东证期货	34,687		7,988		
4		中信期货	24,857		7,432		
5		光大期货	13,742		940		
6		国富期货	13,090		3,276		
7		海通期货	10,053		3,451		
8		兴证期货	10,043		3,149		
9		银河期货	8,763		2,972		
10		方正中期	7,458		1,497		
11		南华期货	7,411		2,081		
12		东吴期货	5,764		143		
13		海航期货	5,413		-1,953		
14		永安期货	4,724		-1,562		
15		美尔雅期货	4,346		2,682		
16		格林大华	4,095		1,355		
17		申银万国	4,040		671		
18		东方财富	3,993		1,533		
19		国投安信	3,890		-749		
20		徽商期货	3,771		123		
总计				264,067		71,498		

名次		会员简称	持买单量	增减		
1		中信期货	17,547		-92		
2		国投安信	7,740		654		
3		东证期货	7,431		1,032		
4		一德期货	5,501		786		
5		光大期货	5,226		97		
6		国泰君安	5,072		430		
7		信达期货	3,570		163		
8		南华期货	3,360		864		
9		永安期货	3,023		572		
10		浙商期货	2,831		165		
11		海航期货	2,788		1,327		
12		兴证期货	2,694		493		
13		申银万国	2,621		331		
14		招金期货	2,576		302		
15		银河期货	2,050		505		
16		深圳金汇	2,000		0		
17		瑞达期货	1,849		389		
18		中粮期货	1,815		269		
19		宏源期货	1,745		139		
20		美尔雅期货	1,622		693		
总计				83,061		9,119		

名次		会员简称	持卖单量	增减		
1		中信期货	11,603		1,313		
2		国泰君安	8,954		908		
3		银河期货	6,445		460		
4		东证期货	5,212		421		
5		海通期货	5,146		-829		
6		兴证期货	5,057		1,036		
7		华泰期货	4,786		695		
8		国投安信	3,811		36		
9		中投期货	3,213		1,338		
10		永安期货	3,035		318		
11		一德期货	3,026		18		
12		宏源期货	2,964		54		
13		海证期货	2,282		489		
14		申银万国	1,991		323		
15		东吴期货	1,963		-537		
16		招商期货	1,896		379		
17		光大期货	1,556		39		
18		中信建投	1,514		299		
19		北京首创	1,446		48		
20		中融汇信	1,341		285		
总计				77,241		7,093		



会员类别	总成交量	增减		
期货公司会员	264,067		71,498		

会员类别	总持买单量	增减		
期货公司会员	83,061		9,119		

会员类别	总持卖单量	增减		
期货公司会员	77,241		7,093		

