								大连商品交易所 成交量_买持仓_卖持仓排名	

合约代码：pp2110		Date：2021-06-10	

			期货公司会员	

名次		会员简称	成交量		增减		
1		国投安信	17,296		1,457		
2		东证期货	11,214		6,124		
3		国海良时	8,785		4,759		
4		东海期货	7,922		3,926		
5		五矿经易	7,001		2,150		
6		中信期货	6,109		3,035		
7		申银万国	3,782		1,029		
8		国富期货	2,641		429		
9		华泰期货	2,582		831		
10		银河期货	2,546		-592		
11		南华期货	2,391		410		
12		国泰君安	2,270		542		
13		东吴期货	2,254		-333		
14		安粮期货	2,132		1,186		
15		海证期货	1,823		522		
16		中粮期货	1,814		524		
17		恒泰期货	1,798		432		
18		金瑞期货	808		60		
19		华安期货	784		30		
20		华闻期货	715		-223		
总计				86,667		26,298		

名次		会员简称	持买单量	增减		
1		中信期货	7,420		55		
2		国泰君安	4,671		-25		
3		五矿经易	3,761		-453		
4		申银万国	3,446		-33		
5		海证期货	3,064		1		
6		国富期货	2,556		-990		
7		国投安信	2,489		-429		
8		银河期货	2,482		-32		
9		南华期货	2,276		42		
10		中粮期货	2,216		3		
11		恒泰期货	2,206		3		
12		国信期货	2,194		-2		
13		宏源期货	1,627		1		
14		海通期货	1,318		7		
15		华安期货	1,125		86		
16		东证期货	929		90		
17		安粮期货	827		116		
18		新湖期货	713		5		
19		方正中期	687		-8		
20		鲁证期货	645		50		
总计				46,652		-1,513		

名次		会员简称	持卖单量	增减		
1		中信期货	7,444		2		
2		国泰君安	4,946		35		
3		五矿经易	3,618		-442		
4		申银万国	3,551		-53		
5		海证期货	3,479		-6		
6		国信期货	2,601		2		
7		国富期货	2,536		-991		
8		国投安信	2,417		-429		
9		安粮期货	2,206		186		
10		恒泰期货	2,206		3		
11		南华期货	2,205		3		
12		中粮期货	2,204		3		
13		银河期货	1,706		-2		
14		海通期货	1,375		-12		
15		东证期货	886		74		
16		华安期货	765		0		
17		瑞达期货	711		0		
18		新湖期货	708		0		
19		国海良时	702		342		
20		东吴期货	680		-9		
总计				46,946		-1,294		



会员类别	总成交量	增减		
期货公司会员	86,667		26,298		

会员类别	总持买单量	增减		
期货公司会员	46,652		-1,513		

会员类别	总持卖单量	增减		
期货公司会员	46,946		-1,294		

