								大连商品交易所 成交量_买持仓_卖持仓排名	

合约代码：p2110		Date：2021-06-10	

			期货公司会员	

名次		会员简称	成交量		增减		
1		东证期货	9,475		3,968		
2		国泰君安	5,597		2,744		
3		华泰期货	5,229		1,791		
4		中信期货	5,091		2,710		
5		华安期货	4,728		2,082		
6		锦泰期货	3,065		712		
7		鲁证期货	2,099		418		
8		浙商期货	1,845		122		
9		申银万国	1,214		335		
10		光大期货	895		-106		
11		五矿经易	840		44		
12		华闻期货	520		-60		
13		招商期货	428		-203		
14		南华期货	364		94		
15		广发期货	261		230		
16		国联期货	185		72		
17		国投安信	178		-63		
18		弘业期货	171		-49		
19		东吴期货	170		99		
20		国富期货	148		-64		
总计				42,503		14,876		

名次		会员简称	持买单量	增减		
1		中信期货	2,679		10		
2		国投安信	2,581		5		
3		国泰君安	2,277		155		
4		五矿经易	1,863		7		
5		光大期货	1,837		110		
6		华泰期货	1,576		12		
7		鲁证期货	1,474		-203		
8		招商期货	1,207		0		
9		新湖期货	1,195		0		
10		浙商期货	754		1		
11		海通期货	717		-2		
12		永安期货	554		1		
13		乾坤期货	527		0		
14		宝城期货	500		0		
15		国元期货	500		0		
16		东吴期货	440		-5		
17		中信建投	363		1		
18		创元期货	354		0		
19		华西期货	236		0		
20		大地期货	220		0		
总计				21,854		92		

名次		会员简称	持卖单量	增减		
1		国泰君安	2,821		150		
2		中信期货	2,626		-5		
3		光大期货	1,841		105		
4		五矿经易	1,806		7		
5		国信期货	1,564		0		
6		华泰期货	1,509		13		
7		鲁证期货	1,486		-204		
8		新湖期货	1,199		0		
9		招商期货	1,198		2		
10		华闻期货	1,026		-25		
11		浙商期货	754		-8		
12		海通期货	718		-1		
13		永安期货	554		1		
14		锦泰期货	506		-102		
15		国元期货	502		1		
16		宝城期货	500		0		
17		东吴期货	400		-1		
18		创元期货	356		-3		
19		中信建投	353		0		
20		华西期货	235		0		
总计				21,954		-70		



会员类别	总成交量	增减		
期货公司会员	42,503		14,876		

会员类别	总持买单量	增减		
期货公司会员	21,854		92		

会员类别	总持卖单量	增减		
期货公司会员	21,954		-70		

