								大连商品交易所 成交量_买持仓_卖持仓排名	

合约代码：m2203		Date：2021-06-10	

			期货公司会员	

名次		会员简称	成交量		增减		
1		东证期货	7,416		-9,166		
2		申银万国	6,047		2,451		
3		民生期货	5,435		5,433		
4		华泰期货	4,133		-5,952		
5		国泰君安	3,088		-4,840		
6		海通期货	2,279		426		
7		浙商期货	2,209		-4,093		
8		华融融达	2,012		-2,040		
9		中信建投	1,930		-1,257		
10		华安期货	1,698		-1,681		
11		南华期货	1,583		178		
12		国元期货	1,390		-1,212		
13		五矿经易	1,353		-3,417		
14		招商期货	1,306		-772		
15		国海良时	1,225		-113		
16		中信期货	1,157		-385		
17		美尔雅期货	1,153		-1,628		
18		鲁证期货	1,145		-728		
19		光大期货	812		-2,474		
20		华闻期货	810		-870		
总计				48,181		-32,140		

名次		会员简称	持买单量	增减		
1		国泰君安	20,037		-5		
2		申银万国	18,773		1,996		
3		海通期货	16,529		5		
4		东证期货	13,685		70		
5		浙商期货	11,461		695		
6		国富期货	9,183		-4		
7		华泰期货	8,486		-271		
8		中信建投	8,438		55		
9		中信期货	8,315		138		
10		五矿经易	7,965		212		
11		鲁证期货	7,327		19		
12		国海良时	7,112		-5		
13		国投安信	7,077		7		
14		南华期货	6,921		-1		
15		国元期货	5,940		8		
16		招商期货	5,753		-17		
17		银河期货	3,758		-38		
18		华西期货	3,670		0		
19		美尔雅期货	2,741		210		
20		宝城期货	2,257		-11		
总计				175,428		3,063		

名次		会员简称	持卖单量	增减		
1		东证期货	21,790		-72		
2		国泰君安	19,539		103		
3		申银万国	18,670		2,003		
4		海通期货	15,096		4		
5		浙商期货	11,266		592		
6		国富期货	10,905		0		
7		五矿经易	10,107		-37		
8		国投安信	8,911		9		
9		中信期货	8,286		169		
10		中信建投	8,185		-1		
11		华泰期货	8,051		-250		
12		鲁证期货	7,248		0		
13		国海良时	6,843		-2		
14		南华期货	6,376		0		
15		招商期货	5,740		-5		
16		国元期货	5,729		0		
17		华融融达	4,000		-1,000		
18		华西期货	3,670		0		
19		银河期货	3,438		1		
20		国信期货	2,346		7		
总计				186,196		1,521		



会员类别	总成交量	增减		
期货公司会员	48,181		-32,140		

会员类别	总持买单量	增减		
期货公司会员	175,428		3,063		

会员类别	总持卖单量	增减		
期货公司会员	186,196		1,521		

