								大连商品交易所 成交量_买持仓_卖持仓排名	

合约代码：l2112		Date：2021-06-10	

			期货公司会员	

名次		会员简称	成交量		增减		
1		华闻期货	3,005		-41		
2		国元期货	831		304		
3		国海良时	807		96		
4		申银万国	795		291		
5		国泰君安	766		59		
6		光大期货	735		124		
7		方正中期	534		-2		
8		五矿经易	526		-6		
9		海证期货	473		-196		
10		长江期货	473		-170		
11		招商期货	440		85		
12		浙商期货	377		6		
13		东证期货	343		-63		
14		中信期货	300		-192		
15		安粮期货	183		119		
16		海通期货	106		2		
17		金石期货	86		68		
18		平安期货	83		47		
19		国信期货	80		40		
20		锦泰期货	63		17		
总计				11,006		588		

名次		会员简称	持买单量	增减		
1		申银万国	1,891		309		
2		浙商期货	1,730		0		
3		东证期货	1,597		6		
4		五矿经易	1,542		-206		
5		招商期货	1,493		-6		
6		海证期货	1,471		-1		
7		国泰君安	1,249		-100		
8		国海良时	1,151		2		
9		国元期货	983		3		
10		锦泰期货	960		4		
11		长江期货	953		-1		
12		方正中期	907		-200		
13		宏源期货	143		0		
14		平安期货	141		-34		
15		金石期货	108		-76		
16		华闻期货	52		46		
17		国投安信	38		0		
18		中信期货	36		11		
19		安粮期货	36		-155		
20		光大期货	34		-4		
总计				16,515		-402		

名次		会员简称	持卖单量	增减		
1		申银万国	1,900		318		
2		浙商期货	1,701		-1		
3		东证期货	1,607		-1		
4		五矿经易	1,543		-206		
5		招商期货	1,500		4		
6		海证期货	1,488		-2		
7		国海良时	1,345		-129		
8		国泰君安	1,200		-100		
9		国元期货	958		38		
10		长江期货	951		-2		
11		锦泰期货	925		-5		
12		方正中期	902		-202		
13		兴证期货	116		2		
14		华泰期货	88		-24		
15		美尔雅期货	84		-5		
16		瑞达期货	84		-5		
17		平安期货	67		-31		
18		国信期货	59		-20		
19		新湖期货	46		-3		
20		广发期货	38		-10		
总计				16,602		-384		



会员类别	总成交量	增减		
期货公司会员	11,006		588		

会员类别	总持买单量	增减		
期货公司会员	16,515		-402		

会员类别	总持卖单量	增减		
期货公司会员	16,602		-384		

