								大连商品交易所 成交量_买持仓_卖持仓排名	

合约代码：jd2101		Date：2020-10-26	

			期货公司会员	

名次		会员简称	成交量		增减		
1		东证期货	46,684		-13,516		
2		徽商期货	16,068		-6,541		
3		中信期货	14,848		-196		
4		海通期货	14,283		-4,425		
5		国富期货	14,144		-521		
6		宏源期货	13,548		-1,200		
7		银河期货	12,971		-1,262		
8		东吴期货	12,185		-3,963		
9		方正中期	11,607		-3,857		
10		国泰君安	9,833		-2,899		
11		华泰期货	9,801		-4,270		
12		华安期货	9,194		-6,981		
13		申银万国	8,900		-112		
14		中辉期货	8,783		-1,267		
15		兴证期货	7,877		87		
16		中信建投	7,347		-2,740		
17		光大期货	7,034		-2,553		
18		永安期货	6,924		-2,126		
19		金瑞期货	6,376		67		
20		华闻期货	5,197		-1,870		
总计				243,604		-60,145		

名次		会员简称	持买单量	增减		
1		福能期货	5,092		91		
2		方正中期	4,050		762		
3		永安期货	3,645		1,183		
4		申银万国	3,525		451		
5		汇鑫期货	3,311		396		
6		中信期货	3,260		-271		
7		中辉期货	3,203		-151		
8		徽商期货	3,170		397		
9		华泰期货	2,964		-592		
10		中信建投	2,785		918		
11		国泰君安	2,709		101		
12		华安期货	2,677		208		
13		鲁证期货	2,555		612		
14		宏源期货	2,306		39		
15		海证期货	2,235		-195		
16		东航期货	2,190		-145		
17		招金期货	2,146		1,250		
18		银河期货	2,135		-699		
19		广发期货	1,864		204		
20		东证期货	1,777		-3,242		
总计				57,599		1,317		

名次		会员简称	持卖单量	增减		
1		宏源期货	5,307		-399		
2		中信期货	4,949		797		
3		徽商期货	4,099		-255		
4		永安期货	4,077		319		
5		海通期货	3,861		2,431		
6		华泰期货	3,331		815		
7		国泰君安	3,268		36		
8		兴证期货	3,265		-92		
9		方正中期	3,193		-541		
10		银河期货	2,797		350		
11		中粮期货	2,566		-119		
12		中信建投	2,437		-17		
13		国海良时	2,339		284		
14		弘业期货	2,334		-958		
15		华安期货	2,290		-496		
16		东证期货	2,145		36		
17		申银万国	2,134		-87		
18		鲁证期货	1,971		145		
19		东航期货	1,857		-69		
20		光大期货	1,823		-19		
总计				60,043		2,161		



会员类别	总成交量	增减		
期货公司会员	243,604		-60,145		

会员类别	总持买单量	增减		
期货公司会员	57,599		1,317		

会员类别	总持卖单量	增减		
期货公司会员	60,043		2,161		

