								大连商品交易所 成交量_买持仓_卖持仓排名	

合约代码：a2101		Date：2020-10-26	

			期货公司会员	

名次		会员简称	成交量		增减		
1		华泰期货	66,828		6,414		
2		海通期货	21,985		6,541		
3		中信期货	20,123		2,395		
4		国富期货	17,332		1,450		
5		光大期货	16,924		3,704		
6		东证期货	15,841		83		
7		申银万国	14,468		4,097		
8		国泰君安	13,475		3,792		
9		方正中期	12,815		-254		
10		徽商期货	9,770		635		
11		银河期货	9,499		2,162		
12		南华期货	7,667		1,920		
13		兴证期货	6,797		140		
14		华闻期货	6,058		342		
15		国投安信	5,785		-2,006		
16		中辉期货	5,606		2,000		
17		广发期货	5,457		2,085		
18		东方财富	5,446		-1,537		
19		华安期货	5,031		-1,080		
20		先锋期货	5,021		-306		
总计				271,928		32,577		

名次		会员简称	持买单量	增减		
1		中信期货	9,239		267		
2		兴证期货	5,435		-194		
3		国投安信	4,489		-133		
4		中信建投	4,405		774		
5		国泰君安	4,023		-1,074		
6		华泰期货	3,512		-537		
7		新湖期货	3,310		230		
8		永安期货	2,853		-131		
9		宏源期货	2,746		-70		
10		中粮期货	2,342		-155		
11		海航期货	2,211		2,194		
12		大有期货	2,033		-17		
13		中辉期货	1,946		467		
14		先锋期货	1,916		906		
15		东航期货	1,837		-7		
16		华安期货	1,691		-150		
17		东证期货	1,641		-2,320		
18		申银万国	1,614		81		
19		海通期货	1,476		107		
20		银河期货	1,436		-644		
总计				60,155		-406		

名次		会员简称	持卖单量	增减		
1		永安期货	8,700		-270		
2		一德期货	5,822		-211		
3		鲁证期货	5,672		350		
4		银河期货	4,255		-825		
5		中信期货	4,202		234		
6		北京首创	3,947		74		
7		弘业期货	3,613		1,317		
8		南华期货	3,237		-122		
9		国投安信	3,047		-352		
10		国富期货	2,691		254		
11		天风期货	2,618		-332		
12		东证期货	2,558		1,223		
13		广发期货	2,418		-731		
14		华安期货	2,378		229		
15		光大期货	2,295		203		
16		东海期货	2,029		-3		
17		中粮期货	1,939		128		
18		华金期货	1,822		-485		
19		方正中期	1,731		734		
20		国泰君安	1,610		-139		
总计				66,584		1,276		



会员类别	总成交量	增减		
期货公司会员	271,928		32,577		

会员类别	总持买单量	增减		
期货公司会员	60,155		-406		

会员类别	总持卖单量	增减		
期货公司会员	66,584		1,276		

