								大连商品交易所 成交量_买持仓_卖持仓排名	

合约代码：jd2011		Date：2020-10-26	

			期货公司会员	

名次		会员简称	成交量		增减		
1		东证期货	10,442		-4,806		
2		徽商期货	3,217		-1,307		
3		国富期货	3,181		-976		
4		国泰君安	3,144		-849		
5		银河期货	2,278		-536		
6		华泰期货	1,994		-941		
7		方正中期	1,880		-1,262		
8		华安期货	1,778		-1,594		
9		天风期货	1,762		-567		
10		中信期货	1,742		-1,580		
11		瑞达期货	1,726		-597		
12		宏源期货	1,632		-1,736		
13		国贸期货	1,461		729		
14		光大期货	1,387		-846		
15		海通期货	1,382		-565		
16		中辉期货	1,362		-735		
17		美尔雅期货	1,252		528		
18		鲁证期货	1,236		-227		
19		中信建投	1,228		-1,115		
20		安粮期货	1,119		-202		
总计				45,203		-19,184		

名次		会员简称	持买单量	增减		
1		福能期货	1,743		-212		
2		永安期货	1,081		43		
3		国泰君安	1,013		-196		
4		徽商期货	909		-342		
5		中信建投	879		-335		
6		华安期货	830		-168		
7		方正中期	694		-213		
8		中辉期货	573		-158		
9		鲁证期货	560		-462		
10		汇鑫期货	537		-28		
11		华泰期货	515		-95		
12		南华期货	443		38		
13		中信期货	428		-339		
14		银河期货	427		-621		
15		广发期货	415		-73		
16		浙商期货	397		2		
17		光大期货	368		-81		
18		新湖期货	337		-16		
19		弘业期货	336		-90		
20		中财期货	320		-2		
总计				12,805		-3,348		

名次		会员简称	持卖单量	增减		
1		中信建投	1,998		-135		
2		方正中期	1,683		-439		
3		格林大华	1,486		-172		
4		美尔雅期货	994		-259		
5		银河期货	844		-247		
6		徽商期货	814		-175		
7		英大期货	782		-186		
8		宏源期货	723		-218		
9		浙商期货	652		-216		
10		鲁证期货	620		-286		
11		一德期货	538		8		
12		永安期货	511		-134		
13		长江期货	504		-58		
14		弘业期货	498		212		
15		中融汇信	492		-20		
16		盛达期货	480		-106		
17		国泰君安	466		48		
18		南华期货	420		171		
19		华安期货	402		-8		
20		国贸期货	393		-1,217		
总计				15,300		-3,437		



会员类别	总成交量	增减		
期货公司会员	45,203		-19,184		

会员类别	总持买单量	增减		
期货公司会员	12,805		-3,348		

会员类别	总持卖单量	增减		
期货公司会员	15,300		-3,437		

