								大连商品交易所 成交量_买持仓_卖持仓排名	

合约代码：m2105		Date：2020-10-26	

			期货公司会员	

名次		会员简称	成交量		增减		
1		东证期货	183,397		-6,350		
2		国泰君安	51,559		-7,669		
3		中粮期货	45,548		19,844		
4		光大期货	42,367		-1,877		
5		中信期货	34,989		1,048		
6		新湖期货	33,364		190		
7		永安期货	29,308		4,607		
8		海通期货	28,737		3,044		
9		国投安信	26,539		-7,835		
10		国富期货	20,161		3,825		
11		宏源期货	17,339		3,163		
12		华泰期货	17,238		459		
13		银河期货	15,842		79		
14		申银万国	12,903		3,345		
15		美尔雅期货	12,764		1,912		
16		华安期货	12,359		1,918		
17		安粮期货	10,867		-283		
18		长江期货	10,782		-1,297		
19		浙商期货	10,775		2,389		
20		平安期货	10,654		5,656		
总计				627,492		26,168		

名次		会员简称	持买单量	增减		
1		五矿经易	88,172		-614		
2		永安期货	86,436		4,237		
3		银河期货	38,892		-2,634		
4		宏源期货	36,680		1,116		
5		中粮期货	33,876		3,747		
6		浙商期货	32,237		-1,883		
7		光大期货	31,727		333		
8		东证期货	29,129		-2,193		
9		东吴期货	28,634		123		
10		一德期货	26,005		-175		
11		摩根大通	25,884		1,618		
12		国富期货	23,738		1,060		
13		国投安信	23,429		-3,171		
14		国泰君安	22,607		1,769		
15		海通期货	21,760		391		
16		大地期货	19,719		-1,707		
17		华泰期货	18,745		-514		
18		申银万国	15,587		-4,529		
19		兴业期货	15,125		-215		
20		广发期货	14,163		-318		
总计				632,545		-3,559		

名次		会员简称	持卖单量	增减		
1		中粮期货	294,387		-25,877		
2		国投安信	181,969		-1,248		
3		银河期货	95,407		1,266		
4		广发期货	53,504		-1,811		
5		中信期货	40,159		-521		
6		国泰君安	33,780		460		
7		海通期货	29,653		-2,832		
8		新湖期货	28,684		39		
9		南华期货	28,059		187		
10		渤海期货	26,863		-297		
11		永安期货	26,724		1,507		
12		鲁证期货	26,617		17		
13		一德期货	26,483		2,740		
14		北京首创	24,156		1,399		
15		摩根大通	18,379		-594		
16		平安期货	14,653		-3,392		
17		五矿经易	14,595		573		
18		建信期货	13,676		-56		
19		宏源期货	11,621		-1,361		
20		冠通期货	10,624		67		
总计				999,993		-29,734		



会员类别	总成交量	增减		
期货公司会员	627,492		26,168		

会员类别	总持买单量	增减		
期货公司会员	632,545		-3,559		

会员类别	总持卖单量	增减		
期货公司会员	999,993		-29,734		

