								大连商品交易所 成交量_买持仓_卖持仓排名	

合约代码：eb2102		Date：2020-10-26	

			期货公司会员	

名次		会员简称	成交量		增减		
1		国泰君安	47,432		36,661		
2		海通期货	34,972		19,336		
3		申银万国	34,446		31,077		
4		东证期货	13,876		-5,121		
5		浙商期货	8,487		-6,457		
6		银河期货	7,119		-17,599		
7		方正中期	6,286		823		
8		中信期货	6,219		-976		
9		锦泰期货	5,978		-1,854		
10		五矿经易	3,694		-1,524		
11		国富期货	3,007		-3,073		
12		迈科期货	2,830		-2,212		
13		中粮期货	2,352		-7,312		
14		东吴期货	1,921		1,019		
15		格林大华	1,880		-1,656		
16		瑞达期货	1,755		-4,143		
17		光大期货	1,643		-349		
18		鲁证期货	1,600		-1,228		
19		华闻期货	1,114		-1,282		
20		兴证期货	932		-2,874		
总计				187,543		31,256		

名次		会员简称	持买单量	增减		
1		锦泰期货	2,661		232		
2		国泰君安	1,247		481		
3		中信期货	1,038		-10		
4		五矿经易	992		5		
5		东吴期货	901		900		
6		鲁证期货	759		0		
7		中粮期货	632		131		
8		兴证期货	514		507		
9		东证期货	461		-13		
10		西部期货	360		360		
11		瑞达期货	312		30		
12		格林大华	300		-4		
13		申银万国	183		64		
14		银河期货	117		10		
15		浙商期货	110		-97		
16		国金期货	103		-93		
17		徽商期货	64		-211		
18		华泰期货	61		-10		
19		国富期货	42		42		
20		华安期货	34		-102		
总计				10,891		2,222		

名次		会员简称	持卖单量	增减		
1		锦泰期货	2,487		-36		
2		中信期货	1,043		29		
3		五矿经易	992		-23		
4		华泰期货	954		226		
5		东证期货	937		19		
6		东吴期货	900		895		
7		鲁证期货	765		6		
8		国泰君安	761		-5		
9		兴业期货	700		700		
10		中粮期货	616		95		
11		瑞达期货	314		33		
12		格林大华	300		-14		
13		申银万国	129		-52		
14		金瑞期货	60		60		
15		银河期货	42		9		
16		红塔期货	29		2		
17		国海良时	21		20		
18		国金期货	20		0		
19		迈科期货	17		3		
20		大越期货	15		0		
总计				11,102		1,967		



会员类别	总成交量	增减		
期货公司会员	187,543		31,256		

会员类别	总持买单量	增减		
期货公司会员	10,891		2,222		

会员类别	总持卖单量	增减		
期货公司会员	11,102		1,967		

