								大连商品交易所 成交量_买持仓_卖持仓排名	

合约代码：i2102		Date：2020-10-26	

			期货公司会员	

名次		会员简称	成交量		增减		
1		国富期货	87,684		2,068		
2		国泰君安	70,554		6,509		
3		渤海期货	34,819		33,352		
4		申银万国	32,780		4,961		
5		海通期货	31,283		-5,059		
6		东证期货	29,045		4,430		
7		银河期货	27,054		360		
8		中辉期货	24,401		16,424		
9		宏源期货	21,089		12,922		
10		光大期货	18,829		1,747		
11		中钢期货	16,716		15,544		
12		弘业期货	15,509		-310		
13		新湖期货	15,149		9,850		
14		鲁证期货	14,989		-3,038		
15		东海期货	14,233		17		
16		徽商期货	12,691		-3,866		
17		方正中期	12,214		2,624		
18		浙商期货	10,159		5,684		
19		先锋期货	9,880		-3,357		
20		中国国际	9,720		7,958		
总计				508,798		108,820		

名次		会员简称	持买单量	增减		
1		申银万国	12,561		-114		
2		永安期货	2,173		398		
3		国投安信	1,659		0		
4		中信期货	1,545		-74		
5		招商期货	1,507		293		
6		华泰期货	1,436		-22		
7		中粮期货	1,392		356		
8		东吴期货	1,361		504		
9		华安期货	1,078		-1		
10		鲁证期货	1,017		-248		
11		宏源期货	978		-87		
12		方正中期	969		288		
13		海通期货	680		-115		
14		国泰君安	623		-150		
15		中信建投	621		-1		
16		弘业期货	587		-25		
17		南华期货	523		34		
18		浙商期货	460		-25		
19		新湖期货	379		-2		
20		宝城期货	352		14		
总计				31,901		1,023		

名次		会员简称	持卖单量	增减		
1		申银万国	12,596		36		
2		永安期货	1,760		-14		
3		招商期货	1,760		322		
4		华泰期货	1,553		-118		
5		国投安信	1,531		-10		
6		中信期货	1,342		110		
7		东吴期货	1,342		501		
8		东海期货	1,220		1		
9		华安期货	1,138		4		
10		鲁证期货	1,022		-43		
11		宏源期货	935		-32		
12		海通期货	924		-12		
13		中信建投	835		-25		
14		方正中期	674		326		
15		弘业期货	559		-16		
16		南华期货	522		-15		
17		国富期货	495		279		
18		浙商期货	443		-2		
19		新湖期货	381		3		
20		宝城期货	357		3		
总计				31,389		1,298		



会员类别	总成交量	增减		
期货公司会员	508,798		108,820		

会员类别	总持买单量	增减		
期货公司会员	31,901		1,023		

会员类别	总持卖单量	增减		
期货公司会员	31,389		1,298		

