								大连商品交易所 成交量_买持仓_卖持仓排名	

合约代码：m2101		Date：2020-10-26	

			期货公司会员	

名次		会员简称	成交量		增减		
1		东证期货	526,979		8,723		
2		国泰君安	267,865		-25,592		
3		永安期货	76,140		8,644		
4		海通期货	70,779		1,958		
5		中信期货	63,646		-12,149		
6		国富期货	58,756		11,764		
7		格林大华	49,420		2,717		
8		华西期货	47,985		-5,371		
9		申银万国	42,769		2,062		
10		兴证期货	40,736		-38		
11		方正中期	39,025		-10,226		
12		华泰期货	38,785		-6,100		
13		中粮期货	30,852		-4,665		
14		银河期货	29,593		-17,535		
15		国投安信	28,623		-17,735		
16		五矿经易	24,830		7,935		
17		一德期货	23,790		3,117		
18		徽商期货	22,110		-7,882		
19		南华期货	21,495		2,009		
20		东吴期货	21,271		8,088		
总计				1,525,449	-50,276		

名次		会员简称	持买单量	增减		
1		永安期货	171,626		-8,384		
2		五矿经易	88,449		8,688		
3		中粮期货	73,192		-2,675		
4		国投安信	55,474		-127		
5		中信期货	54,121		240		
6		一德期货	46,594		-8,567		
7		申银万国	35,876		1,318		
8		摩根大通	35,152		275		
9		华泰期货	34,546		-180		
10		南华期货	34,031		-944		
11		东证期货	30,041		4,144		
12		国泰君安	28,311		-1,158		
13		瑞达期货	27,039		822		
14		兴证期货	23,994		-1,678		
15		浙商期货	23,136		-2,183		
16		广发期货	21,207		-2,255		
17		深圳金汇	18,610		1,288		
18		宏源期货	18,067		-799		
19		国富期货	16,184		-1,254		
20		中国国际	15,255		4,325		
总计				850,905		-9,104		

名次		会员简称	持卖单量	增减		
1		国投安信	144,323		-2,560		
2		中粮期货	129,966		-3,901		
3		摩根大通	79,480		587		
4		国泰君安	77,076		-1,038		
5		银河期货	65,289		-3,369		
6		中信期货	64,371		-3,250		
7		鲁证期货	51,132		-34		
8		南华期货	44,091		249		
9		新湖期货	38,549		-650		
10		平安期货	37,606		-1,818		
11		东证期货	35,260		-4,205		
12		海通期货	33,073		-10,687		
13		一德期货	32,075		-1,355		
14		民生期货	28,767		-296		
15		建信期货	26,405		515		
16		美尔雅期货	21,163		-159		
17		永安期货	19,601		-778		
18		广发期货	19,115		-775		
19		北京金鹏	17,190		-181		
20		北京首创	16,651		1,077		
总计				981,183		-32,628		



会员类别	总成交量	增减		
期货公司会员	1,525,449	-50,276		

会员类别	总持买单量	增减		
期货公司会员	850,905		-9,104		

会员类别	总持卖单量	增减		
期货公司会员	981,183		-32,628		

