								大连商品交易所 成交量_买持仓_卖持仓排名	

合约代码：m2103		Date：2020-10-26	

			期货公司会员	

名次		会员简称	成交量		增减		
1		华闻期货	4,029		-1,557		
2		申银万国	3,872		-3,181		
3		海通期货	3,298		-1,366		
4		方正中期	2,856		-6,433		
5		国海良时	2,122		-1,962		
6		鲁证期货	2,116		-2,152		
7		浙商期货	2,076		-90		
8		国投安信	2,071		-436		
9		南华期货	1,985		-745		
10		东证期货	1,969		-1,282		
11		中粮期货	1,765		-1,266		
12		宏源期货	1,683		-1,112		
13		格林大华	1,526		-631		
14		招商期货	1,504		-479		
15		国富期货	1,495		1,070		
16		弘业期货	1,492		-611		
17		五矿经易	1,490		-1,953		
18		新湖期货	1,362		-866		
19		中信期货	1,360		555		
20		光大期货	1,359		-2,697		
总计				41,430		-27,194		

名次		会员简称	持买单量	增减		
1		永安期货	3,034		477		
2		海通期货	2,842		-190		
3		中粮期货	2,456		-51		
4		南华期货	1,735		53		
5		招商期货	1,264		41		
6		国投安信	1,255		8		
7		美尔雅期货	1,043		-9		
8		安粮期货	1,019		312		
9		五矿经易	1,002		0		
10		鲁证期货	949		66		
11		国泰君安	872		-16		
12		天风期货	808		48		
13		上海中期	769		-1		
14		瑞达期货	767		0		
15		格林大华	678		1		
16		鑫鼎盛期货	676		40		
17		广发期货	664		-42		
18		招金期货	662		-1		
19		北京金鹏	660		0		
20		浙商期货	655		-477		
总计				23,810		259		

名次		会员简称	持卖单量	增减		
1		中信期货	4,779		957		
2		国泰君安	4,693		-19		
3		中粮期货	4,304		-182		
4		海通期货	2,333		-198		
5		国投安信	1,949		41		
6		南华期货	1,739		6		
7		摩根大通	1,568		0		
8		海证期货	1,364		130		
9		方正中期	1,254		4		
10		招商期货	1,068		-7		
11		广发期货	1,062		1		
12		金瑞期货	1,000		-3		
13		弘业期货	834		-25		
14		国富期货	792		705		
15		鲁证期货	791		40		
16		东吴期货	717		-1		
17		五矿经易	636		-2		
18		光大期货	508		265		
19		格林大华	469		-9		
20		永安期货	400		0		
总计				32,260		1,703		



会员类别	总成交量	增减		
期货公司会员	41,430		-27,194		

会员类别	总持买单量	增减		
期货公司会员	23,810		259		

会员类别	总持卖单量	增减		
期货公司会员	32,260		1,703		

