								大连商品交易所 成交量_买持仓_卖持仓排名	

合约代码：b2012		Date：2020-10-26	

			期货公司会员	

名次		会员简称	成交量		增减		
1		华泰期货	28,131		-975		
2		国泰君安	9,553		749		
3		国富期货	9,384		-2,147		
4		国投安信	5,768		859		
5		海通期货	5,312		470		
6		中信期货	4,713		179		
7		光大期货	4,294		-1,483		
8		申银万国	3,043		284		
9		东方财富	2,799		-868		
10		东证期货	2,707		-200		
11		华闻期货	2,588		223		
12		渤海期货	2,561		-157		
13		方正中期	2,411		-288		
14		五矿经易	1,999		508		
15		南华期货	1,991		-133		
16		徽商期货	1,896		-804		
17		安粮期货	1,513		-402		
18		弘业期货	1,466		-648		
19		宏源期货	1,440		-371		
20		中原期货	1,370		-300		
总计				94,939		-5,504		

名次		会员简称	持买单量	增减		
1		国投安信	1,992		72		
2		光大期货	1,228		-247		
3		弘业期货	946		90		
4		海通期货	942		469		
5		五矿经易	937		-72		
6		南华期货	799		-34		
7		东证期货	770		529		
8		华泰期货	760		340		
9		中原期货	747		-48		
10		中信期货	745		202		
11		渤海期货	646		37		
12		美尔雅期货	597		523		
13		申银万国	554		-1,210		
14		国富期货	543		-263		
15		国泰君安	525		130		
16		国海良时	505		-1		
17		方正中期	502		-41		
18		东方财富	463		-88		
19		深圳金汇	400		0		
20		新湖期货	371		142		
总计				14,972		530		

名次		会员简称	持卖单量	增减		
1		国投安信	1,940		60		
2		上海中期	1,680		33		
3		光大期货	1,263		-23		
4		五矿经易	1,080		-23		
5		弘业期货	908		64		
6		东证期货	766		4		
7		中原期货	715		-4		
8		渤海期货	713		-124		
9		永安期货	670		88		
10		中信期货	590		105		
11		国海良时	579		-11		
12		海通期货	570		-19		
13		中信建投	518		282		
14		华泰期货	447		49		
15		北京首创	445		8		
16		申银万国	438		-1,049		
17		国泰君安	365		91		
18		兴证期货	348		15		
19		先融期货	346		-14		
20		方正中期	338		-6		
总计				14,719		-474		



会员类别	总成交量	增减		
期货公司会员	94,939		-5,504		

会员类别	总持买单量	增减		
期货公司会员	14,972		530		

会员类别	总持卖单量	增减		
期货公司会员	14,719		-474		

