								大连商品交易所 成交量_买持仓_卖持仓排名	

合约代码：jd2012		Date：2020-10-26	

			期货公司会员	

名次		会员简称	成交量		增减		
1		东证期货	11,954		-5,598		
2		宏源期货	2,907		-3,680		
3		中粮期货	2,886		874		
4		徽商期货	2,775		-5,628		
5		方正中期	2,450		-109		
6		鲁证期货	2,249		-1,303		
7		南华期货	2,206		204		
8		中辉期货	2,165		614		
9		瑞达期货	1,968		-1,336		
10		光大期货	1,914		-208		
11		申银万国	1,834		-205		
12		招金期货	1,652		-629		
13		国泰君安	1,531		-2,023		
14		华安期货	1,460		-1,392		
15		先锋期货	1,247		-113		
16		中信建投	1,182		-1,743		
17		海通期货	1,178		-58		
18		国联期货	1,119		106		
19		中信期货	1,106		-319		
20		银河期货	1,047		84		
总计				46,830		-22,462		

名次		会员简称	持买单量	增减		
1		福能期货	5,919		79		
2		鲁证期货	2,696		-103		
3		汇鑫期货	2,464		14		
4		中信期货	2,462		65		
5		海证期货	1,791		-6		
6		宏源期货	1,451		-98		
7		方正中期	1,451		-422		
8		徽商期货	1,309		92		
9		中信建投	1,282		-74		
10		华泰期货	1,272		-33		
11		中辉期货	991		-134		
12		永安期货	940		-145		
13		华安期货	832		-110		
14		银河期货	806		419		
15		弘业期货	800		-302		
16		广发期货	791		-146		
17		东兴期货	788		-12		
18		上海大陆	762		68		
19		南华期货	744		5		
20		招金期货	736		86		
总计				30,287		-757		

名次		会员简称	持卖单量	增减		
1		徽商期货	4,118		-85		
2		方正中期	3,438		-848		
3		华安期货	1,959		-48		
4		国泰君安	1,853		-36		
5		鲁证期货	1,647		-48		
6		长江期货	1,587		5		
7		弘业期货	1,528		-163		
8		中信建投	1,412		-438		
9		中辉期货	1,377		341		
10		海通期货	1,348		-164		
11		先锋期货	1,337		126		
12		中信期货	1,299		-57		
13		宏源期货	1,208		-549		
14		中州期货	1,059		190		
15		招金期货	994		134		
16		申银万国	912		-236		
17		华融融达	847		-326		
18		光大期货	838		-47		
19		新湖期货	728		171		
20		银河期货	726		10		
总计				30,215		-2,068		



会员类别	总成交量	增减		
期货公司会员	46,830		-22,462		

会员类别	总持买单量	增减		
期货公司会员	30,287		-757		

会员类别	总持卖单量	增减		
期货公司会员	30,215		-2,068		

