								大连商品交易所 成交量_买持仓_卖持仓排名	

合约代码：l2101		Date：2020-10-26	

			期货公司会员	

名次		会员简称	成交量		增减		
1		东证期货	166,539		20,002		
2		国泰君安	36,390		10,031		
3		兴证期货	34,447		14,805		
4		国富期货	22,725		-1,000		
5		中信期货	21,036		673		
6		新湖期货	18,655		2,488		
7		海通期货	13,488		7,070		
8		方正中期	12,989		4,204		
9		华泰期货	12,322		497		
10		银河期货	11,767		2,388		
11		永安期货	11,178		4,714		
12		中信建投	8,909		-1,399		
13		中大期货	6,411		4,735		
14		冠通期货	5,981		2,002		
15		国信期货	4,939		-915		
16		东吴期货	4,932		-18		
17		徽商期货	4,867		-414		
18		宏源期货	4,546		81		
19		东兴期货	4,450		2,135		
20		鲁证期货	4,368		-282		
总计				410,939		71,797		

名次		会员简称	持买单量	增减		
1		永安期货	42,416		1,781		
2		信达期货	17,282		-98		
3		东证期货	14,102		-816		
4		中信期货	12,155		-708		
5		中粮期货	10,182		1,025		
6		华泰期货	9,784		979		
7		南华期货	7,488		-415		
8		国泰君安	7,026		170		
9		方正中期	6,988		-528		
10		中大期货	6,594		3,417		
11		国投安信	6,053		-334		
12		银河期货	5,974		-194		
13		浙商期货	4,524		-251		
14		新湖期货	4,446		-164		
15		华安期货	4,369		-549		
16		申银万国	4,183		348		
17		一德期货	3,803		754		
18		大地期货	3,332		-56		
19		建信期货	3,329		-206		
20		东海期货	3,276		293		
总计				177,306		4,448		

名次		会员简称	持卖单量	增减		
1		国投安信	20,835		0		
2		华泰期货	18,194		-323		
3		中信期货	17,005		356		
4		建信期货	16,887		193		
5		东证期货	15,735		233		
6		永安期货	13,011		157		
7		光大期货	12,844		-96		
8		浙商期货	9,715		284		
9		上海中期	8,040		-597		
10		中信建投	6,761		-136		
11		方正中期	6,668		313		
12		兴业期货	6,436		143		
13		中大期货	5,413		212		
14		中国国际	5,037		-253		
15		银河期货	4,752		5		
16		东海期货	4,385		-25		
17		南华期货	3,939		-249		
18		国泰君安	3,840		2		
19		鲁证期货	3,506		649		
20		东吴期货	3,203		276		
总计				186,206		1,144		



会员类别	总成交量	增减		
期货公司会员	410,939		71,797		

会员类别	总持买单量	增减		
期货公司会员	177,306		4,448		

会员类别	总持卖单量	增减		
期货公司会员	186,206		1,144		

