								大连商品交易所 成交量_买持仓_卖持仓排名	

合约代码：jm2101		Date：2020-10-26	

			期货公司会员	

名次		会员简称	成交量		增减		
1		东证期货	25,608		3,814		
2		光大期货	8,936		727		
3		国富期货	8,222		446		
4		国泰君安	7,714		-999		
5		中辉期货	7,695		1,144		
6		申银万国	6,453		1,693		
7		华泰期货	5,901		2,084		
8		中信期货	4,637		-386		
9		迈科期货	4,258		218		
10		兴证期货	3,819		1,097		
11		海通期货	3,777		1,163		
12		中粮期货	2,691		790		
13		银河期货	2,536		590		
14		徽商期货	2,495		330		
15		方正中期	2,451		481		
16		先锋期货	2,424		516		
17		国投安信	2,225		238		
18		天风期货	1,934		1,207		
19		东吴期货	1,859		840		
20		华闻期货	1,724		356		
总计				107,359		16,349		

名次		会员简称	持买单量	增减		
1		东证期货	12,739		9,065		
2		中信期货	11,873		-368		
3		华泰期货	5,621		460		
4		国泰君安	4,705		502		
5		永安期货	3,558		-346		
6		国富期货	3,431		1,250		
7		国投安信	3,275		742		
8		鲁证期货	3,215		294		
9		中辉期货	2,975		-164		
10		兴证期货	2,943		-678		
11		海通期货	2,531		-94		
12		光大期货	2,438		1,469		
13		中粮期货	2,223		476		
14		上海东亚	2,182		-33		
15		申银万国	1,996		616		
16		国贸期货	1,671		163		
17		银河期货	1,647		130		
18		东航期货	1,628		-148		
19		迈科期货	1,606		83		
20		中信建投	1,534		-556		
总计				73,791		12,863		

名次		会员简称	持卖单量	增减		
1		东证期货	12,450		10,061		
2		一德期货	7,213		-81		
3		申银万国	6,845		-375		
4		银河期货	6,560		-496		
5		永安期货	5,501		270		
6		平安期货	4,879		0		
7		中辉期货	4,220		1,257		
8		国富期货	3,855		1,390		
9		鲁证期货	3,179		-285		
10		中信期货	2,572		-465		
11		冠通期货	2,206		-136		
12		国泰君安	2,163		-146		
13		中信建投	2,044		136		
14		光大期货	1,930		855		
15		国联期货	1,915		30		
16		海通期货	1,776		681		
17		浙商期货	1,755		-39		
18		长江期货	1,707		361		
19		迈科期货	1,642		105		
20		华泰期货	1,540		133		
总计				75,952		13,256		



会员类别	总成交量	增减		
期货公司会员	107,359		16,349		

会员类别	总持买单量	增减		
期货公司会员	73,791		12,863		

会员类别	总持卖单量	增减		
期货公司会员	75,952		13,256		

