								大连商品交易所 成交量_买持仓_卖持仓排名	

合约代码：v2101		Date：2020-11-16	

			期货公司会员	

名次		会员简称	成交量		增减		
1		东证期货	191,321		54,136		
2		兴证期货	58,112		6,026		
3		中信建投	45,188		16,626		
4		国泰君安	30,774		9,265		
5		国富期货	25,439		12,446		
6		中信期货	23,859		9,240		
7		华金期货	20,898		-4,948		
8		永安期货	18,450		4,657		
9		华泰期货	15,656		1,579		
10		方正中期	13,385		3,529		
11		海通期货	12,127		-1,053		
12		银河期货	11,594		4,678		
13		申银万国	10,184		3,560		
14		徽商期货	9,062		-1,252		
15		中辉期货	8,451		-809		
16		一德期货	7,938		4,010		
17		南华期货	7,821		1,554		
18		弘业期货	7,780		2,951		
19		浙商期货	7,660		2,733		
20		华闻期货	7,343		4,819		
总计				533,042		133,747		

名次		会员简称	持买单量	增减		
1		永安期货	44,125		-92		
2		中信期货	18,531		1,733		
3		华泰期货	13,829		1,879		
4		国泰君安	9,379		-526		
5		国投安信	9,137		-293		
6		银河期货	8,449		656		
7		天风期货	8,419		352		
8		海通期货	8,285		2,354		
9		一德期货	7,883		-1,027		
10		东证期货	7,567		1,113		
11		申银万国	6,612		1,906		
12		南华期货	6,565		309		
13		方正中期	6,224		673		
14		美尔雅期货	5,941		3,082		
15		瑞达期货	5,750		-723		
16		北京首创	5,398		425		
17		鲁证期货	5,247		1,011		
18		兴证期货	5,050		-954		
19		中财期货	5,014		629		
20		中信建投	4,885		730		
总计				192,290		13,237		

名次		会员简称	持卖单量	增减		
1		永安期货	34,332		928		
2		国信期货	21,835		423		
3		建信期货	12,129		1,119		
4		兴业期货	11,627		72		
5		中财期货	10,440		589		
6		国贸期货	10,209		-403		
7		浙商期货	10,079		132		
8		中信期货	9,912		2,298		
9		一德期货	9,413		455		
10		中信建投	9,112		-202		
11		申银万国	8,659		2,122		
12		中国国际	8,291		820		
13		东证期货	8,265		2,132		
14		大地期货	8,138		269		
15		国泰君安	7,760		224		
16		华泰期货	7,156		303		
17		方正中期	7,114		538		
18		银河期货	6,248		754		
19		广发期货	5,955		545		
20		宏源期货	5,233		-1,472		
总计				211,907		11,646		



会员类别	总成交量	增减		
期货公司会员	533,042		133,747		

会员类别	总持买单量	增减		
期货公司会员	192,290		13,237		

会员类别	总持卖单量	增减		
期货公司会员	211,907		11,646		

