								大连商品交易所 成交量_买持仓_卖持仓排名	

合约代码：c2101		Date：2020-11-16	

			期货公司会员	

名次		会员简称	成交量		增减		
1		国泰君安	264,072		134,245		
2		华泰期货	162,496		67,351		
3		东证期货	147,526		58,483		
4		兴证期货	51,375		29,071		
5		国富期货	32,591		-3,394		
6		中粮期货	30,411		1,965		
7		天风期货	29,583		7,450		
8		中信期货	25,320		318		
9		光大期货	23,744		12,019		
10		北京首创	21,841		14,425		
11		永安期货	21,289		-5,626		
12		银河期货	19,172		9,116		
13		海通期货	18,461		8,077		
14		东海期货	16,684		6,710		
15		华闻期货	14,405		-2,179		
16		国信期货	14,069		6,134		
17		东航期货	12,753		9,152		
18		国投安信	11,377		2,585		
19		招商期货	11,240		6,641		
20		华安期货	11,041		5,282		
总计				939,450		367,825		

名次		会员简称	持买单量	增减		
1		永安期货	138,954		-7,485		
2		东证期货	69,658		-2,731		
3		国投安信	58,752		42		
4		国泰君安	50,777		-2,415		
5		五矿经易	42,355		987		
6		华融融达	38,640		-446		
7		光大期货	37,960		-1,527		
8		鲁证期货	32,430		1,184		
9		中粮期货	30,203		-12,292		
10		中信期货	27,608		-468		
11		海证期货	27,529		601		
12		申银万国	25,341		487		
13		华泰期货	19,380		1,169		
14		北京首创	14,636		-7,468		
15		浙商期货	14,410		-953		
16		国盛期货	12,418		699		
17		南华期货	12,358		-317		
18		一德期货	11,294		-1,585		
19		安粮期货	11,107		-162		
20		东兴期货	9,583		-2,010		
总计				685,393		-34,690		

名次		会员简称	持卖单量	增减		
1		中粮期货	120,384		2,697		
2		中信期货	80,398		-2,572		
3		光大期货	47,839		7,615		
4		国泰君安	46,610		-15,925		
5		永安期货	39,011		-1,732		
6		中国国际	26,080		-209		
7		国投安信	25,738		-297		
8		华泰期货	25,389		1,690		
9		国富期货	24,462		-1,632		
10		南华期货	23,789		-610		
11		国贸期货	21,431		-258		
12		华安期货	18,023		1,915		
13		银河期货	14,725		-4,034		
14		海通期货	14,215		-1,497		
15		宝城期货	12,712		204		
16		中财期货	12,373		-203		
17		民生期货	12,256		2,492		
18		广发期货	12,205		391		
19		格林大华	11,802		983		
20		瑞达期货	11,793		-100		
总计				601,235		-11,082		



会员类别	总成交量	增减		
期货公司会员	939,450		367,825		

会员类别	总持买单量	增减		
期货公司会员	685,393		-34,690		

会员类别	总持卖单量	增减		
期货公司会员	601,235		-11,082		

