								大连商品交易所 成交量_买持仓_卖持仓排名	

合约代码：m2109		Date：2020-11-16	

			期货公司会员	

名次		会员简称	成交量		增减		
1		东证期货	40,279		1,847		
2		光大期货	13,417		810		
3		迈科期货	9,425		-803		
4		国泰君安	8,613		56		
5		中信期货	8,330		750		
6		永安期货	6,934		4,723		
7		华安期货	6,546		4,443		
8		中天期货	6,370		209		
9		招金期货	5,971		1,731		
10		浙商期货	5,482		2,745		
11		国元期货	5,220		-6,471		
12		海通期货	5,131		2,063		
13		安粮期货	4,821		-1,533		
14		方正中期	4,701		153		
15		宏源期货	4,376		1,337		
16		国富期货	4,092		3,208		
17		银河期货	3,982		-3,002		
18		江苏东华	3,542		2,233		
19		新湖期货	3,288		779		
20		北京首创	3,041		1,756		
总计				153,561		17,034		

名次		会员简称	持买单量	增减		
1		安粮期货	22,124		1,122		
2		永安期货	15,564		764		
3		国泰君安	13,190		905		
4		海通期货	11,621		-268		
5		华闻期货	10,125		-84		
6		中粮期货	9,535		465		
7		格林大华	9,082		106		
8		大地期货	7,698		116		
9		浙商期货	6,464		-420		
10		瑞达期货	6,298		554		
11		国投安信	6,024		-775		
12		宏源期货	5,423		486		
13		长江期货	5,415		207		
14		华泰期货	5,300		19		
15		国元期货	5,247		10		
16		兴业期货	4,871		-96		
17		东证期货	4,787		-95		
18		中信建投	4,444		-103		
19		中信期货	4,205		642		
20		中辉期货	4,139		63		
总计				161,556		3,618		

名次		会员简称	持卖单量	增减		
1		摩根大通	64,711		1,829		
2		银河期货	33,592		1,836		
3		永安期货	32,650		2,768		
4		中粮期货	29,343		444		
5		新湖期货	11,364		1,329		
6		一德期货	10,945		124		
7		北京首创	10,730		1,485		
8		国投安信	10,483		556		
9		平安期货	6,947		-254		
10		华泰期货	6,178		-507		
11		信达期货	5,912		65		
12		国泰君安	5,656		1,070		
13		五矿经易	4,753		-974		
14		华融融达	3,630		2,050		
15		中信期货	3,146		2		
16		宏源期货	2,850		-12		
17		国元期货	2,403		0		
18		中天期货	2,110		-54		
19		南华期货	1,987		62		
20		中融汇信	1,987		175		
总计				251,377		11,994		



会员类别	总成交量	增减		
期货公司会员	153,561		17,034		

会员类别	总持买单量	增减		
期货公司会员	161,556		3,618		

会员类别	总持卖单量	增减		
期货公司会员	251,377		11,994		

