								大连商品交易所 成交量_买持仓_卖持仓排名	

合约代码：i2109		Date：2020-11-16	

			期货公司会员	

名次		会员简称	成交量		增减		
1		东吴期货	1,268		713		
2		华闻期货	1,184		793		
3		东海期货	1,141		459		
4		国泰君安	1,110		305		
5		方正中期	849		677		
6		光大期货	757		-8		
7		国信期货	618		69		
8		鲁证期货	605		75		
9		南华期货	518		160		
10		东证期货	482		153		
11		徽商期货	435		267		
12		永安期货	432		89		
13		申银万国	345		-102		
14		华泰期货	344		166		
15		五矿经易	342		-11		
16		中信期货	302		-710		
17		中信建投	293		135		
18		银河期货	289		-9		
19		华西期货	261		-25		
20		中辉期货	249		-18		
总计				11,824		3,178		

名次		会员简称	持买单量	增减		
1		浙商期货	3,526		-3		
2		华泰期货	1,618		278		
3		广发期货	1,602		-22		
4		金石期货	1,190		0		
5		海证期货	1,028		0		
6		银河期货	776		-8		
7		长江期货	612		33		
8		方正中期	597		-31		
9		永安期货	595		-42		
10		中国国际	524		2		
11		乾坤期货	450		0		
12		英大期货	410		50		
13		东海期货	405		0		
14		东航期货	403		-20		
15		海航期货	350		0		
16		浙江新世纪	344		11		
17		国贸期货	344		179		
18		徽商期货	323		-60		
19		海通期货	304		-96		
20		光大期货	304		-3		
总计				15,705		268		

名次		会员简称	持卖单量	增减		
1		国泰君安	2,262		114		
2		海证期货	2,134		2		
3		银河期货	1,693		-3		
4		永安期货	1,576		50		
5		上海中期	1,340		1		
6		国投安信	1,128		-10		
7		国富期货	1,068		-4		
8		东证期货	909		-318		
9		海通期货	880		10		
10		东海期货	832		263		
11		光大期货	658		-2		
12		国联期货	627		2		
13		宏源期货	562		68		
14		徽商期货	420		9		
15		新湖期货	380		14		
16		华西期货	334		0		
17		山金期货	319		0		
18		浙商期货	294		-10		
19		北京首创	243		0		
20		国贸期货	236		-1		
总计				17,895		185		



会员类别	总成交量	增减		
期货公司会员	11,824		3,178		

会员类别	总持买单量	增减		
期货公司会员	15,705		268		

会员类别	总持卖单量	增减		
期货公司会员	17,895		185		

