								大连商品交易所 成交量_买持仓_卖持仓排名	

合约代码：pp2105		Date：2020-11-16	

			期货公司会员	

名次		会员简称	成交量		增减		
1		永安期货	4,658		2,298		
2		中信期货	4,493		1,006		
3		华闻期货	4,284		1,443		
4		国投安信	3,085		372		
5		华安期货	2,575		-907		
6		方正中期	2,475		974		
7		徽商期货	2,445		1,072		
8		银河期货	2,311		1,456		
9		宝城期货	2,083		-804		
10		安粮期货	1,898		738		
11		国泰君安	1,851		-366		
12		招金期货	1,206		398		
13		东证期货	1,159		-1,301		
14		光大期货	1,122		17		
15		东海期货	1,104		941		
16		南华期货	1,035		-915		
17		宏源期货	984		-702		
18		华泰期货	933		-95		
19		海通期货	885		-778		
20		中银期货	883		564		
总计				41,469		5,411		

名次		会员简称	持买单量	增减		
1		永安期货	8,778		797		
2		中信期货	4,529		1,348		
3		国泰君安	3,384		73		
4		瑞达期货	3,178		128		
5		华泰期货	2,966		-40		
6		东证期货	2,524		44		
7		鲁证期货	2,520		108		
8		方正中期	2,153		1,122		
9		国投安信	1,489		-123		
10		信达期货	1,476		156		
11		宏源期货	1,178		-29		
12		一德期货	1,013		-88		
13		浙商期货	908		-13		
14		中银期货	837		-30		
15		广发期货	797		478		
16		浙江新世纪	781		-18		
17		南华期货	756		6		
18		光大期货	704		20		
19		华安期货	655		-66		
20		金瑞期货	648		363		
总计				41,274		4,236		

名次		会员简称	持卖单量	增减		
1		华泰期货	5,378		213		
2		宝城期货	4,877		1,868		
3		银河期货	4,506		1,685		
4		国信期货	3,312		449		
5		国投安信	3,214		86		
6		永安期货	3,205		59		
7		浙商期货	2,251		195		
8		国贸期货	2,246		250		
9		南华期货	1,807		173		
10		东海期货	1,478		31		
11		方正中期	1,314		141		
12		五矿经易	1,270		8		
13		兴证期货	1,253		-16		
14		鲁证期货	1,246		-37		
15		中大期货	1,171		42		
16		国海良时	962		69		
17		上海中期	893		113		
18		华安期货	676		51		
19		国泰君安	675		62		
20		中粮期货	616		-65		
总计				42,350		5,377		



会员类别	总成交量	增减		
期货公司会员	41,469		5,411		

会员类别	总持买单量	增减		
期货公司会员	41,274		4,236		

会员类别	总持卖单量	增减		
期货公司会员	42,350		5,377		

