								大连商品交易所 成交量_买持仓_卖持仓排名	

合约代码：i2102		Date：2020-11-16	

			期货公司会员	

名次		会员简称	成交量		增减		
1		国富期货	67,390		-42,615		
2		申银万国	64,266		29,704		
3		东证期货	58,762		8,749		
4		国泰君安	52,081		2,671		
5		华泰期货	47,414		23,251		
6		方正中期	38,717		9,882		
7		海通期货	35,723		-5,021		
8		华安期货	25,460		11,477		
9		瑞达期货	22,596		11,585		
10		光大期货	21,980		386		
11		银河期货	19,264		-12,883		
12		华闻期货	17,937		6,204		
13		中信期货	17,760		2,373		
14		徽商期货	16,009		122		
15		中衍期货	15,271		-7,747		
16		国金期货	12,283		12,267		
17		先融期货	12,272		12,260		
18		江西瑞奇	12,258		12,255		
19		山西三立	11,314		11,314		
20		浙商期货	9,577		-14,183		
总计				578,334		72,051		

名次		会员简称	持买单量	增减		
1		国泰君安	11,128		1,425		
2		申银万国	6,998		-252		
3		中信期货	3,443		-116		
4		招商期货	2,255		13		
5		东吴期货	2,060		0		
6		华泰期货	1,847		57		
7		国投安信	1,627		-25		
8		中信建投	1,451		23		
9		国元期货	1,270		122		
10		中大期货	1,101		0		
11		宏源期货	1,087		29		
12		冠通期货	1,013		140		
13		中金期货	1,000		0		
14		创元期货	931		59		
15		海证期货	891		-10		
16		鲁证期货	759		-75		
17		华安期货	726		53		
18		永安期货	690		60		
19		海通期货	647		47		
20		南华期货	583		-39		
总计				41,507		1,511		

名次		会员简称	持卖单量	增减		
1		国泰君安	9,135		-10		
2		申银万国	7,010		-290		
3		招商期货	2,337		-24		
4		东吴期货	2,285		105		
5		鲁证期货	2,046		698		
6		国投安信	1,768		139		
7		中信期货	1,599		56		
8		华泰期货	1,541		-37		
9		中信建投	1,401		8		
10		宏源期货	1,245		17		
11		东海期货	1,219		-2		
12		中大期货	1,132		12		
13		国元期货	1,103		-36		
14		冠通期货	1,063		187		
15		国信期货	1,037		492		
16		金信期货	1,000		0		
17		海通期货	868		8		
18		海证期货	866		0		
19		华闻期货	687		287		
20		创元期货	686		4		
总计				40,028		1,614		



会员类别	总成交量	增减		
期货公司会员	578,334		72,051		

会员类别	总持买单量	增减		
期货公司会员	41,507		1,511		

会员类别	总持卖单量	增减		
期货公司会员	40,028		1,614		

