								大连商品交易所 成交量_买持仓_卖持仓排名	

合约代码：v2105		Date：2020-11-16	

			期货公司会员	

名次		会员简称	成交量		增减		
1		中信期货	6,209		2,655		
2		东证期货	3,685		665		
3		永安期货	2,816		34		
4		华闻期货	2,538		1,166		
5		鲁证期货	2,445		975		
6		国泰君安	2,288		358		
7		中粮期货	2,072		1,645		
8		海通期货	2,029		1,615		
9		兴业期货	2,018		2,012		
10		大越期货	1,934		1,133		
11		宏源期货	1,816		770		
12		申银万国	1,600		732		
13		华泰期货	1,570		866		
14		方正中期	1,211		349		
15		中财期货	1,154		-355		
16		广州期货	899		520		
17		安粮期货	894		90		
18		华金期货	847		102		
19		南华期货	831		-44		
20		中辉期货	817		597		
总计				39,673		15,885		

名次		会员简称	持买单量	增减		
1		永安期货	5,428		-872		
2		天风期货	3,024		45		
3		中信期货	2,944		1,116		
4		申银万国	2,191		1,358		
5		国泰君安	2,141		360		
6		浙商期货	2,136		-80		
7		国投安信	2,064		232		
8		华泰期货	2,053		489		
9		南华期货	1,782		450		
10		鲁证期货	1,292		329		
11		中财期货	1,245		-155		
12		大越期货	1,071		290		
13		华金期货	1,059		309		
14		中粮期货	1,050		200		
15		宏源期货	1,028		95		
16		东海期货	999		212		
17		一德期货	872		33		
18		浙江新世纪	773		13		
19		广发期货	750		-165		
20		东证期货	643		43		
总计				34,545		4,302		

名次		会员简称	持卖单量	增减		
1		中投期货	7,654		648		
2		兴业期货	6,000		2,000		
3		永安期货	3,901		784		
4		中国国际	3,890		8		
5		华泰期货	2,826		137		
6		天风期货	2,651		-21		
7		国信期货	2,367		32		
8		申银万国	2,086		22		
9		国泰君安	1,382		494		
10		中信期货	1,243		207		
11		中财期货	1,217		335		
12		鲁证期货	908		346		
13		中粮期货	750		388		
14		银河期货	731		-13		
15		一德期货	663		574		
16		华融融达	659		153		
17		长江期货	565		15		
18		中辉期货	541		146		
19		徽商期货	461		1		
20		东证期货	453		122		
总计				40,948		6,378		



会员类别	总成交量	增减		
期货公司会员	39,673		15,885		

会员类别	总持买单量	增减		
期货公司会员	34,545		4,302		

会员类别	总持卖单量	增减		
期货公司会员	40,948		6,378		

