								大连商品交易所 成交量_买持仓_卖持仓排名	

合约代码：y2107		Date：2020-11-16	

			期货公司会员	

名次		会员简称	成交量		增减		
1		国富期货	33,052		14,031		
2		东证期货	17,433		-4,914		
3		光大期货	8,966		-276		
4		中天期货	8,437		5,861		
5		海通期货	8,412		4,512		
6		中辉期货	6,647		3,631		
7		浙商期货	6,263		-1,155		
8		先锋期货	3,830		2,930		
9		兴证期货	3,674		-3,157		
10		中信期货	3,634		2,224		
11		上海大陆	3,396		2,496		
12		中财期货	3,156		2,337		
13		鲁证期货	2,967		1,746		
14		华西期货	2,960		2,242		
15		新湖期货	2,895		1,825		
16		锦泰期货	2,895		304		
17		方正中期	2,789		807		
18		国海良时	2,706		1,965		
19		国投安信	2,700		1,630		
20		一德期货	2,576		1,779		
总计				129,388		40,818		

名次		会员简称	持买单量	增减		
1		国泰君安	3,799		5		
2		中信期货	1,999		-12		
3		招商期货	1,215		-6		
4		中信建投	997		-2		
5		浙商期货	574		-1		
6		鲁证期货	565		-8		
7		新湖期货	446		-23		
8		东吴期货	400		-1		
9		光大期货	368		-22		
10		五矿经易	236		0		
11		华泰期货	215		-11		
12		方正中期	212		-20		
13		创元期货	193		0		
14		中大期货	153		0		
15		东证期货	148		42		
16		兴证期货	131		-2		
17		中财期货	122		-4		
18		格林大华	116		-26		
19		中天期货	113		27		
20		海通期货	110		-5		
总计				12,112		-69		

名次		会员简称	持卖单量	增减		
1		国泰君安	3,749		0		
2		中信期货	1,669		4		
3		招商期货	1,209		-6		
4		中信建投	984		0		
5		鲁证期货	581		-5		
6		浙商期货	576		2		
7		新湖期货	542		-12		
8		广发期货	516		85		
9		光大期货	414		52		
10		东吴期货	401		0		
11		国富期货	363		-78		
12		五矿经易	235		-75		
13		东证期货	227		19		
14		方正中期	185		-15		
15		创元期货	184		0		
16		中大期货	150		0		
17		美尔雅期货	127		4		
18		兴证期货	126		2		
19		海通期货	125		-5		
20		一德期货	113		58		
总计				12,476		30		



会员类别	总成交量	增减		
期货公司会员	129,388		40,818		

会员类别	总持买单量	增减		
期货公司会员	12,112		-69		

会员类别	总持卖单量	增减		
期货公司会员	12,476		30		

