								大连商品交易所 成交量_买持仓_卖持仓排名	

合约代码：eg2101		Date：2020-11-16	

			期货公司会员	

名次		会员简称	成交量		增减		
1		东证期货	86,083		-28,001		
2		国泰君安	26,298		-5,211		
3		中信期货	24,968		-21,989		
4		国富期货	22,100		-4,983		
5		华泰期货	17,230		-4,244		
6		海通期货	14,123		-3,345		
7		徽商期货	10,164		-9,688		
8		方正中期	10,034		-3,909		
9		永安期货	8,830		-4,478		
10		光大期货	7,552		-10,625		
11		华安期货	7,459		-3,670		
12		东吴期货	7,391		-2,086		
13		国投安信	7,273		1,142		
14		银河期货	7,162		-5,389		
15		中辉期货	6,653		-4,254		
16		华闻期货	6,486		-709		
17		新湖期货	6,111		-2,355		
18		东方财富	6,062		-2,783		
19		申银万国	5,768		-4,704		
20		华西期货	5,563		-871		
总计				293,310		-122,152	

名次		会员简称	持买单量	增减		
1		弘业期货	11,120		-797		
2		兴业期货	8,151		-675		
3		信达期货	7,709		-772		
4		华泰期货	7,092		-763		
5		东证期货	6,881		-104		
6		永安期货	6,831		-754		
7		国泰君安	6,774		-657		
8		通惠期货	5,785		-47		
9		建信期货	5,498		-44		
10		中信期货	4,972		-675		
11		宏源期货	4,932		-18		
12		新湖期货	4,740		-120		
13		中财期货	4,681		-153		
14		华闻期货	4,536		-123		
15		创元期货	4,396		-446		
16		福能期货	4,225		-12		
17		国投安信	4,021		29		
18		方正中期	3,951		-374		
19		南华期货	3,831		-582		
20		一德期货	3,381		-17		
总计				113,507		-7,104		

名次		会员简称	持卖单量	增减		
1		中信期货	22,322		1,043		
2		永安期货	11,083		-2,126		
3		华泰期货	8,349		-1,289		
4		国泰君安	5,749		-13		
5		天风期货	5,428		243		
6		东证期货	5,166		613		
7		国元期货	5,017		53		
8		宏源期货	4,968		-471		
9		国贸期货	4,928		390		
10		兴证期货	4,404		-979		
11		宝城期货	4,135		459		
12		申银万国	4,056		-262		
13		中信建投	3,958		-607		
14		银河期货	3,926		163		
15		国投安信	3,626		-16		
16		南华期货	3,587		74		
17		方正中期	3,419		18		
18		中辉期货	3,205		-959		
19		新湖期货	3,205		-163		
20		东海期货	3,150		-320		
总计				113,681		-4,149		



会员类别	总成交量	增减		
期货公司会员	293,310		-122,152	

会员类别	总持买单量	增减		
期货公司会员	113,507		-7,104		

会员类别	总持卖单量	增减		
期货公司会员	113,681		-4,149		

