								大连商品交易所 成交量_买持仓_卖持仓排名	

合约代码：l2101		Date：2020-11-16	

			期货公司会员	

名次		会员简称	成交量		增减		
1		东证期货	224,197		-22,591		
2		兴证期货	80,420		-12,277		
3		国泰君安	52,906		20,606		
4		中信期货	37,445		-4,354		
5		国富期货	28,710		-16,759		
6		海通期货	18,441		7,840		
7		中信建投	15,596		-9,190		
8		方正中期	15,079		-455		
9		银河期货	14,977		-353		
10		华泰期货	11,582		-5,585		
11		徽商期货	10,695		-2,923		
12		永安期货	9,752		-5,239		
13		宏源期货	8,953		367		
14		申银万国	7,398		-922		
15		安粮期货	5,411		-5,706		
16		弘业期货	5,058		504		
17		南华期货	4,952		-3,584		
18		浙商期货	4,885		625		
19		国信期货	4,834		-863		
20		新湖期货	4,833		-571		
总计				566,124		-61,430		

名次		会员简称	持买单量	增减		
1		永安期货	28,290		-1,302		
2		东证期货	15,781		780		
3		中信期货	13,962		2,104		
4		华泰期货	13,780		-1,704		
5		信达期货	9,868		-1,010		
6		国泰君安	7,092		-708		
7		南华期货	6,622		342		
8		兴证期货	6,518		-2,215		
9		新湖期货	6,440		812		
10		中粮期货	6,194		-737		
11		银河期货	5,787		356		
12		徽商期货	5,704		1,999		
13		海通期货	5,226		-1,000		
14		国海良时	5,121		25		
15		方正中期	5,054		-352		
16		国信期货	4,664		1,819		
17		海证期货	4,079		536		
18		一德期货	4,014		77		
19		中信建投	3,962		2,413		
20		宏源期货	3,781		737		
总计				161,939		2,972		

名次		会员简称	持卖单量	增减		
1		华泰期货	23,217		1,122		
2		国投安信	21,726		396		
3		东证期货	15,360		-581		
4		光大期货	13,435		246		
5		永安期货	13,361		1,594		
6		中信期货	12,786		611		
7		浙商期货	12,130		868		
8		建信期货	11,092		-1,500		
9		银河期货	6,236		713		
10		中大期货	6,095		248		
11		方正中期	6,003		599		
12		南华期货	5,836		-248		
13		中国国际	5,591		158		
14		国泰君安	5,020		762		
15		国海良时	4,936		155		
16		兴业期货	4,859		-31		
17		上海中期	4,775		202		
18		一德期货	4,722		6		
19		申银万国	4,544		160		
20		新湖期货	4,219		-345		
总计				185,943		5,135		



会员类别	总成交量	增减		
期货公司会员	566,124		-61,430		

会员类别	总持买单量	增减		
期货公司会员	161,939		2,972		

会员类别	总持卖单量	增减		
期货公司会员	185,943		5,135		

