								大连商品交易所 成交量_买持仓_卖持仓排名	

合约代码：c2107		Date：2020-11-16	

			期货公司会员	

名次		会员简称	成交量		增减		
1		华泰期货	42,229		2,001		
2		国泰君安	35,501		4,687		
3		东证期货	13,844		2,902		
4		光大期货	12,205		2,873		
5		国富期货	10,426		-34		
6		海通期货	8,496		-8,908		
7		浙商期货	7,777		3,639		
8		五矿经易	7,502		1,640		
9		新湖期货	6,829		1,140		
10		中辉期货	5,750		3,142		
11		宏源期货	5,137		3,237		
12		弘业期货	3,819		131		
13		申银万国	3,800		-945		
14		中信期货	3,640		952		
15		鲁证期货	3,471		-1,411		
16		华安期货	3,185		1,539		
17		国海良时	2,921		-1,570		
18		东吴期货	2,909		2,041		
19		永安期货	2,770		-782		
20		创元期货	2,717		2,649		
总计				184,928		18,923		

名次		会员简称	持买单量	增减		
1		鲁证期货	28,425		3		
2		一德期货	12,471		0		
3		中信建投	10,975		26		
4		中州期货	9,383		3		
5		国泰君安	7,945		-49		
6		永安期货	3,746		14		
7		中辉期货	3,466		0		
8		中信期货	3,075		278		
9		东证期货	1,768		-178		
10		混沌天成	1,700		0		
11		华泰期货	1,667		98		
12		中大期货	1,486		47		
13		海通期货	1,440		-53		
14		申银万国	1,306		48		
15		华安期货	1,174		429		
16		海证期货	1,135		-147		
17		光大期货	1,101		-668		
18		东吴期货	1,091		-448		
19		国信期货	1,059		-278		
20		先锋期货	1,054		-500		
总计				95,467		-1,375		

名次		会员简称	持卖单量	增减		
1		光大期货	12,711		-147		
2		中信期货	11,887		22		
3		东证期货	9,121		-2,982		
4		金瑞期货	8,566		-154		
5		国投安信	6,742		58		
6		东吴期货	6,717		1,597		
7		鲁证期货	5,741		-4		
8		徽商期货	4,681		-74		
9		海证期货	3,585		1		
10		国泰君安	3,417		62		
11		永安期货	2,831		148		
12		华安期货	2,594		452		
13		东海期货	2,547		1		
14		长江期货	1,950		38		
15		海通期货	1,790		-233		
16		金元期货	1,621		2		
17		中大期货	1,505		49		
18		北京首创	1,339		0		
19		浙商期货	1,271		-37		
20		申银万国	1,264		66		
总计				91,880		-1,135		



会员类别	总成交量	增减		
期货公司会员	184,928		18,923		

会员类别	总持买单量	增减		
期货公司会员	95,467		-1,375		

会员类别	总持卖单量	增减		
期货公司会员	91,880		-1,135		

