								大连商品交易所 成交量_买持仓_卖持仓排名	

合约代码：m2105		Date：2020-11-16	

			期货公司会员	

名次		会员简称	成交量		增减		
1		东证期货	540,854		73,963		
2		国泰君安	203,689		62,378		
3		华西期货	114,569		39,053		
4		中信期货	84,111		-3,554		
5		永安期货	66,294		9,336		
6		国富期货	65,501		-7,742		
7		兴证期货	56,315		22,333		
8		华泰期货	52,936		11,583		
9		方正中期	40,177		-1,002		
10		申银万国	39,072		6,372		
11		中粮期货	37,146		2,643		
12		海通期货	36,940		2,050		
13		银河期货	30,675		-7,959		
14		格林大华	27,204		11,987		
15		宏源期货	27,036		4,355		
16		一德期货	25,496		10,476		
17		国投安信	23,109		-4,479		
18		中辉期货	23,073		7,293		
19		东吴期货	22,135		11,808		
20		浙商期货	21,555		5,309		
总计				1,537,887	256,203		

名次		会员简称	持买单量	增减		
1		永安期货	160,837		15,346		
2		中信期货	59,397		3,205		
3		五矿经易	58,457		7,526		
4		国泰君安	56,298		4,796		
5		申银万国	53,489		1,795		
6		浙商期货	52,233		4,502		
7		中粮期货	44,029		1,184		
8		东证期货	43,556		-3,012		
9		银河期货	43,034		2,767		
10		华泰期货	36,418		878		
11		国投安信	35,258		4,841		
12		摩根大通	34,711		2,945		
13		一德期货	33,968		-8,424		
14		宏源期货	33,489		-5,312		
15		海通期货	31,148		851		
16		广发期货	28,674		897		
17		东吴期货	27,394		3,549		
18		新湖期货	20,810		-1,426		
19		南华期货	20,417		3,235		
20		国富期货	19,386		-3,809		
总计				893,003		36,334		

名次		会员简称	持卖单量	增减		
1		中粮期货	280,822		-3,272		
2		国投安信	208,393		5,286		
3		银河期货	111,193		-324		
4		国泰君安	70,408		4,053		
5		海通期货	56,806		3,873		
6		广发期货	54,732		1,139		
7		中信期货	52,793		6,158		
8		永安期货	45,084		-2,030		
9		一德期货	38,799		1,918		
10		南华期货	37,997		492		
11		新湖期货	36,932		3,805		
12		北京首创	32,242		1,042		
13		鲁证期货	31,490		346		
14		渤海期货	26,610		-453		
15		平安期货	26,088		2,000		
16		摩根大通	21,667		-50		
17		五矿经易	18,551		29		
18		东证期货	17,896		732		
19		宏源期货	17,837		180		
20		国信期货	16,537		4,523		
总计				1,202,877	29,447		



会员类别	总成交量	增减		
期货公司会员	1,537,887	256,203		

会员类别	总持买单量	增减		
期货公司会员	893,003		36,334		

会员类别	总持卖单量	增减		
期货公司会员	1,202,877	29,447		

