								大连商品交易所 成交量_买持仓_卖持仓排名	

合约代码：i2103		Date：2020-11-16	

			期货公司会员	

名次		会员简称	成交量		增减		
1		华泰期货	43,554		26,656		
2		方正中期	22,180		21,335		
3		华安期货	18,736		9,228		
4		申银万国	18,426		17,770		
5		瑞达期货	13,805		10,043		
6		东证期货	7,646		6,298		
7		道通期货	7,292		3,344		
8		山西三立	7,018		7,018		
9		中衍期货	3,259		2,964		
10		中财期货	2,962		1,273		
11		光大期货	2,269		-523		
12		海通期货	1,457		462		
13		国联期货	1,442		223		
14		五矿经易	1,382		538		
15		宏源期货	1,369		727		
16		锦泰期货	1,219		462		
17		鲁证期货	929		617		
18		中信建投	789		284		
19		国海良时	708		155		
20		国投安信	698		368		
总计				157,140		109,242		

名次		会员简称	持买单量	增减		
1		华泰期货	1,440		13		
2		中信期货	1,407		21		
3		招商期货	1,293		-7		
4		国投安信	1,203		-5		
5		方正中期	855		-71		
6		宏源期货	637		129		
7		海通期货	593		-28		
8		南华期货	555		-22		
9		一德期货	533		20		
10		鲁证期货	476		0		
11		中信建投	453		2		
12		永安期货	400		2		
13		浙商期货	354		-14		
14		申银万国	282		31		
15		宝城期货	205		-57		
16		五矿经易	179		0		
17		中融汇信	170		0		
18		东证期货	162		45		
19		国富期货	111		7		
20		上海中期	107		0		
总计				11,415		66		

名次		会员简称	持卖单量	增减		
1		华泰期货	1,529		-5		
2		国投安信	1,402		-11		
3		招商期货	1,368		-11		
4		中信期货	1,097		35		
5		南华期货	615		41		
6		方正中期	606		-31		
7		国海良时	564		99		
8		海通期货	550		-55		
9		中信建投	489		1		
10		鲁证期货	483		1		
11		宏源期货	465		0		
12		创元期货	354		41		
13		中财期货	328		52		
14		永安期货	279		58		
15		浙商期货	262		-9		
16		宝城期货	227		-52		
17		申银万国	203		23		
18		五矿经易	179		0		
19		兴证期货	177		-11		
20		国富期货	172		-5		
总计				11,349		161		



会员类别	总成交量	增减		
期货公司会员	157,140		109,242		

会员类别	总持买单量	增减		
期货公司会员	11,415		66		

会员类别	总持卖单量	增减		
期货公司会员	11,349		161		

