								大连商品交易所 成交量_买持仓_卖持仓排名	

合约代码：m2103		Date：2020-11-16	

			期货公司会员	

名次		会员简称	成交量		增减		
1		国泰君安	8,470		4,608		
2		海通期货	8,194		4,705		
3		东证期货	6,422		901		
4		国投安信	5,644		3,297		
5		南华期货	3,953		-535		
6		锦泰期货	3,919		2,590		
7		中粮期货	3,795		3,223		
8		弘业期货	3,737		1,837		
9		申银万国	3,699		1,717		
10		国富期货	3,488		632		
11		鲁证期货	2,738		1,695		
12		兴证期货	2,303		2,000		
13		五矿经易	2,229		759		
14		浙商期货	2,195		1,130		
15		冠通期货	1,843		1,359		
16		宏源期货	1,829		549		
17		国海良时	1,751		594		
18		新湖期货	1,723		1,050		
19		招商期货	1,640		510		
20		华闻期货	1,463		567		
总计				71,035		33,188		

名次		会员简称	持买单量	增减		
1		国投安信	2,761		2,004		
2		招商期货	2,207		24		
3		中信期货	1,963		448		
4		海通期货	1,736		-10		
5		南华期货	1,707		265		
6		平安期货	1,636		521		
7		一德期货	1,593		661		
8		中粮期货	1,180		-5		
9		永安期货	1,077		-52		
10		美尔雅期货	841		34		
11		五矿经易	835		-11		
12		格林大华	725		0		
13		国富期货	628		19		
14		鑫鼎盛期货	624		0		
15		鲁证期货	619		-2		
16		北京首创	612		232		
17		广发期货	599		-3		
18		银河期货	588		32		
19		中天期货	564		-3		
20		福能期货	562		-16		
总计				23,057		4,138		

名次		会员简称	持卖单量	增减		
1		国泰君安	5,643		739		
2		招商期货	2,044		-12		
3		海通期货	1,685		-76		
4		摩根大通	1,568		0		
5		中信期货	1,468		221		
6		广发期货	1,287		5		
7		中粮期货	1,169		-202		
8		弘业期货	1,075		29		
9		申银万国	914		25		
10		南华期货	866		60		
11		浙商期货	755		411		
12		国投安信	709		-106		
13		兴证期货	603		503		
14		金瑞期货	600		0		
15		五矿经易	589		0		
16		东吴期货	566		134		
17		宏源期货	507		458		
18		一德期货	473		1		
19		国富期货	470		-289		
20		银河期货	466		-19		
总计				23,457		1,882		



会员类别	总成交量	增减		
期货公司会员	71,035		33,188		

会员类别	总持买单量	增减		
期货公司会员	23,057		4,138		

会员类别	总持卖单量	增减		
期货公司会员	23,457		1,882		

