								大连商品交易所 成交量_买持仓_卖持仓排名	

合约代码：p2101		Date：2020-11-16	

			期货公司会员	

名次		会员简称	成交量		增减		
1		东证期货	408,397		22,114		
2		光大期货	214,011		26,532		
3		中信期货	134,868		35,349		
4		国富期货	123,714		14,815		
5		华西期货	117,908		90,064		
6		国泰君安	111,840		18,457		
7		海通期货	71,833		4,981		
8		华闻期货	62,106		40,094		
9		徽商期货	54,934		7,187		
10		银河期货	52,351		5,159		
11		永安期货	51,508		15,559		
12		申银万国	51,186		-12,968		
13		华泰期货	50,255		16,518		
14		国元期货	39,841		3,255		
15		华安期货	36,452		-3,173		
16		国投安信	33,205		4,036		
17		东方财富	30,304		1,859		
18		新湖期货	29,688		9,968		
19		方正中期	28,889		-10,565		
20		东吴期货	25,943		-1,651		
总计				1,729,233	287,590		

名次		会员简称	持买单量	增减		
1		银河期货	29,904		1,826		
2		永安期货	22,180		-1,250		
3		中信期货	12,672		-3,531		
4		东证期货	12,650		-1,756		
5		国泰君安	12,582		632		
6		海通期货	11,861		-1,002		
7		中粮期货	11,502		-4,276		
8		五矿经易	11,280		-455		
9		国投安信	10,945		-16		
10		一德期货	10,094		616		
11		广发期货	9,919		139		
12		华泰期货	9,008		-1,104		
13		方正中期	8,306		160		
14		上海中期	6,943		-178		
15		申银万国	5,807		1,078		
16		兴证期货	5,750		1,193		
17		大地期货	5,511		-75		
18		浙商期货	5,475		-298		
19		金瑞期货	5,247		90		
20		招商期货	5,146		699		
总计				212,782		-7,508		

名次		会员简称	持卖单量	增减		
1		中粮期货	33,882		-2,246		
2		国投安信	29,249		-1,001		
3		国富期货	20,135		2,883		
4		中信期货	18,321		-1,159		
5		银河期货	15,986		-2,193		
6		东证期货	15,069		2,951		
7		国贸期货	14,409		-1,582		
8		弘业期货	9,585		30		
9		国泰君安	9,018		2,292		
10		海通期货	9,005		-793		
11		中天期货	7,839		-282		
12		永安期货	7,441		-5,236		
13		华融融达	7,325		-471		
14		华泰期货	6,366		833		
15		申银万国	6,325		-412		
16		鲁证期货	5,296		-396		
17		徽商期货	5,267		92		
18		东方财富	4,924		-99		
19		中融汇信	4,877		-119		
20		一德期货	4,714		-716		
总计				235,033		-7,624		



会员类别	总成交量	增减		
期货公司会员	1,729,233	287,590		

会员类别	总持买单量	增减		
期货公司会员	212,782		-7,508		

会员类别	总持卖单量	增减		
期货公司会员	235,033		-7,624		

