								大连商品交易所 成交量_买持仓_卖持仓排名	

合约代码：c2109		Date：2020-11-16	

			期货公司会员	

名次		会员简称	成交量		增减		
1		光大期货	8,546		1,571		
2		东证期货	6,849		4,081		
3		国泰君安	5,927		5,682		
4		平安期货	4,893		2,450		
5		国投安信	4,723		4,344		
6		安粮期货	3,536		3,112		
7		宏源期货	2,710		1,009		
8		东吴期货	2,573		2,490		
9		创元期货	2,552		2,542		
10		徽商期货	2,190		585		
11		方正中期	1,621		460		
12		金瑞期货	1,586		31		
13		海通期货	1,528		262		
14		华闻期货	1,491		-268		
15		中辉期货	1,426		739		
16		华安期货	1,388		602		
17		银河期货	1,336		206		
18		海证期货	1,250		980		
19		混沌天成	1,183		844		
20		南华期货	1,108		335		
总计				58,416		32,057		

名次		会员简称	持买单量	增减		
1		鲁证期货	31,321		20		
2		建信期货	15,134		673		
3		国泰君安	13,896		5,509		
4		一德期货	10,425		210		
5		海通期货	8,040		1,227		
6		中信建投	7,258		-24		
7		东吴期货	5,999		2,178		
8		中州期货	5,068		1,008		
9		光大期货	3,763		1,243		
10		安粮期货	3,290		2,984		
11		东海期货	2,580		3		
12		华安期货	2,579		430		
13		混沌天成	2,564		-155		
14		金瑞期货	2,143		-3		
15		国富期货	1,982		-265		
16		徽商期货	1,625		46		
17		金元期货	1,616		0		
18		福能期货	1,591		10		
19		中粮期货	1,342		952		
20		华闻期货	1,252		154		
总计				123,468		16,200		

名次		会员简称	持卖单量	增减		
1		永安期货	17,381		42		
2		北京首创	14,380		11		
3		海证期货	12,254		999		
4		东证期货	11,211		3,177		
5		国盛期货	8,104		201		
6		光大期货	7,843		-41		
7		国投安信	7,336		3,282		
8		平安期货	7,218		4,807		
9		中信期货	6,444		-263		
10		兴证期货	5,823		-97		
11		华融融达	5,772		4		
12		国泰君安	4,634		28		
13		五矿经易	3,608		2		
14		浙商期货	2,750		-14		
15		中金期货	2,284		0		
16		信达期货	2,227		41		
17		长江期货	1,989		-8		
18		美尔雅期货	1,554		3		
19		东航期货	1,448		-46		
20		金瑞期货	1,414		703		
总计				125,674		12,831		



会员类别	总成交量	增减		
期货公司会员	58,416		32,057		

会员类别	总持买单量	增减		
期货公司会员	123,468		16,200		

会员类别	总持卖单量	增减		
期货公司会员	125,674		12,831		

