								大连商品交易所 成交量_买持仓_卖持仓排名	

合约代码：l2101		Date：2020-10-15	

			期货公司会员	

名次		会员简称	成交量		增减		
1		东证期货	165,255		35,757		
2		兴证期货	43,293		4,350		
3		国泰君安	41,971		13,900		
4		国富期货	37,176		15,631		
5		中信期货	24,959		6,753		
6		永安期货	16,931		9,859		
7		中信建投	16,576		9,702		
8		银河期货	11,577		1,966		
9		方正中期	10,825		1,809		
10		华泰期货	10,152		1,514		
11		海通期货	8,710		4,067		
12		鲁证期货	8,029		1,241		
13		徽商期货	7,833		-394		
14		广发期货	7,699		4,401		
15		中辉期货	5,609		2,226		
16		国信期货	5,284		-110		
17		华安期货	4,970		1,142		
18		东吴期货	4,830		1,655		
19		宏源期货	4,583		1,230		
20		国投安信	4,497		804		
总计				440,759		117,503		

名次		会员简称	持买单量	增减		
1		永安期货	43,338		-1,751		
2		信达期货	17,699		778		
3		东证期货	13,356		471		
4		中信期货	12,520		-667		
5		华泰期货	9,574		229		
6		方正中期	8,618		955		
7		国泰君安	8,148		-402		
8		中粮期货	7,654		1,272		
9		南华期货	7,202		257		
10		浙商期货	6,645		261		
11		银河期货	6,330		485		
12		国投安信	6,108		1,017		
13		申银万国	5,227		142		
14		海通期货	4,950		846		
15		新湖期货	4,526		499		
16		华安期货	3,843		577		
17		浙江新世纪	3,569		221		
18		兴证期货	3,166		148		
19		徽商期货	3,162		-221		
20		大地期货	2,936		410		
总计				178,571		5,527		

名次		会员简称	持卖单量	增减		
1		国投安信	20,998		-254		
2		华泰期货	18,009		1,129		
3		建信期货	15,862		1,147		
4		中信期货	14,211		788		
5		永安期货	13,431		5,502		
6		光大期货	13,132		-446		
7		东证期货	12,465		-250		
8		浙商期货	10,280		-331		
9		银河期货	7,929		-486		
10		上海中期	7,794		455		
11		兴业期货	6,942		-85		
12		中信建投	6,359		3,019		
13		方正中期	6,097		-340		
14		中国国际	5,859		-130		
15		中大期货	5,784		-720		
16		鲁证期货	4,871		1,472		
17		东海期货	4,716		1,807		
18		南华期货	4,132		-608		
19		国信期货	3,883		1		
20		东吴期货	3,554		-660		
总计				186,308		11,010		



会员类别	总成交量	增减		
期货公司会员	440,759		117,503		

会员类别	总持买单量	增减		
期货公司会员	178,571		5,527		

会员类别	总持卖单量	增减		
期货公司会员	186,308		11,010		

