								大连商品交易所 成交量_买持仓_卖持仓排名	

合约代码：c2011		Date：2020-10-15	

			期货公司会员	

名次		会员简称	成交量		增减		
1		国泰君安	2,974		2,492		
2		银河期货	2,521		1,620		
3		中信期货	2,389		2,279		
4		中信建投	1,533		551		
5		华安期货	1,348		1,002		
6		方正中期	1,243		764		
7		兴证期货	1,206		397		
8		海通期货	993		422		
9		冠通期货	900		-2,120		
10		中粮期货	874		843		
11		国投安信	847		-377		
12		广州金控	728		724		
13		鲁证期货	700		684		
14		中辉期货	656		282		
15		渤海期货	548		540		
16		招商期货	540		119		
17		南华期货	453		305		
18		中钢期货	358		58		
19		金瑞期货	351		-1,477		
20		华闻期货	337		-175		
总计				21,499		8,933		

名次		会员简称	持买单量	增减		
1		国投安信	18,814		-836		
2		华安期货	8,608		-1,009		
3		国泰君安	2,615		1,326		
4		永安期货	1,542		-71		
5		东证期货	1,136		95		
6		广发期货	693		-98		
7		西部期货	381		350		
8		东吴期货	377		20		
9		海通期货	285		265		
10		南华期货	280		40		
11		新湖期货	279		174		
12		中辉期货	221		213		
13		迈科期货	202		-2		
14		中州期货	200		200		
15		山金期货	180		80		
16		兴业期货	160		160		
17		金瑞期货	156		153		
18		国联期货	150		-200		
19		光大期货	149		-39		
20		国富期货	99		-1		
总计				36,527		820		

名次		会员简称	持卖单量	增减		
1		民生期货	5,290		-69		
2		银河期货	4,868		-865		
3		一德期货	3,555		15		
4		中粮期货	3,234		-305		
5		中信期货	3,111		-605		
6		永安期货	2,020		4		
7		国投安信	1,931		745		
8		兴业期货	1,604		834		
9		金瑞期货	1,567		571		
10		长安期货	896		251		
11		光大期货	795		28		
12		广州金控	761		-700		
13		九州期货	720		20		
14		鲁证期货	705		666		
15		中融汇信	700		0		
16		国泰君安	634		-411		
17		新湖期货	594		180		
18		徽商期货	483		-15		
19		中信建投	302		-291		
20		华安期货	290		34		
总计				34,060		87		



会员类别	总成交量	增减		
期货公司会员	21,499		8,933		

会员类别	总持买单量	增减		
期货公司会员	36,527		820		

会员类别	总持卖单量	增减		
期货公司会员	34,060		87		

