								大连商品交易所 成交量_买持仓_卖持仓排名	

合约代码：i2101		Date：2020-10-15	

			期货公司会员	

名次		会员简称	成交量		增减		
1		国富期货	161,220		-133		
2		国泰君安	103,783		6,906		
3		中信期货	80,287		-19,710		
4		方正中期	57,518		-6,609		
5		海通期货	51,923		-4,173		
6		申银万国	47,351		5,613		
7		东证期货	42,861		-2,113		
8		永安期货	42,238		-10,107		
9		光大期货	40,808		5,736		
10		银河期货	39,990		-121		
11		华闻期货	37,721		-1,054		
12		华泰期货	36,724		-1,412		
13		南华期货	28,458		-1,465		
14		东海期货	28,259		-9,493		
15		徽商期货	23,103		-1,605		
16		浙商期货	22,136		2,156		
17		广发期货	21,885		-2,498		
18		国投安信	20,308		4,370		
19		中辉期货	18,108		-9,201		
20		宏源期货	16,748		276		
总计				921,429		-44,637		

名次		会员简称	持买单量	增减		
1		申银万国	54,579		3,786		
2		永安期货	51,307		670		
3		中信期货	49,433		2,089		
4		东海期货	36,935		2,171		
5		一德期货	34,556		-148		
6		鲁证期货	33,705		-422		
7		银河期货	31,310		-1,049		
8		摩根大通	26,768		-808		
9		东证期货	23,893		-926		
10		国泰君安	23,544		-345		
11		浙商期货	20,199		-188		
12		华泰期货	15,256		-3,334		
13		五矿经易	13,939		1,400		
14		方正中期	11,815		661		
15		弘业期货	11,146		1,074		
16		安粮期货	11,001		62		
17		海通期货	10,235		-2,868		
18		中粮期货	10,099		-278		
19		海证期货	9,775		-2,483		
20		广发期货	7,697		-1,405		
总计				487,192		-2,341		

名次		会员简称	持卖单量	增减		
1		中信期货	38,628		-680		
2		永安期货	36,442		968		
3		一德期货	33,311		-967		
4		浙商期货	31,548		-1,336		
5		方正中期	27,173		537		
6		华泰期货	26,778		-718		
7		鲁证期货	25,795		1,784		
8		大地期货	22,737		154		
9		银河期货	21,261		2,545		
10		东证期货	19,859		451		
11		南华期货	17,428		75		
12		东兴期货	16,021		164		
13		五矿经易	15,984		-683		
14		天风期货	14,600		1,330		
15		广发期货	13,391		-1,876		
16		海通期货	13,253		-2,595		
17		中辉期货	13,235		1,023		
18		国泰君安	12,956		1,308		
19		中钢期货	12,384		158		
20		国投安信	12,279		544		
总计				425,063		2,186		



会员类别	总成交量	增减		
期货公司会员	921,429		-44,637		

会员类别	总持买单量	增减		
期货公司会员	487,192		-2,341		

会员类别	总持卖单量	增减		
期货公司会员	425,063		2,186		

