								大连商品交易所 成交量_买持仓_卖持仓排名	

合约代码：c2109		Date：2020-10-15	

			期货公司会员	

名次		会员简称	成交量		增减		
1		光大期货	3,549		-2,323		
2		冠通期货	3,472		1,275		
3		华闻期货	2,239		-2,386		
4		鲁证期货	2,185		2,026		
5		海证期货	2,029		1,517		
6		国信期货	1,812		543		
7		华安期货	1,763		-128		
8		宏源期货	1,737		451		
9		国泰君安	1,697		311		
10		中投期货	1,455		767		
11		福能期货	1,367		1,238		
12		南华期货	1,303		419		
13		先锋期货	1,202		557		
14		方正中期	1,186		-1,569		
15		安粮期货	1,042		532		
16		银河期货	989		764		
17		国海良时	979		805		
18		东海期货	925		97		
19		徽商期货	856		-402		
20		长江期货	790		440		
总计				32,577		4,934		

名次		会员简称	持买单量	增减		
1		鲁证期货	16,310		2,030		
2		建信期货	10,837		262		
3		中信建投	4,502		25		
4		国富期货	3,194		501		
5		华融融达	2,953		14		
6		安粮期货	2,687		-188		
7		华安期货	1,939		25		
8		中粮期货	1,446		9		
9		华泰期货	1,288		58		
10		银河期货	1,075		-275		
11		福能期货	1,003		391		
12		徽商期货	834		11		
13		东海期货	747		-329		
14		国贸期货	594		54		
15		中天期货	589		10		
16		华金期货	579		6		
17		东吴期货	531		6		
18		前海期货	500		49		
19		永安期货	493		59		
20		招金期货	448		-74		
总计				52,549		2,644		

名次		会员简称	持卖单量	增减		
1		永安期货	7,885		15		
2		海证期货	5,565		1,582		
3		华融融达	5,400		57		
4		光大期货	4,862		1,338		
5		中信期货	3,745		321		
6		五矿经易	3,333		-33		
7		东证期货	3,249		-67		
8		浙商期货	2,550		-7		
9		长江期货	1,754		609		
10		美尔雅期货	1,569		-8		
11		方正中期	1,488		-630		
12		国泰君安	1,163		525		
13		北京首创	1,087		-1		
14		银河期货	1,005		170		
15		国投安信	935		9		
16		兴证期货	709		-15		
17		中投期货	697		422		
18		中国国际	687		-17		
19		海通期货	681		31		
20		信达期货	565		271		
总计				48,929		4,572		



会员类别	总成交量	增减		
期货公司会员	32,577		4,934		

会员类别	总持买单量	增减		
期货公司会员	52,549		2,644		

会员类别	总持卖单量	增减		
期货公司会员	48,929		4,572		

