								大连商品交易所 成交量_买持仓_卖持仓排名	

合约代码：c2105		Date：2020-10-15	

			期货公司会员	

名次		会员简称	成交量		增减		
1		东证期货	66,667		-6,223		
2		华泰期货	64,301		-25,558		
3		光大期货	32,429		-2,809		
4		国泰君安	25,564		5,097		
5		中信期货	23,373		-8,914		
6		永安期货	23,021		83		
7		五矿经易	17,340		8,932		
8		国富期货	16,417		8,170		
9		浙商期货	14,986		10,777		
10		宏源期货	13,869		1,644		
11		徽商期货	13,286		1,458		
12		东吴期货	12,479		9,205		
13		安粮期货	9,573		-1,465		
14		东航期货	8,686		5,888		
15		长江期货	8,659		1,785		
16		海通期货	8,374		11		
17		华安期货	8,314		1,058		
18		国信期货	7,433		3,038		
19		海证期货	7,284		-480		
20		混沌天成	7,178		4,418		
总计				389,233		16,115		

名次		会员简称	持买单量	增减		
1		鲁证期货	46,310		709		
2		北京首创	40,396		588		
3		国泰君安	36,431		-5,558		
4		永安期货	22,420		6,145		
5		一德期货	22,067		780		
6		中州期货	20,570		3,841		
7		中信建投	19,754		-118		
8		光大期货	19,096		720		
9		安粮期货	18,742		-486		
10		海证期货	18,021		2,869		
11		中信期货	16,160		2,409		
12		建信期货	15,343		120		
13		华融融达	13,900		160		
14		金瑞期货	12,100		1,079		
15		中粮期货	12,051		2,092		
16		华安期货	11,495		865		
17		中辉期货	11,009		375		
18		华泰期货	9,961		-683		
19		银河期货	9,152		-377		
20		五矿经易	8,475		-8,578		
总计				383,453		6,952		

名次		会员简称	持卖单量	增减		
1		中粮期货	65,438		-599		
2		南华期货	47,967		-111		
3		永安期货	45,770		-1,960		
4		光大期货	42,840		-171		
5		中信期货	29,101		-92		
6		金瑞期货	23,056		-618		
7		华融融达	22,857		138		
8		东证期货	22,097		-628		
9		海证期货	19,752		151		
10		浙商期货	18,690		4		
11		国投安信	15,394		-357		
12		鲁证期货	14,123		-386		
13		摩根大通	11,295		-917		
14		国泰君安	10,994		4,252		
15		国富期货	10,890		10,020		
16		华泰期货	9,325		446		
17		中金期货	8,736		-2		
18		五矿经易	7,986		652		
19		建信期货	4,695		-26		
20		徽商期货	4,388		-174		
总计				435,394		9,622		



会员类别	总成交量	增减		
期货公司会员	389,233		16,115		

会员类别	总持买单量	增减		
期货公司会员	383,453		6,952		

会员类别	总持卖单量	增减		
期货公司会员	435,394		9,622		

