								大连商品交易所 成交量_买持仓_卖持仓排名	

合约代码：i2105		Date：2020-10-15	

			期货公司会员	

名次		会员简称	成交量		增减		
1		光大期货	11,086		1,108		
2		南华期货	6,875		1,352		
3		国泰君安	6,607		-383		
4		东证期货	5,063		-1,345		
5		中信期货	4,391		560		
6		申银万国	3,786		3,454		
7		永安期货	3,339		1,681		
8		方正中期	2,948		-2,159		
9		广发期货	2,761		1,850		
10		美尔雅期货	2,304		1,582		
11		银河期货	2,259		376		
12		东吴期货	2,165		-971		
13		华闻期货	2,057		-128		
14		国联期货	2,048		826		
15		渤海期货	2,019		-1,832		
16		中财期货	1,996		396		
17		中辉期货	1,967		-397		
18		国富期货	1,535		-303		
19		宏源期货	1,522		157		
20		海通期货	1,490		922		
总计				68,218		6,746		

名次		会员简称	持买单量	增减		
1		鲁证期货	8,373		12		
2		国贸期货	7,549		310		
3		银河期货	5,991		-582		
4		国泰君安	5,751		-2,275		
5		东海期货	5,228		3		
6		海证期货	4,461		-52		
7		方正中期	4,264		974		
8		冠通期货	3,914		1		
9		永安期货	3,812		295		
10		长江期货	3,591		86		
11		弘业期货	3,546		2		
12		英大期货	3,134		655		
13		金瑞期货	3,006		-2		
14		浙商期货	2,870		17		
15		中信建投	2,860		8		
16		华泰期货	2,625		-41		
17		格林大华	2,359		60		
18		中辉期货	2,115		523		
19		宝城期货	1,949		25		
20		渤海期货	1,945		969		
总计				79,343		988		

名次		会员简称	持卖单量	增减		
1		永安期货	6,420		-478		
2		浙商期货	6,072		-91		
3		广发期货	5,096		-967		
4		国泰君安	4,908		60		
5		渤海期货	4,187		-138		
6		中信建投	4,185		90		
7		天风期货	4,184		-11		
8		一德期货	3,949		-302		
9		华泰期货	3,905		-21		
10		海通期货	3,788		-831		
11		中信期货	3,545		4		
12		大地期货	3,476		189		
13		大越期货	2,998		235		
14		鲁证期货	2,892		204		
15		银河期货	2,663		-345		
16		国海良时	2,506		84		
17		方正中期	2,410		-168		
18		宝城期货	2,306		4		
19		中辉期货	2,191		454		
20		国投安信	1,995		39		
总计				73,676		-1,989		



会员类别	总成交量	增减		
期货公司会员	68,218		6,746		

会员类别	总持买单量	增减		
期货公司会员	79,343		988		

会员类别	总持卖单量	增减		
期货公司会员	73,676		-1,989		

