								大连商品交易所 成交量_买持仓_卖持仓排名	

合约代码：jd2101		Date：2020-10-15	

			期货公司会员	

名次		会员简称	成交量		增减		
1		东证期货	19,165		7,995		
2		中粮期货	7,006		5,128		
3		徽商期货	6,012		2,490		
4		申银万国	5,029		805		
5		光大期货	4,339		2,671		
6		国泰君安	4,313		1,559		
7		中信期货	3,965		1,530		
8		中信建投	3,569		2,116		
9		华安期货	3,454		882		
10		天风期货	3,385		1,680		
11		宏源期货	3,106		1,012		
12		国富期货	3,044		1,364		
13		长江期货	2,598		1,569		
14		银河期货	2,551		1,306		
15		国海良时	2,492		650		
16		方正中期	2,454		1,058		
17		永安期货	2,443		1,193		
18		华泰期货	2,418		277		
19		中辉期货	2,373		1,518		
20		海通期货	2,331		884		
总计				86,047		37,687		

名次		会员简称	持买单量	增减		
1		福能期货	4,891		-108		
2		汇鑫期货	3,013		-42		
3		中辉期货	2,704		223		
4		永安期货	2,701		222		
5		南华期货	2,195		419		
6		徽商期货	2,161		327		
7		方正中期	2,019		-32		
8		宏源期货	1,798		105		
9		安粮期货	1,768		329		
10		海证期货	1,678		-5		
11		银河期货	1,677		365		
12		国泰君安	1,656		-103		
13		新湖期货	1,556		500		
14		华安期货	1,538		279		
15		申银万国	1,385		133		
16		东航期货	1,378		7		
17		鲁证期货	1,374		180		
18		财信期货	1,267		142		
19		华泰期货	1,263		267		
20		海通期货	1,262		76		
总计				39,284		3,284		

名次		会员简称	持卖单量	增减		
1		徽商期货	3,709		-373		
2		宏源期货	3,469		-539		
3		永安期货	3,324		-165		
4		中信建投	2,298		25		
5		华安期货	2,201		-47		
6		国泰君安	1,945		-66		
7		东证期货	1,934		270		
8		中辉期货	1,901		338		
9		银河期货	1,871		-24		
10		中粮期货	1,770		816		
11		中信期货	1,603		-70		
12		方正中期	1,535		-740		
13		东航期货	1,480		-22		
14		国海良时	1,418		454		
15		长江期货	1,364		133		
16		华泰期货	1,310		-7		
17		弘业期货	1,285		255		
18		南华期货	1,284		-136		
19		国富期货	1,268		-180		
20		海通期货	1,198		19		
总计				38,167		-59		



会员类别	总成交量	增减		
期货公司会员	86,047		37,687		

会员类别	总持买单量	增减		
期货公司会员	39,284		3,284		

会员类别	总持卖单量	增减		
期货公司会员	38,167		-59		

