								大连商品交易所 成交量_买持仓_卖持仓排名	

合约代码：cs2101		Date：2020-10-15	

			期货公司会员	

名次		会员简称	成交量		增减		
1		华泰期货	42,696		-23,618		
2		东证期货	41,501		-14,459		
3		国泰君安	19,255		-13,596		
4		国富期货	16,176		-5,596		
5		中信期货	11,732		-5,786		
6		海通期货	7,165		-3,616		
7		方正中期	6,942		-2,227		
8		永安期货	6,718		-5,316		
9		兴证期货	6,585		-3,511		
10		华安期货	5,900		-4,662		
11		徽商期货	5,845		-4,961		
12		光大期货	5,737		-6,200		
13		东方财富	5,724		-8,042		
14		银河期货	5,029		-3,258		
15		华闻期货	4,682		-1,852		
16		新湖期货	4,529		-993		
17		中原期货	4,024		2,419		
18		东吴期货	3,691		-3,907		
19		中辉期货	3,614		-1,294		
20		金瑞期货	3,590		-1,368		
总计				211,135		-111,843	

名次		会员简称	持买单量	增减		
1		鲁证期货	9,558		444		
2		中信期货	9,296		158		
3		永安期货	7,761		-3,373		
4		中信建投	7,360		141		
5		中粮期货	7,210		-1		
6		宏源期货	6,209		561		
7		一德期货	5,666		16		
8		华泰期货	5,269		-373		
9		东证期货	5,253		-688		
10		海通期货	4,147		97		
11		新湖期货	4,118		157		
12		国泰君安	2,711		372		
13		南华期货	2,564		67		
14		海证期货	2,423		9		
15		中辉期货	2,311		-1,527		
16		兴证期货	2,293		30		
17		华融融达	2,262		-44		
18		银河期货	1,943		205		
19		五矿经易	1,844		94		
20		天风期货	1,777		105		
总计				91,975		-3,550		

名次		会员简称	持卖单量	增减		
1		中粮期货	10,735		-57		
2		国金期货	7,964		-10		
3		中信期货	7,690		-834		
4		东方财富	7,380		13		
5		广发期货	6,822		-1,289		
6		金瑞期货	6,356		-36		
7		华安期货	5,655		-189		
8		国泰君安	5,404		145		
9		中融汇信	4,402		-53		
10		东证期货	4,296		253		
11		国投安信	3,454		-376		
12		平安期货	3,324		-62		
13		北京首创	3,220		-340		
14		永安期货	3,141		-893		
15		鲁证期货	3,053		-278		
16		光大期货	2,836		-107		
17		银河期货	2,735		-290		
18		国富期货	2,597		-748		
19		东吴期货	2,540		-1,115		
20		上海大陆	2,230		-36		
总计				95,834		-6,302		



会员类别	总成交量	增减		
期货公司会员	211,135		-111,843	

会员类别	总持买单量	增减		
期货公司会员	91,975		-3,550		

会员类别	总持卖单量	增减		
期货公司会员	95,834		-6,302		

