								大连商品交易所 成交量_买持仓_卖持仓排名	

合约代码：jd2109		Date：2021-06-04	

			期货公司会员	

名次		会员简称	成交量		增减		
1		东证期货	59,759		15,302		
2		国富期货	23,889		3,976		
3		国泰君安	19,578		6,230		
4		徽商期货	19,393		6,853		
5		海通期货	18,088		5,944		
6		中信期货	17,350		6,474		
7		方正中期	14,541		3,884		
8		银河期货	13,409		3,892		
9		华安期货	12,823		4,084		
10		华泰期货	12,704		4,921		
11		华闻期货	12,250		3,006		
12		瑞达期货	11,600		4,358		
13		东吴期货	10,737		2,829		
14		宏源期货	10,618		2,207		
15		中信建投	9,544		4,032		
16		永安期货	9,247		3,375		
17		申银万国	9,154		2,682		
18		中辉期货	8,036		2,951		
19		招金期货	7,656		4,378		
20		先锋期货	7,428		3,040		
总计				307,804		94,418		

名次		会员简称	持买单量	增减		
1		中信期货	6,246		-900		
2		中信建投	5,165		507		
3		方正中期	5,028		-1,427		
4		东证期货	4,658		377		
5		中财期货	4,467		111		
6		光大期货	3,748		68		
7		中辉期货	3,695		-212		
8		中衍期货	3,688		-659		
9		永安期货	3,583		937		
10		鲁证期货	3,546		-180		
11		东航期货	3,431		229		
12		五矿经易	3,106		-329		
13		北京首创	3,053		-8		
14		宏源期货	2,921		-382		
15		徽商期货	2,831		-909		
16		华泰期货	2,703		944		
17		国泰君安	2,696		-489		
18		东吴期货	2,633		545		
19		银河期货	2,360		-14		
20		华融融达	2,352		-399		
总计				71,910		-2,190		

名次		会员简称	持卖单量	增减		
1		东证期货	5,004		-2,636		
2		方正中期	4,985		1,264		
3		华泰期货	4,878		-1,958		
4		中信期货	4,754		-816		
5		国泰君安	4,675		-2,097		
6		中信建投	4,609		985		
7		永安期货	4,563		-656		
8		鲁证期货	3,595		194		
9		东航期货	3,566		-690		
10		华安期货	3,523		890		
11		宏源期货	3,292		-218		
12		徽商期货	3,171		492		
13		银河期货	2,458		-245		
14		兴证期货	2,429		-385		
15		华联期货	2,370		124		
16		中投期货	2,367		-97		
17		海证期货	2,202		-1,067		
18		安粮期货	2,181		555		
19		美尔雅期货	2,150		565		
20		国富期货	2,070		-131		
总计				68,842		-5,927		



会员类别	总成交量	增减		
期货公司会员	307,804		94,418		

会员类别	总持买单量	增减		
期货公司会员	71,910		-2,190		

会员类别	总持卖单量	增减		
期货公司会员	68,842		-5,927		

