								大连商品交易所 成交量_买持仓_卖持仓排名	

合约代码：eg2109		Date：2021-06-04	

			期货公司会员	

名次		会员简称	成交量		增减		
1		东证期货	132,882		3,554		
2		中信期货	39,564		-1,726		
3		国泰君安	33,058		-5,183		
4		国富期货	32,379		-98		
5		海通期货	30,549		0		
6		浙商期货	16,782		3,764		
7		银河期货	13,971		-1,157		
8		华泰期货	13,628		-3,871		
9		方正中期	12,836		-917		
10		弘业期货	12,712		-4,525		
11		新湖期货	12,530		-2,261		
12		申银万国	11,209		1,358		
13		徽商期货	10,143		-332		
14		光大期货	10,033		-4,660		
15		东吴期货	9,917		-2,639		
16		华闻期货	9,380		633		
17		中州期货	9,098		7,887		
18		永安期货	8,983		-2,114		
19		兴证期货	7,454		-1,804		
20		中辉期货	7,189		463		
总计				434,297		-13,628		

名次		会员简称	持买单量	增减		
1		中信期货	25,997		-1,113		
2		华泰期货	15,351		-960		
3		东吴期货	14,919		-207		
4		国泰君安	13,297		230		
5		永安期货	10,322		353		
6		东证期货	10,092		38		
7		建信期货	8,461		-105		
8		宏源期货	8,194		-210		
9		瑞达期货	7,727		-88		
10		通惠期货	5,357		-87		
11		银河期货	4,963		-176		
12		南华期货	4,870		13		
13		兴证期货	4,808		143		
14		上海中期	4,603		253		
15		海通期货	4,401		-650		
16		中辉期货	4,325		-54		
17		中信建投	4,225		-45		
18		广发期货	3,986		-458		
19		方正中期	3,940		-127		
20		兴业期货	3,726		-169		
总计				163,564		-3,419		

名次		会员简称	持卖单量	增减		
1		永安期货	30,599		-1,284		
2		国泰君安	15,825		-770		
3		天风期货	12,339		-319		
4		银河期货	10,017		627		
5		东海期货	9,789		460		
6		东证期货	8,357		-296		
7		新湖期货	7,432		-611		
8		浙商期货	7,402		67		
9		中信期货	7,250		-1,307		
10		弘业期货	6,643		2,253		
11		方正中期	4,768		-663		
12		建信期货	4,728		-573		
13		一德期货	4,653		-1,089		
14		南华期货	4,575		-13		
15		瑞达期货	4,500		-124		
16		宝城期货	4,430		-162		
17		申银万国	4,393		243		
18		五矿经易	4,303		255		
19		创元期货	4,189		-30		
20		广发期货	3,972		20		
总计				160,164		-3,316		



会员类别	总成交量	增减		
期货公司会员	434,297		-13,628		

会员类别	总持买单量	增减		
期货公司会员	163,564		-3,419		

会员类别	总持卖单量	增减		
期货公司会员	160,164		-3,316		

