								大连商品交易所 成交量_买持仓_卖持仓排名	

合约代码：i2204		Date：2021-06-04	

			期货公司会员	

名次		会员简称	成交量		增减		
1		徽商期货	2,332		800		
2		大地期货	1,121		1,045		
3		华闻期货	1,008		296		
4		国海良时	704		364		
5		天风期货	662		662		
6		华联期货	633		628		
7		国泰君安	571		-244		
8		国信期货	558		135		
9		中信期货	450		134		
10		东航期货	423		418		
11		浙江新世纪	405		340		
12		海证期货	402		402		
13		申银万国	369		-76		
14		盛达期货	344		344		
15		国富期货	324		244		
16		国元期货	303		47		
17		银河期货	259		-1,928		
18		方正中期	254		-256		
19		南华期货	241		-113		
20		长江期货	238		-777		
总计				11,601		2,465		

名次		会员简称	持买单量	增减		
1		国泰君安	10,199		5		
2		银河期货	5,184		25		
3		申银万国	4,832		-67		
4		徽商期货	3,793		1,159		
5		长江期货	3,290		-118		
6		北京首创	3,091		2		
7		上海中期	2,984		7		
8		国投安信	2,778		-63		
9		中粮期货	2,682		21		
10		大地期货	2,452		-500		
11		上海东亚	2,330		0		
12		兴证期货	2,261		-37		
13		东吴期货	2,041		-14		
14		国联期货	1,957		-1		
15		中信期货	1,854		-94		
16		国海良时	1,699		217		
17		南华期货	1,444		44		
18		宏源期货	1,393		-1		
19		国贸期货	1,370		-2		
20		海通期货	1,355		-37		
总计				58,989		546		

名次		会员简称	持卖单量	增减		
1		国泰君安	10,063		8		
2		银河期货	5,589		16		
3		申银万国	5,216		-66		
4		徽商期货	3,781		1,147		
5		长江期货	3,288		-118		
6		国投安信	3,054		-51		
7		北京首创	2,942		-7		
8		中粮期货	2,682		13		
9		大地期货	2,565		-621		
10		上海东亚	2,331		0		
11		兴证期货	2,261		-36		
12		东吴期货	2,011		-3		
13		上海中期	2,003		0		
14		中信期货	1,852		-82		
15		国联期货	1,755		-2		
16		国海良时	1,744		205		
17		南华期货	1,445		49		
18		宏源期货	1,393		-6		
19		海通期货	1,375		-39		
20		国贸期货	1,370		0		
总计				58,720		407		



会员类别	总成交量	增减		
期货公司会员	11,601		2,465		

会员类别	总持买单量	增减		
期货公司会员	58,989		546		

会员类别	总持卖单量	增减		
期货公司会员	58,720		407		

