								大连商品交易所 成交量_买持仓_卖持仓排名	

合约代码：p2111		Date：2021-06-04	

			期货公司会员	

名次		会员简称	成交量		增减		
1		华闻期货	1,435		-958		
2		国泰君安	1,041		-419		
3		鲁证期货	568		190		
4		光大期货	524		13		
5		中信期货	504		-311		
6		浙商期货	416		-36		
7		五矿经易	402		91		
8		招商期货	369		-175		
9		锦泰期货	276		-622		
10		弘业期货	160		160		
11		东证期货	118		98		
12		国投安信	116		-257		
13		国联期货	91		-45		
14		银河期货	51		31		
15		海通期货	48		-36		
16		平安期货	45		43		
17		华安期货	42		-35		
18		东吴期货	30		-41		
19		国海良时	20		-11		
20		大有期货	19		-12		
总计				6,275		-2,332		

名次		会员简称	持买单量	增减		
1		东证期货	5,058		-1		
2		中信期货	2,644		59		
3		光大期货	1,459		-188		
4		国泰君安	1,419		-6		
5		银河期货	1,243		31		
6		国投安信	1,205		-5		
7		五矿经易	1,107		6		
8		海通期货	1,101		0		
9		浙商期货	1,069		5		
10		招商期货	970		-31		
11		华泰期货	950		-1		
12		鲁证期货	940		0		
13		华西期货	650		0		
14		永安期货	550		0		
15		平安期货	547		-21		
16		国信期货	479		0		
17		华闻期货	464		63		
18		弘业期货	412		-80		
19		中辉期货	406		0		
20		宏源期货	362		0		
总计				23,035		-169		

名次		会员简称	持卖单量	增减		
1		东证期货	5,061		-1		
2		中信期货	2,648		57		
3		光大期货	1,459		-188		
4		国泰君安	1,410		-11		
5		银河期货	1,232		-18		
6		五矿经易	1,106		6		
7		海通期货	1,101		0		
8		招商期货	1,006		-2		
9		华泰期货	996		0		
10		鲁证期货	985		10		
11		浙商期货	705		5		
12		国投安信	705		5		
13		华西期货	650		0		
14		国信期货	649		0		
15		一德期货	578		0		
16		永安期货	553		0		
17		平安期货	545		-22		
18		弘业期货	464		-80		
19		中辉期货	407		0		
20		华闻期货	406		-6		
总计				22,666		-245		



会员类别	总成交量	增减		
期货公司会员	6,275		-2,332		

会员类别	总持买单量	增减		
期货公司会员	23,035		-169		

会员类别	总持卖单量	增减		
期货公司会员	22,666		-245		

