								大连商品交易所 成交量_买持仓_卖持仓排名	

合约代码：eb2109		Date：2021-06-04	

			期货公司会员	

名次		会员简称	成交量		增减		
1		锦泰期货	3,900		440		
2		财信期货	2,565		722		
3		大地期货	1,558		1,160		
4		东吴期货	1,498		574		
5		申银万国	1,480		494		
6		东证期货	1,295		23		
7		国泰君安	1,277		-843		
8		浙商期货	1,166		-128		
9		永安期货	1,139		146		
10		国投安信	998		382		
11		先融期货	862		-301		
12		光大期货	813		180		
13		中信期货	773		65		
14		华闻期货	738		-249		
15		先锋期货	737		371		
16		海通期货	662		-526		
17		大有期货	633		-31		
18		国金期货	571		169		
19		浙江新世纪	550		529		
20		广发期货	531		41		
总计				23,746		3,218		

名次		会员简称	持买单量	增减		
1		国泰君安	2,236		-89		
2		华泰期货	2,147		19		
3		永安期货	1,815		121		
4		建信期货	1,589		0		
5		浙商期货	1,490		-2		
6		广发期货	1,386		12		
7		银河期货	1,152		-19		
8		东证期货	965		223		
9		红塔期货	844		14		
10		国海良时	769		4		
11		中信期货	688		12		
12		锦泰期货	659		0		
13		国投安信	538		33		
14		先融期货	528		263		
15		东海期货	503		-4		
16		方正中期	444		-60		
17		海证期货	443		-6		
18		华融融达	404		-21		
19		国富期货	396		3		
20		大地期货	381		-2		
总计				19,377		501		

名次		会员简称	持卖单量	增减		
1		国泰君安	2,348		50		
2		格林大华	2,127		9		
3		东证期货	1,545		254		
4		广发期货	1,383		-3		
5		浙商期货	1,281		268		
6		东吴期货	1,122		-371		
7		长江期货	1,035		-11		
8		锦泰期货	1,020		-232		
9		银河期货	917		14		
10		永安期货	886		166		
11		国金期货	872		60		
12		中信期货	673		-221		
13		大有期货	575		48		
14		海证期货	504		191		
15		大地期货	481		-506		
16		财信期货	472		93		
17		金石期货	410		0		
18		平安期货	383		8		
19		天风期货	369		109		
20		招金期货	363		-5		
总计				18,766		-79		



会员类别	总成交量	增减		
期货公司会员	23,746		3,218		

会员类别	总持买单量	增减		
期货公司会员	19,377		501		

会员类别	总持卖单量	增减		
期货公司会员	18,766		-79		

