								大连商品交易所 成交量_买持仓_卖持仓排名	

合约代码：pg2108		Date：2021-06-04	

			期货公司会员	

名次		会员简称	成交量		增减		
1		华泰期货	14,631		3,721		
2		申银万国	12,463		5,676		
3		东证期货	6,144		-1,413		
4		锦泰期货	3,598		-606		
5		中信期货	2,978		27		
6		招商期货	2,452		573		
7		方正中期	2,079		632		
8		国富期货	1,851		502		
9		中信建投	1,826		-385		
10		浙商期货	1,428		19		
11		国泰君安	1,345		-394		
12		兴证期货	1,290		-249		
13		徽商期货	1,157		583		
14		瑞达期货	1,157		585		
15		银河期货	1,135		62		
16		国信期货	1,102		-440		
17		光大期货	990		16		
18		长江期货	955		-366		
19		鲁证期货	826		-15		
20		永安期货	650		-253		
总计				60,057		8,275		

名次		会员简称	持买单量	增减		
1		中信期货	3,656		573		
2		海通期货	2,919		4		
3		申银万国	2,333		405		
4		招商期货	2,306		0		
5		浙商期货	2,088		-190		
6		东证期货	2,022		101		
7		五矿经易	1,955		45		
8		兴证期货	1,827		179		
9		国泰君安	1,799		76		
10		永安期货	1,494		118		
11		长江期货	1,240		37		
12		方正中期	1,072		-131		
13		瑞达期货	819		-482		
14		东吴期货	612		52		
15		中信建投	608		-160		
16		国富期货	605		48		
17		光大期货	522		94		
18		华泰期货	501		-39		
19		锦泰期货	441		306		
20		中衍期货	405		2		
总计				29,224		1,038		

名次		会员简称	持卖单量	增减		
1		中信期货	3,598		571		
2		海通期货	2,907		-2		
3		申银万国	2,363		400		
4		招商期货	2,286		16		
5		东证期货	2,061		67		
6		浙商期货	2,012		-76		
7		五矿经易	1,973		43		
8		国泰君安	1,611		-247		
9		兴证期货	1,456		-9		
10		长江期货	1,269		36		
11		方正中期	1,001		-246		
12		华泰期货	967		-22		
13		瑞达期货	907		137		
14		银河期货	886		-148		
15		东吴期货	755		152		
16		中信建投	632		-96		
17		永安期货	551		158		
18		光大期货	499		86		
19		中银期货	482		23		
20		中衍期货	425		4		
总计				28,641		847		



会员类别	总成交量	增减		
期货公司会员	60,057		8,275		

会员类别	总持买单量	增减		
期货公司会员	29,224		1,038		

会员类别	总持卖单量	增减		
期货公司会员	28,641		847		

