								大连商品交易所 成交量_买持仓_卖持仓排名	

合约代码：pp2112		Date：2021-06-04	

			期货公司会员	

名次		会员简称	成交量		增减		
1		东海期货	3,720		1,481		
2		国泰君安	1,718		1,322		
3		五矿经易	1,391		317		
4		恒泰期货	1,037		244		
5		锦泰期货	945		41		
6		南华期货	920		108		
7		中粮期货	828		44		
8		海证期货	814		60		
9		国富期货	632		330		
10		中信期货	617		341		
11		华安期货	470		152		
12		华闻期货	444		-76		
13		申银万国	313		-648		
14		鲁证期货	228		173		
15		安粮期货	98		-124		
16		格林大华	92		76		
17		财信期货	92		76		
18		国联期货	84		0		
19		大有期货	60		36		
20		大地期货	47		41		
总计				14,550		3,994		

名次		会员简称	持买单量	增减		
1		中信期货	2,284		305		
2		中信建投	2,205		0		
3		五矿经易	1,563		0		
4		海证期货	1,452		-1		
5		国富期货	1,264		206		
6		申银万国	1,169		158		
7		南华期货	1,066		1		
8		国泰君安	1,057		492		
9		中粮期货	1,050		0		
10		恒泰期货	914		332		
11		瑞达期货	369		0		
12		宝城期货	248		0		
13		安粮期货	242		98		
14		国信期货	200		0		
15		浙商期货	85		20		
16		永安期货	70		43		
17		方正中期	60		3		
18		金瑞期货	50		0		
19		光大期货	41		0		
20		华闻期货	40		37		
总计				15,429		1,694		

名次		会员简称	持卖单量	增减		
1		中信期货	2,299		310		
2		中信建投	2,229		0		
3		五矿经易	1,644		17		
4		海证期货	1,450		-1		
5		国富期货	1,274		224		
6		申银万国	1,175		155		
7		国泰君安	1,075		492		
8		南华期货	1,051		1		
9		中粮期货	1,050		0		
10		恒泰期货	914		333		
11		东航期货	310		21		
12		方正中期	202		16		
13		国信期货	200		0		
14		锦泰期货	176		99		
15		一德期货	162		7		
16		平安期货	129		-1		
17		西南期货	89		0		
18		银河期货	48		0		
19		鲁证期货	31		30		
20		华泰期货	27		2		
总计				15,535		1,705		



会员类别	总成交量	增减		
期货公司会员	14,550		3,994		

会员类别	总持买单量	增减		
期货公司会员	15,429		1,694		

会员类别	总持卖单量	增减		
期货公司会员	15,535		1,705		

