								大连商品交易所 成交量_买持仓_卖持仓排名	

合约代码：m2107		Date：2021-06-04	

			期货公司会员	

名次		会员简称	成交量		增减		
1		东证期货	8,553		-2,055		
2		国富期货	2,329		1,450		
3		美尔雅期货	2,235		-57		
4		华泰期货	2,214		-3,276		
5		海通期货	2,199		964		
6		华安期货	2,170		940		
7		中信期货	2,073		1,220		
8		国信期货	1,794		1,519		
9		中信建投	1,645		-304		
10		银河期货	1,567		-344		
11		宏源期货	1,497		80		
12		平安期货	1,356		614		
13		长安期货	1,330		-900		
14		徽商期货	1,282		-98		
15		光大期货	1,134		-1,640		
16		南华期货	1,072		284		
17		东吴期货	1,065		-303		
18		国投安信	1,037		941		
19		国泰君安	1,029		-2,225		
20		华鑫期货	967		783		
总计				38,548		-2,407		

名次		会员简称	持买单量	增减		
1		国泰君安	9,105		-277		
2		广州期货	5,615		0		
3		东吴期货	4,789		-28		
4		先锋期货	3,354		-5		
5		国投安信	2,826		-757		
6		摩根大通	2,700		0		
7		中信期货	2,640		-777		
8		华泰期货	2,460		-55		
9		平安期货	2,378		-146		
10		一德期货	2,352		-117		
11		渤海期货	2,292		-32		
12		华融融达	2,138		-45		
13		中信建投	2,121		5		
14		中粮期货	1,918		22		
15		广发期货	1,807		-76		
16		长江期货	1,796		-92		
17		首创京都	1,612		-400		
18		五矿经易	1,565		-506		
19		金瑞期货	1,558		0		
20		鲁证期货	1,545		31		
总计				56,571		-3,255		

名次		会员简称	持卖单量	增减		
1		天风期货	6,004		-373		
2		安粮期货	5,835		-711		
3		北京金鹏	4,240		-505		
4		国信期货	3,741		-1,369		
5		中信期货	3,567		-332		
6		创元期货	3,561		-414		
7		国投安信	3,078		-44		
8		中融汇信	2,927		10		
9		永安期货	1,879		-165		
10		南华期货	1,828		2		
11		华融融达	1,825		-372		
12		华鑫期货	1,752		-400		
13		广州期货	1,638		-102		
14		光大期货	1,533		-38		
15		银河期货	1,531		-153		
16		国海良时	1,506		-167		
17		国元期货	1,446		-2		
18		中天期货	1,405		-4		
19		中粮期货	1,372		-282		
20		福能期货	1,257		-76		
总计				51,925		-5,497		



会员类别	总成交量	增减		
期货公司会员	38,548		-2,407		

会员类别	总持买单量	增减		
期货公司会员	56,571		-3,255		

会员类别	总持卖单量	增减		
期货公司会员	51,925		-5,497		

