								大连商品交易所 成交量_买持仓_卖持仓排名	

合约代码：c2111		Date：2021-06-04	

			期货公司会员	

名次		会员简称	成交量		增减		
1		东证期货	39,596		10,628		
2		华泰期货	23,196		4,805		
3		申银万国	8,247		2,295		
4		国泰君安	7,936		-878		
5		银河期货	6,394		988		
6		浙商期货	5,783		1,463		
7		鲁证期货	5,497		1,032		
8		五矿经易	4,250		2,605		
9		金瑞期货	4,205		2,074		
10		海通期货	4,044		357		
11		国富期货	3,642		-2,912		
12		东吴期货	3,515		2,518		
13		弘业期货	3,255		648		
14		南华期货	3,006		2,075		
15		物产中大	2,887		2,122		
16		光大期货	2,623		682		
17		宏源期货	2,314		1,154		
18		永安期货	2,289		-773		
19		中辉期货	1,756		875		
20		中信期货	1,448		-2,484		
总计				135,883		29,274		

名次		会员简称	持买单量	增减		
1		光大期货	16,579		-123		
2		申银万国	15,286		-33		
3		东证期货	13,799		75		
4		海通期货	11,589		588		
5		国泰君安	11,539		722		
6		银河期货	10,998		-423		
7		永安期货	10,517		-258		
8		国投安信	8,311		10		
9		浙商期货	8,277		86		
10		中信期货	8,228		39		
11		物产中大	7,892		21		
12		国海良时	7,639		42		
13		南华期货	7,459		722		
14		五矿经易	7,062		6		
15		国富期货	6,510		247		
16		弘业期货	5,872		501		
17		鲁证期货	5,635		-13		
18		国信期货	4,807		394		
19		华泰期货	3,992		-256		
20		东吴期货	3,781		-147		
总计				175,772		2,200		

名次		会员简称	持卖单量	增减		
1		中信期货	40,934		51		
2		申银万国	15,592		20		
3		光大期货	14,106		2		
4		国泰君安	13,880		126		
5		东证期货	13,295		215		
6		新湖期货	11,297		0		
7		海通期货	11,134		490		
8		银河期货	10,359		37		
9		永安期货	8,902		-167		
10		浙商期货	7,884		197		
11		物产中大	7,836		24		
12		南华期货	7,273		714		
13		五矿经易	6,911		0		
14		国富期货	6,776		345		
15		鲁证期货	6,436		-88		
16		弘业期货	5,523		468		
17		国海良时	5,418		8		
18		国盛期货	1,500		0		
19		金瑞期货	1,473		-443		
20		华泰期货	1,374		2		
总计				197,903		2,001		



会员类别	总成交量	增减		
期货公司会员	135,883		29,274		

会员类别	总持买单量	增减		
期货公司会员	175,772		2,200		

会员类别	总持卖单量	增减		
期货公司会员	197,903		2,001		

