								大连商品交易所 成交量_买持仓_卖持仓排名	

合约代码：c2109		Date：2021-06-04	

			期货公司会员	

名次		会员简称	成交量		增减		
1		东证期货	189,949		18,526		
2		国泰君安	124,922		6,109		
3		华泰期货	68,233		8,796		
4		国富期货	56,689		14,344		
5		中信期货	46,611		-5,539		
6		新湖期货	31,520		6,901		
7		光大期货	28,612		2,499		
8		海通期货	25,114		15,318		
9		徽商期货	22,985		7,492		
10		申银万国	20,635		4,592		
11		银河期货	20,054		11,685		
12		天风期货	16,477		-156		
13		永安期货	15,747		3,475		
14		中粮期货	14,895		-1,032		
15		东方财富	14,191		4,537		
16		宏源期货	12,079		6,112		
17		国信期货	11,120		1,747		
18		海航期货	10,142		-10,259		
19		国盛期货	8,989		454		
20		方正中期	8,577		714		
总计				747,541		96,315		

名次		会员简称	持买单量	增减		
1		永安期货	89,818		670		
2		中信期货	65,657		2,646		
3		中粮期货	28,453		2,595		
4		光大期货	21,762		-715		
5		国泰君安	21,492		-77		
6		国投安信	20,367		337		
7		东证期货	18,208		-1,978		
8		银河期货	17,842		-992		
9		华泰期货	13,697		-178		
10		中信建投	10,543		83		
11		申银万国	10,324		1,094		
12		宏源期货	9,877		178		
13		南华期货	9,847		-107		
14		鲁证期货	9,042		1,150		
15		浙商期货	8,424		-454		
16		福能期货	6,884		127		
17		海通期货	6,153		856		
18		国信期货	6,100		-348		
19		兴证期货	5,773		-451		
20		中投期货	5,652		867		
总计				385,915		5,303		

名次		会员简称	持卖单量	增减		
1		中信期货	97,160		-637		
2		国富期货	56,409		1,223		
3		国泰君安	29,890		525		
4		永安期货	29,818		-1,853		
5		国投安信	29,709		-1,344		
6		华泰期货	17,971		533		
7		银河期货	17,768		-820		
8		浙商期货	16,001		-81		
9		中国国际	15,929		568		
10		中粮期货	15,636		-382		
11		国贸期货	14,788		-292		
12		宝城期货	14,400		118		
13		摩根大通	13,443		3,210		
14		瑞达期货	9,273		-103		
15		光大期货	8,985		293		
16		东证期货	8,368		-1,879		
17		兴证期货	7,360		295		
18		华融融达	6,020		-58		
19		广发期货	5,859		190		
20		新湖期货	5,492		-79		
总计				420,279		-573		



会员类别	总成交量	增减		
期货公司会员	747,541		96,315		

会员类别	总持买单量	增减		
期货公司会员	385,915		5,303		

会员类别	总持卖单量	增减		
期货公司会员	420,279		-573		

