								大连商品交易所 成交量_买持仓_卖持仓排名	

合约代码：jm2111		Date：2021-06-04	

			期货公司会员	

名次		会员简称	成交量		增减		
1		东证期货	2,975		-1,740		
2		光大期货	1,224		378		
3		国富期货	1,094		-2,972		
4		海通期货	742		96		
5		申银万国	712		-498		
6		国泰君安	681		411		
7		江西瑞奇	676		250		
8		华泰期货	533		125		
9		中辉期货	473		-1,079		
10		华闻期货	468		4		
11		长江期货	435		-51		
12		方正中期	408		-139		
13		浙江新世纪	402		402		
14		和合期货	400		400		
15		南华期货	348		168		
16		国元期货	304		303		
17		国信期货	279		-146		
18		平安期货	262		227		
19		东方汇金	236		2		
20		金瑞期货	211		-5		
总计				12,863		-3,864		

名次		会员简称	持买单量	增减		
1		国泰君安	6,111		-14		
2		申银万国	5,162		-7		
3		东证期货	4,577		27		
4		国富期货	3,440		336		
5		光大期货	3,083		184		
6		中辉期货	1,527		236		
7		东吴期货	1,501		1		
8		宏源期货	1,372		2		
9		银河期货	1,366		-37		
10		国投安信	1,311		6		
11		创元期货	1,100		-1		
12		中信期货	1,046		43		
13		中信建投	970		-2		
14		冠通期货	924		-7		
15		建信期货	911		5		
16		宝城期货	901		1		
17		中粮期货	762		-62		
18		方正中期	751		107		
19		国元期货	720		140		
20		长江期货	705		-95		
总计				38,240		863		

名次		会员简称	持卖单量	增减		
1		国泰君安	6,029		-5		
2		申银万国	5,169		7		
3		东证期货	4,561		12		
4		国富期货	3,442		336		
5		光大期货	3,070		180		
6		中辉期货	1,526		235		
7		东吴期货	1,501		0		
8		宏源期货	1,311		1		
9		国投安信	1,304		0		
10		银河期货	1,273		31		
11		创元期货	1,100		0		
12		中信期货	1,042		35		
13		中信建投	970		-2		
14		冠通期货	919		0		
15		建信期货	911		5		
16		宝城期货	900		0		
17		鲁证期货	818		-29		
18		中粮期货	750		-62		
19		南华期货	721		12		
20		国元期货	720		140		
总计				38,037		896		



会员类别	总成交量	增减		
期货公司会员	12,863		-3,864		

会员类别	总持买单量	增减		
期货公司会员	38,240		863		

会员类别	总持卖单量	增减		
期货公司会员	38,037		896		

