								大连商品交易所 成交量_买持仓_卖持仓排名	

合约代码：y2109		Date：2021-06-04	

			期货公司会员	

名次		会员简称	成交量		增减		
1		东证期货	234,940		-39,246		
2		华泰期货	193,833		-212		
3		中信期货	136,317		14,278		
4		光大期货	130,421		-7,695		
5		国富期货	88,264		-8,817		
6		海通期货	78,633		-1,963		
7		华西期货	65,107		5,060		
8		国泰君安	64,586		-4,436		
9		新湖期货	56,779		-13,309		
10		华闻期货	37,089		-17,233		
11		国投安信	37,081		-1,133		
12		方正中期	34,467		2,945		
13		银河期货	29,342		9		
14		兴证期货	24,908		2,139		
15		徽商期货	20,517		-366		
16		申银万国	19,707		-649		
17		宏源期货	18,294		472		
18		广发期货	17,138		-1,068		
19		中粮期货	16,315		-3,393		
20		国元期货	14,337		-360		
总计				1,318,075	-74,977		

名次		会员简称	持买单量	增减		
1		中信期货	44,447		-1,602		
2		一德期货	37,860		-156		
3		永安期货	30,246		257		
4		国泰君安	29,644		-5,876		
5		银河期货	22,515		-3,530		
6		西部期货	20,887		11		
7		东证期货	19,685		-1,031		
8		国富期货	19,541		-630		
9		中粮期货	18,486		1,336		
10		国投安信	15,756		-1,853		
11		海通期货	14,943		3,107		
12		华泰期货	14,790		1,887		
13		中金期货	11,865		-154		
14		北京首创	11,151		150		
15		光大期货	8,381		639		
16		申银万国	8,274		-380		
17		浙商期货	8,106		-398		
18		兴证期货	7,164		-143		
19		五矿经易	6,641		351		
20		中投期货	4,925		509		
总计				355,307		-7,506		

名次		会员简称	持卖单量	增减		
1		中粮期货	79,732		-1,985		
2		国投安信	34,534		948		
3		摩根大通	29,451		-129		
4		国泰君安	28,022		-362		
5		永安期货	25,739		-562		
6		中信期货	24,946		-699		
7		五矿经易	19,104		-983		
8		国富期货	17,190		-366		
9		广发期货	17,023		-1,952		
10		一德期货	15,926		1,100		
11		宏源期货	15,051		-333		
12		东证期货	13,664		-151		
13		海通期货	13,189		164		
14		南华期货	11,392		-322		
15		银河期货	10,376		-1,316		
16		鲁证期货	10,040		-946		
17		新湖期货	9,328		-235		
18		申银万国	9,304		-477		
19		信达期货	9,275		-244		
20		财信期货	5,071		5		
总计				398,357		-8,845		



会员类别	总成交量	增减		
期货公司会员	1,318,075	-74,977		

会员类别	总持买单量	增减		
期货公司会员	355,307		-7,506		

会员类别	总持卖单量	增减		
期货公司会员	398,357		-8,845		

