								大连商品交易所 成交量_买持仓_卖持仓排名	

合约代码：l2112		Date：2021-06-04	

			期货公司会员	

名次		会员简称	成交量		增减		
1		华闻期货	2,221		-869		
2		国泰君安	729		-26		
3		国元期货	563		-10		
4		海证期货	394		-540		
5		招商期货	390		151		
6		长江期货	390		-508		
7		国海良时	376		-294		
8		中信期货	374		-26		
9		五矿经易	374		-202		
10		光大期货	354		-188		
11		东证期货	352		-87		
12		安粮期货	323		0		
13		方正中期	290		-130		
14		浙商期货	286		-126		
15		弘业期货	198		132		
16		海通期货	98		16		
17		申银万国	64		2		
18		锦泰期货	50		-1		
19		金瑞期货	48		6		
20		平安期货	25		12		
总计				7,899		-2,688		

名次		会员简称	持买单量	增减		
1		浙商期货	1,730		1		
2		五矿经易	1,301		158		
3		国泰君安	1,288		50		
4		海证期货	1,224		154		
5		东证期货	1,203		-2		
6		国海良时	1,149		2		
7		方正中期	1,007		0		
8		国元期货	980		0		
9		长江期货	952		0		
10		招商期货	904		198		
11		申银万国	903		1		
12		锦泰期货	895		30		
13		金石期货	195		0		
14		平安期货	190		3		
15		宏源期货	131		2		
16		格林大华	86		0		
17		华闻期货	54		-13		
18		国投安信	35		0		
19		光大期货	31		0		
20		安粮期货	29		2		
总计				14,287		586		

名次		会员简称	持卖单量	增减		
1		浙商期货	1,701		1		
2		国海良时	1,415		-98		
3		五矿经易	1,301		158		
4		国泰君安	1,250		41		
5		海证期货	1,239		152		
6		东证期货	1,205		2		
7		方正中期	1,001		-2		
8		长江期货	950		0		
9		国元期货	910		-25		
10		申银万国	902		1		
11		招商期货	899		192		
12		锦泰期货	864		20		
13		安粮期货	212		137		
14		兴证期货	115		6		
15		华泰期货	95		-4		
16		平安期货	91		12		
17		美尔雅期货	84		5		
18		瑞达期货	84		5		
19		新湖期货	44		4		
20		广发期货	43		0		
总计				14,405		607		



会员类别	总成交量	增减		
期货公司会员	7,899		-2,688		

会员类别	总持买单量	增减		
期货公司会员	14,287		586		

会员类别	总持卖单量	增减		
期货公司会员	14,405		607		

