								大连商品交易所 成交量_买持仓_卖持仓排名	

合约代码：p2112		Date：2021-06-04	

			期货公司会员	

名次		会员简称	成交量		增减		
1		国泰君安	1,556		-58		
2		中粮期货	1,000		990		
3		华闻期货	924		-1,066		
4		华融融达	900		900		
5		中信期货	854		-370		
6		光大期货	640		-222		
7		长江期货	480		360		
8		鲁证期货	472		44		
9		浙商期货	400		-154		
10		五矿经易	366		-170		
11		锦泰期货	350		-310		
12		招商期货	291		40		
13		海证期货	180		180		
14		天风期货	80		80		
15		招金期货	80		80		
16		兴证期货	79		25		
17		国联期货	68		-56		
18		东海期货	50		49		
19		中信建投	41		-80		
20		华泰期货	31		-180		
总计				8,842		82		

名次		会员简称	持买单量	增减		
1		中信期货	5,463		38		
2		国泰君安	4,308		-185		
3		光大期货	3,484		-140		
4		国盛期货	2,500		0		
5		国富期货	1,901		8		
6		南华期货	1,665		0		
7		鲁证期货	1,308		0		
8		华闻期货	1,303		-10		
9		长江期货	1,270		240		
10		五矿经易	1,100		-1		
11		招商期货	985		-90		
12		浙商期货	984		-120		
13		东吴期货	878		10		
14		东证期货	805		2		
15		中衍期货	700		0		
16		海通期货	600		-3		
17		中粮期货	502		500		
18		华泰期货	431		1		
19		国元期货	410		0		
20		创元期货	351		-1		
总计				30,948		249		

名次		会员简称	持卖单量	增减		
1		中信期货	5,469		48		
2		国泰君安	4,309		-185		
3		光大期货	3,484		-140		
4		国盛期货	2,500		0		
5		国富期货	1,906		13		
6		南华期货	1,667		0		
7		鲁证期货	1,308		0		
8		华闻期货	1,302		2		
9		长江期货	1,270		240		
10		五矿经易	1,100		-1		
11		招商期货	996		-75		
12		浙商期货	984		-120		
13		东吴期货	868		-1		
14		东证期货	807		2		
15		中衍期货	700		0		
16		海通期货	600		0		
17		中粮期货	502		500		
18		华泰期货	434		-24		
19		国元期货	411		0		
20		创元期货	352		0		
总计				30,969		259		



会员类别	总成交量	增减		
期货公司会员	8,842		82		

会员类别	总持买单量	增减		
期货公司会员	30,948		249		

会员类别	总持卖单量	增减		
期货公司会员	30,969		259		

