								大连商品交易所 成交量_买持仓_卖持仓排名	

合约代码：jd2201		Date：2021-06-04	

			期货公司会员	

名次		会员简称	成交量		增减		
1		中州期货	1,243		1,220		
2		南华期货	850		289		
3		东证期货	670		-292		
4		海通期货	488		119		
5		徽商期货	484		159		
6		中信期货	462		161		
7		华闻期货	447		299		
8		五矿经易	429		343		
9		华安期货	295		45		
10		国泰君安	282		-266		
11		美尔雅期货	256		75		
12		方正中期	229		96		
13		东吴期货	226		90		
14		上海大陆	220		85		
15		中粮期货	219		78		
16		浙商期货	219		166		
17		格林大华	218		112		
18		宏源期货	217		114		
19		国富期货	194		103		
20		先锋期货	189		101		
总计				7,837		3,097		

名次		会员简称	持买单量	增减		
1		方正中期	1,815		53		
2		中辉期货	1,463		-46		
3		汇鑫期货	1,301		-2		
4		安粮期货	1,185		-6		
5		弘业期货	1,113		27		
6		美尔雅期货	1,102		149		
7		国泰君安	1,065		-39		
8		银河期货	1,037		53		
9		中信建投	925		2		
10		徽商期货	708		-22		
11		南华期货	628		202		
12		创元期货	562		13		
13		永安期货	557		-11		
14		五矿经易	539		412		
15		冠通期货	512		0		
16		东证期货	454		-28		
17		格林大华	431		18		
18		上海大陆	423		123		
19		华融融达	421		-1		
20		华安期货	388		110		
总计				16,629		1,007		

名次		会员简称	持卖单量	增减		
1		中信建投	2,190		104		
2		方正中期	2,136		4		
3		北京首创	1,842		1		
4		永安期货	1,435		41		
5		中财期货	1,415		-2		
6		中州期货	1,298		1,200		
7		中辉期货	1,222		-5		
8		中衍期货	1,058		-20		
9		弘业期货	1,052		17		
10		中信期货	989		-56		
11		国泰君安	883		15		
12		美尔雅期货	775		-7		
13		安粮期货	660		2		
14		广发期货	573		-10		
15		九州期货	542		0		
16		冠通期货	510		0		
17		创元期货	450		0		
18		鲁证期货	437		0		
19		瑞达期货	418		0		
20		上海中期	377		-19		
总计				20,262		1,265		



会员类别	总成交量	增减		
期货公司会员	7,837		3,097		

会员类别	总持买单量	增减		
期货公司会员	16,629		1,007		

会员类别	总持卖单量	增减		
期货公司会员	20,262		1,265		

