								大连商品交易所 成交量_买持仓_卖持仓排名	

合约代码：jm2109		Date：2021-06-04	

			期货公司会员	

名次		会员简称	成交量		增减		
1		东证期货	81,403		-3,799		
2		华闻期货	46,213		5,724		
3		海通期货	44,862		3,622		
4		国富期货	36,222		2,180		
5		光大期货	32,803		5,957		
6		国泰君安	32,469		1,826		
7		中信期货	27,011		2,845		
8		东方财富	23,606		2,324		
9		方正中期	22,737		9,440		
10		申银万国	19,906		1,586		
11		华泰期货	19,903		4,692		
12		徽商期货	15,072		2,239		
13		银河期货	14,656		-1,392		
14		永安期货	13,802		2,079		
15		中辉期货	12,293		4,626		
16		国投安信	10,726		1,167		
17		兴证期货	10,678		2,986		
18		中信建投	9,456		3,955		
19		华安期货	8,156		532		
20		东吴期货	8,122		467		
总计				490,096		53,056		

名次		会员简称	持买单量	增减		
1		中信期货	12,191		-932		
2		海通期货	10,022		893		
3		国泰君安	8,625		596		
4		国富期货	7,450		-261		
5		华闻期货	6,659		1,924		
6		银河期货	5,639		321		
7		国投安信	5,492		-258		
8		永安期货	5,352		835		
9		中辉期货	5,097		1,115		
10		申银万国	5,037		185		
11		中粮期货	4,961		1,039		
12		东证期货	4,137		1,218		
13		光大期货	3,772		138		
14		方正中期	2,525		120		
15		鲁证期货	2,464		-293		
16		国信期货	2,280		-112		
17		华泰期货	2,249		-729		
18		中信建投	2,150		-132		
19		招商期货	2,126		-73		
20		上海东亚	1,979		193		
总计				100,207		5,787		

名次		会员简称	持卖单量	增减		
1		海通期货	11,508		3,187		
2		中信期货	8,780		-597		
3		一德期货	7,481		-548		
4		国富期货	6,911		-269		
5		华闻期货	6,322		1,465		
6		申银万国	6,191		-217		
7		国泰君安	5,954		-13		
8		鲁证期货	5,618		653		
9		永安期货	4,748		-845		
10		光大期货	3,944		419		
11		银河期货	3,365		679		
12		中辉期货	3,038		1,328		
13		华泰期货	2,982		-3,806		
14		方正中期	2,858		-1,529		
15		东证期货	2,793		-1,663		
16		英大期货	2,671		-88		
17		兴证期货	2,559		249		
18		中信建投	2,558		382		
19		国联期货	2,393		-864		
20		国信期货	2,219		-88		
总计				94,893		-2,165		



会员类别	总成交量	增减		
期货公司会员	490,096		53,056		

会员类别	总持买单量	增减		
期货公司会员	100,207		5,787		

会员类别	总持卖单量	增减		
期货公司会员	94,893		-2,165		

