								大连商品交易所 成交量_买持仓_卖持仓排名	

合约代码：pp2101		Date：2020-08-19	

			期货公司会员	

名次		会员简称	成交量		增减		
1		东证期货	74,758		-12,903		
2		中信期货	22,476		-7,831		
3		国富期货	17,156		-9,211		
4		海通期货	16,297		-2,842		
5		国泰君安	10,883		-2,784		
6		方正中期	10,871		4,659		
7		徽商期货	10,119		-2,674		
8		华安期货	9,624		384		
9		永安期货	8,828		-4,521		
10		申银万国	7,389		-406		
11		混沌天成	6,965		-901		
12		银河期货	6,790		720		
13		南华期货	6,202		237		
14		浙商期货	5,918		-7,400		
15		东方财富	5,903		2,879		
16		华泰期货	5,851		-3,316		
17		中信建投	5,787		-2,432		
18		中辉期货	5,433		-3,855		
19		宏源期货	4,861		-1,809		
20		兴证期货	4,822		265		
总计				246,933		-53,741		

名次		会员简称	持买单量	增减		
1		永安期货	31,911		153		
2		中信期货	30,662		210		
3		新湖期货	10,168		102		
4		东证期货	8,696		1,293		
5		银河期货	8,600		-20		
6		浙商期货	5,884		16		
7		东海期货	5,567		462		
8		海通期货	5,159		1,041		
9		华泰期货	5,059		96		
10		国泰君安	4,736		-1,061		
11		华安期货	4,599		1,303		
12		大地期货	4,487		218		
13		申银万国	4,213		683		
14		方正中期	3,985		278		
15		宏源期货	3,846		560		
16		瑞达期货	3,658		-97		
17		摩根大通	3,523		-1		
18		东航期货	3,355		696		
19		中信建投	3,083		-378		
20		国投安信	2,937		-11		
总计				154,128		5,543		

名次		会员简称	持卖单量	增减		
1		浙商期货	15,073		-28		
2		永安期货	12,465		953		
3		国泰君安	12,034		1,108		
4		国投安信	11,619		263		
5		中银期货	9,649		-32		
6		南华期货	9,080		836		
7		华泰期货	8,297		141		
8		建信期货	7,558		151		
9		银河期货	6,295		-636		
10		东证期货	6,266		915		
11		瑞达期货	6,098		224		
12		中信期货	6,031		462		
13		国信期货	5,282		225		
14		鲁证期货	5,256		-221		
15		方正中期	4,607		-107		
16		华融融达	4,517		-65		
17		广发期货	4,445		-107		
18		东海期货	4,325		59		
19		浙江新世纪	3,835		-300		
20		中财期货	3,700		-27		
总计				146,432		3,814		



会员类别	总成交量	增减		
期货公司会员	246,933		-53,741		

会员类别	总持买单量	增减		
期货公司会员	154,128		5,543		

会员类别	总持卖单量	增减		
期货公司会员	146,432		3,814		

