								大连商品交易所 成交量_买持仓_卖持仓排名	

合约代码：c2103		Date：2020-08-19	

			期货公司会员	

名次		会员简称	成交量		增减		
1		中天期货	1,386		-6,420		
2		海通期货	1,120		-1,079		
3		银河期货	1,054		1,041		
4		新湖期货	1,030		-1,533		
5		中信期货	985		-4,454		
6		北京首创	869		535		
7		鲁证期货	837		-623		
8		华安期货	798		-2,345		
9		永安期货	739		-1,445		
10		华金期货	722		-78		
11		浙商期货	686		-844		
12		申银万国	678		-641		
13		国海良时	666		-562		
14		中大期货	661		-317		
15		锦泰期货	633		173		
16		弘业期货	620		-679		
17		格林大华	574		-601		
18		中粮期货	572		-476		
19		五矿经易	552		-338		
20		国泰君安	514		-707		
总计				15,696		-21,393		

名次		会员简称	持买单量	增减		
1		鲁证期货	5,681		1		
2		一德期货	2,500		0		
3		中信期货	1,559		4		
4		摩根大通	1,000		0		
5		国富期货	201		0		
6		迈科期货	150		0		
7		东航期货	77		50		
8		东证期货	52		15		
9		兴证期货	48		0		
10		申银万国	47		2		
11		浙商期货	46		-3		
12		新湖期货	43		20		
13		中粮期货	42		1		
14		金瑞期货	39		1		
15		海通期货	37		23		
16		徽商期货	33		1		
17		中银期货	31		0		
18		弘业期货	30		0		
19		永安期货	27		13		
20		银河期货	25		8		
总计				11,668		136		

名次		会员简称	持卖单量	增减		
1		兴证期货	2,686		-1		
2		华泰期货	1,402		30		
3		国海良时	971		7		
4		银河期货	826		660		
5		中信期货	720		25		
6		华金期货	400		-80		
7		锦泰期货	354		-149		
8		宏源期货	335		24		
9		华安期货	323		-63		
10		广州金控	300		-100		
11		平安期货	225		-13		
12		弘业期货	218		0		
13		北京首创	215		-108		
14		迈科期货	192		0		
15		国富期货	166		-1		
16		中粮期货	166		-5		
17		东航期货	153		-45		
18		徽商期货	136		19		
19		永安期货	130		14		
20		一德期货	126		0		
总计				10,044		214		



会员类别	总成交量	增减		
期货公司会员	15,696		-21,393		

会员类别	总持买单量	增减		
期货公司会员	11,668		136		

会员类别	总持卖单量	增减		
期货公司会员	10,044		214		

