								大连商品交易所 成交量_买持仓_卖持仓排名	

合约代码：c2107		Date：2020-08-19	

			期货公司会员	

名次		会员简称	成交量		增减		
1		中信建投	2,234		1,396		
2		国泰君安	1,431		589		
3		浙商期货	1,399		651		
4		冠通期货	1,372		-238		
5		招金期货	843		13		
6		新湖期货	828		-230		
7		华金期货	828		-92		
8		海通期货	824		-723		
9		中信期货	776		-449		
10		华闻期货	700		304		
11		东证期货	685		-786		
12		国海良时	626		-210		
13		鲁证期货	594		-241		
14		五矿经易	571		-94		
15		华泰期货	521		451		
16		永安期货	517		-357		
17		兴证期货	501		479		
18		长江期货	488		464		
19		北京首创	481		-1,350		
20		锦泰期货	389		-53		
总计				16,608		-476		

名次		会员简称	持买单量	增减		
1		鲁证期货	16,248		0		
2		一德期货	11,280		0		
3		中信建投	3,583		2,204		
4		中州期货	3,000		0		
5		中辉期货	1,669		0		
6		招金期货	1,225		842		
7		浙江新世纪	661		0		
8		海证期货	502		0		
9		上海中期	300		0		
10		华金期货	150		0		
11		申银万国	135		8		
12		永安期货	132		-1		
13		新湖期货	112		10		
14		国信期货	111		-40		
15		光大期货	102		-1		
16		宝城期货	84		0		
17		华闻期货	79		-1		
18		中衍期货	66		0		
19		弘业期货	52		0		
20		财信期货	51		0		
总计				39,542		3,021		

名次		会员简称	持卖单量	增减		
1		光大期货	11,113		0		
2		中信期货	6,015		-18		
3		徽商期货	4,115		14		
4		鲁证期货	3,545		0		
5		金瑞期货	3,000		0		
6		兴证期货	2,653		501		
7		北京首创	850		223		
8		华金期货	804		222		
9		华泰期货	673		114		
10		冠通期货	613		404		
11		锦泰期货	487		67		
12		长安期货	409		232		
13		上海中期	373		8		
14		创元期货	322		17		
15		平安期货	316		97		
16		海通期货	302		23		
17		东吴期货	286		74		
18		宏源期货	246		66		
19		华融融达	232		0		
20		中辉期货	221		92		
总计				36,575		2,136		



会员类别	总成交量	增减		
期货公司会员	16,608		-476		

会员类别	总持买单量	增减		
期货公司会员	39,542		3,021		

会员类别	总持卖单量	增减		
期货公司会员	36,575		2,136		

