								大连商品交易所 成交量_买持仓_卖持仓排名	

合约代码：a2009		Date：2020-08-19	

			期货公司会员	

名次		会员简称	成交量		增减		
1		华泰期货	28,581		-323		
2		东证期货	12,489		106		
3		中信期货	8,825		-503		
4		申银万国	7,825		-826		
5		永安期货	5,726		3,873		
6		兴证期货	5,066		930		
7		国富期货	4,685		-470		
8		国泰君安	4,649		-2,286		
9		国联期货	4,503		-1,499		
10		银河期货	4,293		1,703		
11		海通期货	3,755		-2,861		
12		国信期货	3,256		-1,338		
13		广发期货	3,256		1,683		
14		五矿经易	3,157		2,264		
15		徽商期货	3,012		-577		
16		国投安信	2,899		802		
17		华安期货	2,369		-338		
18		南华期货	2,315		-433		
19		先锋期货	2,236		813		
20		光大期货	2,206		-1,402		
总计				115,103		-682		

名次		会员简称	持买单量	增减		
1		五矿经易	5,344		-206		
2		中信期货	5,204		-1,049		
3		申银万国	3,661		2,050		
4		银河期货	3,510		-1,895		
5		海通期货	1,513		-484		
6		金石期货	1,454		2		
7		东证期货	1,276		-712		
8		广发期货	1,235		-943		
9		国泰君安	1,136		-575		
10		国富期货	938		-971		
11		方正中期	930		-28		
12		兴证期货	924		-1,087		
13		华泰期货	694		-889		
14		中粮期货	686		-222		
15		宏源期货	663		-109		
16		国信期货	618		-185		
17		先锋期货	573		-68		
18		广州期货	478		90		
19		徽商期货	461		-141		
20		金瑞期货	444		-201		
总计				31,742		-7,623		

名次		会员简称	持卖单量	增减		
1		国投安信	4,303		1		
2		东证期货	3,120		19		
3		申银万国	3,079		2,281		
4		平安期货	2,067		-127		
5		美尔雅期货	1,968		-106		
6		一德期货	1,779		71		
7		五矿经易	1,626		-2,753		
8		中财期货	1,549		555		
9		国泰君安	1,417		-1,534		
10		海通期货	1,273		93		
11		光大期货	1,203		-446		
12		徽商期货	1,189		361		
13		中信期货	1,143		-1,056		
14		南华期货	1,124		-348		
15		华泰期货	890		-1,080		
16		新湖期货	847		-76		
17		东航期货	748		-115		
18		兴证期货	647		-365		
19		北京首创	592		-191		
20		国富期货	536		-502		
总计				31,100		-5,318		



会员类别	总成交量	增减		
期货公司会员	115,103		-682		

会员类别	总持买单量	增减		
期货公司会员	31,742		-7,623		

会员类别	总持卖单量	增减		
期货公司会员	31,100		-5,318		

