								大连商品交易所 成交量_买持仓_卖持仓排名	

合约代码：cs2009		Date：2020-08-19	

			期货公司会员	

名次		会员简称	成交量		增减		
1		华泰期货	20,420		-7,554		
2		国泰君安	10,270		-8,556		
3		东证期货	9,005		-413		
4		中信期货	4,015		-1,752		
5		兴证期货	3,496		-1,335		
6		海通期货	3,339		-2,523		
7		国富期货	2,942		-1,137		
8		金瑞期货	2,845		-694		
9		光大期货	2,643		-36		
10		鲁证期货	2,160		455		
11		方正中期	1,943		-4,654		
12		徽商期货	1,541		279		
13		东方财富	1,472		-4		
14		宏源期货	1,391		830		
15		中融汇信	1,363		-1,744		
16		南华期货	1,349		155		
17		银河期货	1,289		-1,031		
18		天风期货	994		-2,479		
19		国金期货	990		-321		
20		国元期货	967		-358		
总计				74,434		-32,872		

名次		会员简称	持买单量	增减		
1		中粮期货	1,651		19		
2		国泰君安	1,262		438		
3		东证期货	1,099		86		
4		东吴期货	1,041		-26		
5		华泰期货	973		-522		
6		国富期货	959		25		
7		海通期货	738		160		
8		华安期货	737		-44		
9		永安期货	624		209		
10		广发期货	613		-17		
11		兴证期货	580		192		
12		倍特期货	559		-69		
13		中信期货	555		-173		
14		中融汇信	546		-150		
15		银河期货	470		116		
16		长江期货	394		-66		
17		徽商期货	383		-37		
18		中财期货	380		-1		
19		方正中期	378		-61		
20		东方财富	364		47		
总计				14,306		126		

名次		会员简称	持卖单量	增减		
1		中粮期货	3,171		-322		
2		永安期货	1,643		-90		
3		宏源期货	1,362		1,013		
4		南华期货	1,091		-274		
5		华泰期货	832		86		
6		海通期货	792		-15		
7		鲁证期货	763		-705		
8		中信期货	700		12		
9		东证期货	700		441		
10		兴证期货	687		-30		
11		金瑞期货	628		626		
12		五矿经易	572		-6		
13		东吴期货	479		-36		
14		银河期货	456		41		
15		东兴期货	446		343		
16		中融汇信	385		-537		
17		国泰君安	362		-378		
18		云财富		337		0		
19		国信期货	335		-13		
20		浙商期货	320		33		
总计				16,061		189		



会员类别	总成交量	增减		
期货公司会员	74,434		-32,872		

会员类别	总持买单量	增减		
期货公司会员	14,306		126		

会员类别	总持卖单量	增减		
期货公司会员	16,061		189		

