								大连商品交易所 成交量_买持仓_卖持仓排名	

合约代码：m2105		Date：2020-08-19	

			期货公司会员	

名次		会员简称	成交量		增减		
1		东证期货	41,110		7,846		
2		光大期货	16,027		-273		
3		海通期货	15,714		-6,726		
4		格林大华	13,033		8,856		
5		兴证期货	11,792		4,368		
6		瑞达期货	8,557		-140		
7		银河期货	8,536		612		
8		国泰君安	7,766		-7,902		
9		中粮期货	7,432		-6,734		
10		广发期货	7,189		2,837		
11		华泰期货	6,906		1,988		
12		中信期货	5,969		570		
13		永安期货	5,858		-8,361		
14		浙商期货	5,296		-14,682		
15		国投安信	5,249		-10,709		
16		美尔雅期货	4,960		2,574		
17		鲁证期货	4,238		-1,112		
18		招金期货	4,136		-1,368		
19		安粮期货	4,125		-6,239		
20		国富期货	3,953		-4,609		
总计				187,846		-39,204		

名次		会员简称	持买单量	增减		
1		中粮期货	63,531		-1,729		
2		摩根大通	38,000		294		
3		银河期货	28,920		2,274		
4		申银万国	27,201		127		
5		国投安信	25,917		-1,766		
6		永安期货	24,927		-147		
7		宏源期货	24,204		405		
8		国泰君安	23,280		1,293		
9		海通期货	22,565		-896		
10		方正中期	20,209		795		
11		兴证期货	17,946		1,664		
12		华泰期货	16,642		-263		
13		一德期货	16,464		254		
14		国富期货	15,987		2,897		
15		南华期货	15,464		384		
16		天风期货	14,171		266		
17		中信期货	13,475		378		
18		浙商期货	12,739		-2,139		
19		广州金控	11,343		-166		
20		格林大华	10,178		664		
总计				443,163		4,589		

名次		会员简称	持卖单量	增减		
1		中粮期货	258,863		2,459		
2		国投安信	99,912		1,283		
3		银河期货	40,908		364		
4		摩根大通	34,820		0		
5		广发期货	33,048		-5,102		
6		海通期货	29,898		136		
7		北京首创	20,567		2,021		
8		中信期货	18,187		269		
9		新湖期货	16,890		0		
10		国泰君安	16,671		1,239		
11		一德期货	15,783		56		
12		鲁证期货	15,450		-987		
13		国盛期货	14,197		16		
14		永安期货	13,874		-203		
15		南华期货	12,917		-198		
16		平安期货	12,823		76		
17		五矿经易	12,511		304		
18		建信期货	10,009		10		
19		安粮期货	6,138		-1,240		
20		国元期货	5,626		229		
总计				689,092		732		



会员类别	总成交量	增减		
期货公司会员	187,846		-39,204		

会员类别	总持买单量	增减		
期货公司会员	443,163		4,589		

会员类别	总持卖单量	增减		
期货公司会员	689,092		732		

