								大连商品交易所 成交量_买持仓_卖持仓排名	

合约代码：j2101		Date：2020-08-19	

			期货公司会员	

名次		会员简称	成交量		增减		
1		东证期货	15,138		2,951		
2		国富期货	13,317		6,491		
3		上海大陆	8,795		4,027		
4		海通期货	7,304		5,922		
5		国泰君安	6,590		4,793		
6		中信期货	6,177		4,146		
7		瑞达期货	5,357		3,546		
8		光大期货	5,222		2,728		
9		山西三立	4,557		3,815		
10		华泰期货	4,236		1,774		
11		永安期货	4,202		1,137		
12		先锋期货	3,978		1,646		
13		申银万国	3,924		2,490		
14		河北恒银	3,382		2,421		
15		银河期货	3,255		1,573		
16		徽商期货	3,048		1,825		
17		中辉期货	2,501		1,692		
18		方正中期	2,488		1,101		
19		华安期货	2,272		1,042		
20		新纪元期货	2,176		842		
总计				107,919		55,962		

名次		会员简称	持买单量	增减		
1		东证期货	6,362		4,746		
2		永安期货	5,990		924		
3		国富期货	4,448		2,876		
4		东海期货	4,447		44		
5		国泰君安	3,632		775		
6		海通期货	2,727		1,316		
7		中信期货	2,687		714		
8		华泰期货	2,390		583		
9		中信建投	2,274		255		
10		银河期货	2,125		459		
11		方正中期	1,899		636		
12		光大期货	1,662		594		
13		国投安信	1,431		118		
14		瑞达期货	1,419		826		
15		申银万国	1,386		773		
16		摩根大通	1,213		7		
17		鲁证期货	1,155		-68		
18		五矿经易	1,010		129		
19		国信期货	899		150		
20		弘业期货	869		284		
总计				50,025		16,141		

名次		会员简称	持卖单量	增减		
1		东证期货	6,756		4,888		
2		永安期货	5,134		660		
3		华泰期货	4,997		315		
4		国富期货	4,329		2,781		
5		一德期货	3,779		-508		
6		浙商期货	3,399		-167		
7		国泰君安	2,826		2,041		
8		中信期货	2,434		637		
9		天风期货	2,322		50		
10		海通期货	2,263		70		
11		申银万国	2,241		367		
12		大越期货	2,210		801		
13		中信建投	2,163		70		
14		银河期货	1,715		450		
15		国投安信	1,694		121		
16		东海期货	1,674		51		
17		光大期货	1,375		556		
18		瑞达期货	1,235		747		
19		新纪元期货	1,022		188		
20		中财期货	994		-123		
总计				54,562		13,995		



会员类别	总成交量	增减		
期货公司会员	107,919		55,962		

会员类别	总持买单量	增减		
期货公司会员	50,025		16,141		

会员类别	总持卖单量	增减		
期货公司会员	54,562		13,995		

