								大连商品交易所 成交量_买持仓_卖持仓排名	

合约代码：y2009		Date：2020-08-19	

			期货公司会员	

名次		会员简称	成交量		增减		
1		东证期货	27,284		2,614		
2		光大期货	11,745		173		
3		华泰期货	9,936		728		
4		申银万国	7,757		609		
5		海通期货	7,604		2,753		
6		国泰君安	7,073		-580		
7		中信期货	5,901		-1,386		
8		国富期货	5,152		725		
9		中粮期货	2,896		-2,449		
10		一德期货	2,850		-734		
11		银河期货	2,719		-332		
12		国元期货	2,685		645		
13		国投安信	2,280		-1,129		
14		华融融达	2,113		1,108		
15		五矿经易	2,096		1,955		
16		北京首创	2,033		-333		
17		弘业期货	1,991		1,742		
18		广发期货	1,990		961		
19		浙商期货	1,787		1,347		
20		中财期货	1,777		-291		
总计				109,669		8,126		

名次		会员简称	持买单量	增减		
1		北京首创	6,184		-1,270		
2		国投安信	3,299		29		
3		国盛期货	3,175		-504		
4		中国国际	2,858		-61		
5		中信期货	2,549		-265		
6		一德期货	2,474		-181		
7		华泰期货	2,463		-1,638		
8		国泰君安	1,820		-30		
9		南华期货	1,463		-605		
10		海证期货	1,388		-50		
11		中融汇信	1,349		-25		
12		光大期货	1,214		-648		
13		永安期货	1,171		-595		
14		华融融达	1,153		-387		
15		首创京都	1,100		0		
16		五矿经易	1,041		-1,785		
17		美尔雅期货	991		-15		
18		国富期货	967		-1,268		
19		广发期货	914		384		
20		平安期货	895		59		
总计				38,468		-8,855		

名次		会员简称	持卖单量	增减		
1		中粮期货	13,401		-1,095		
2		国投安信	6,193		-1,379		
3		一德期货	5,118		-1,195		
4		永安期货	2,230		36		
5		银河期货	2,207		-680		
6		南华期货	2,167		-173		
7		中天期货	2,164		-35		
8		北京首创	1,113		-511		
9		申银万国	1,058		-1,554		
10		信达期货	972		-224		
11		建信期货	792		-158		
12		新湖期货	747		-89		
13		弘业期货	746		-558		
14		中大期货	695		-3		
15		东证期货	685		-44		
16		财信期货	668		-111		
17		招商期货	631		-144		
18		华泰期货	596		-366		
19		中信期货	595		30		
20		国泰君安	590		-189		
总计				43,368		-8,442		



会员类别	总成交量	增减		
期货公司会员	109,669		8,126		

会员类别	总持买单量	增减		
期货公司会员	38,468		-8,855		

会员类别	总持卖单量	增减		
期货公司会员	43,368		-8,442		

