								大连商品交易所 成交量_买持仓_卖持仓排名	

合约代码：rr2010		Date：2020-08-19	

			期货公司会员	

名次		会员简称	成交量		增减		
1		东证期货	2,236		-1,629		
2		海通期货	1,265		-793		
3		国泰君安	1,231		-469		
4		申银万国	1,017		498		
5		美尔雅期货	796		-142		
6		方正中期	597		-167		
7		五矿经易	572		-122		
8		华安期货	532		12		
9		中原期货	526		35		
10		浙商期货	494		-387		
11		永安期货	482		-66		
12		格林大华	452		-350		
13		华闻期货	451		-27		
14		华泰期货	431		91		
15		东海期货	342		-475		
16		鲁证期货	336		-534		
17		国海良时	326		45		
18		东方财富	313		-82		
19		南华期货	310		262		
20		国投安信	284		-271		
总计				12,993		-4,571		

名次		会员简称	持买单量	增减		
1		方正中期	1,422		-3		
2		中信建投	1,200		-39		
3		安粮期货	1,140		17		
4		海通期货	1,128		-137		
5		光大期货	1,076		-14		
6		五矿经易	1,000		1		
7		国泰君安	920		20		
8		永安期货	918		-39		
9		宏源期货	805		-91		
10		国海良时	459		-4		
11		中原期货	381		5		
12		格林大华	348		-128		
13		广发期货	338		5		
14		申银万国	297		4		
15		东方财富	236		33		
16		华泰期货	187		60		
17		鲁证期货	186		3		
18		银河期货	177		24		
19		南华期货	176		8		
20		东航期货	160		1		
总计				12,554		-274		

名次		会员简称	持卖单量	增减		
1		北京首创	1,910		-240		
2		方正中期	1,307		0		
3		海通期货	1,209		266		
4		华安期货	1,090		-180		
5		光大期货	1,029		0		
6		五矿经易	1,010		-99		
7		中信建投	961		-1		
8		申银万国	793		223		
9		永安期货	741		-85		
10		东海期货	655		80		
11		中投期货	623		-11		
12		中信期货	548		216		
13		鲁证期货	464		19		
14		国海良时	422		-2		
15		国泰君安	346		109		
16		格林大华	308		-106		
17		中原期货	300		-1		
18		平安期货	238		129		
19		华泰期货	224		-263		
20		安粮期货	203		-4		
总计				14,381		50		



会员类别	总成交量	增减		
期货公司会员	12,993		-4,571		

会员类别	总持买单量	增减		
期货公司会员	12,554		-274		

会员类别	总持卖单量	增减		
期货公司会员	14,381		50		

