								大连商品交易所 成交量_买持仓_卖持仓排名	

合约代码：cs2011		Date：2020-08-19	

			期货公司会员	

名次		会员简称	成交量		增减		
1		国泰君安	7,024		1,774		
2		五矿经易	3,383		2,020		
3		新湖期货	1,019		-1		
4		格林大华	1,018		-234		
5		浙商期货	988		-133		
6		东证期货	887		86		
7		中信期货	743		-1		
8		华闻期货	642		-213		
9		鲁证期货	630		-57		
10		银河期货	594		-490		
11		光大期货	504		7		
12		招商期货	411		-230		
13		华泰期货	338		302		
14		国富期货	308		174		
15		海通期货	288		-116		
16		中粮期货	265		-78		
17		南华期货	251		-98		
18		招金期货	170		60		
19		中融汇信	170		104		
20		方正中期	156		68		
总计				19,789		2,944		

名次		会员简称	持买单量	增减		
1		中信期货	1,672		43		
2		五矿经易	1,619		10		
3		格林大华	1,270		0		
4		鲁证期货	1,267		2		
5		南华期货	1,113		1		
6		浙商期货	1,068		12		
7		金瑞期货	1,050		0		
8		海通期货	1,003		0		
9		光大期货	1,003		-5		
10		招商期货	911		15		
11		中信建投	804		4		
12		中粮期货	609		7		
13		东证期货	587		-48		
14		华泰期货	380		2		
15		新湖期货	293		-11		
16		银河期货	189		70		
17		国泰君安	161		9		
18		徽商期货	104		38		
19		华安期货	78		18		
20		国海良时	44		12		
总计				15,225		179		

名次		会员简称	持卖单量	增减		
1		五矿经易	2,104		495		
2		中信期货	2,024		8		
3		鲁证期货	1,297		30		
4		格林大华	1,270		0		
5		南华期货	1,101		-22		
6		光大期货	1,011		3		
7		海通期货	1,003		0		
8		浙商期货	1,002		2		
9		招商期货	899		-4		
10		国富期货	833		3		
11		中信建投	801		0		
12		中粮期货	611		8		
13		东证期货	514		-103		
14		金瑞期货	500		0		
15		新湖期货	313		0		
16		国泰君安	124		19		
17		中融汇信	30		-170		
18		华泰期货	28		0		
19		华闻期货	18		-15		
20		中州期货	15		-3		
总计				15,498		251		



会员类别	总成交量	增减		
期货公司会员	19,789		2,944		

会员类别	总持买单量	增减		
期货公司会员	15,225		179		

会员类别	总持卖单量	增减		
期货公司会员	15,498		251		

