								大连商品交易所 成交量_买持仓_卖持仓排名	

合约代码：c2105		Date：2020-08-19	

			期货公司会员	

名次		会员简称	成交量		增减		
1		华泰期货	21,859		-7,093		
2		东证期货	16,456		-10,993		
3		东海期货	8,430		2,913		
4		金瑞期货	8,082		1,076		
5		国泰君安	7,428		54		
6		光大期货	6,115		-8,477		
7		中信期货	5,797		-1,299		
8		永安期货	5,500		1,832		
9		浙商期货	5,135		-144		
10		北京首创	4,131		1,615		
11		鲁证期货	3,558		2,714		
12		徽商期货	3,452		-3,105		
13		中天期货	2,603		202		
14		国投安信	2,354		179		
15		安粮期货	2,311		-568		
16		银河期货	2,109		-1,517		
17		华融融达	2,042		377		
18		摩根大通	2,011		1,022		
19		先锋期货	1,875		39		
20		海通期货	1,743		-570		
总计				112,991		-21,743		

名次		会员简称	持买单量	增减		
1		北京首创	39,871		278		
2		鲁证期货	39,247		-2,897		
3		国泰君安	22,137		197		
4		中信期货	21,127		-58		
5		光大期货	21,115		671		
6		一德期货	18,171		-28		
7		中信建投	12,570		15		
8		华泰期货	11,199		208		
9		永安期货	11,109		2,157		
10		中州期货	10,100		-48		
11		中辉期货	8,213		105		
12		混沌天成	7,160		-510		
13		金瑞期货	6,869		710		
14		安粮期货	6,667		544		
15		海证期货	6,585		280		
16		浙商期货	6,392		4,277		
17		中粮期货	6,371		125		
18		徽商期货	5,529		-108		
19		国投安信	4,814		390		
20		兴证期货	4,585		511		
总计				269,831		6,819		

名次		会员简称	持卖单量	增减		
1		永安期货	45,274		2,537		
2		中信期货	29,577		-37		
3		中粮期货	28,527		122		
4		光大期货	26,972		854		
5		南华期货	24,654		-38		
6		金瑞期货	23,732		2,000		
7		华融融达	19,270		506		
8		鲁证期货	13,317		5		
9		国投安信	12,695		442		
10		海证期货	12,649		-287		
11		浙商期货	11,591		152		
12		东证期货	10,341		-102		
13		华泰期货	9,946		7		
14		北京首创	6,937		3,415		
15		国泰君安	5,664		555		
16		美尔雅期货	5,149		228		
17		五矿经易	4,353		4		
18		建信期货	4,263		9		
19		徽商期货	3,563		72		
20		兴证期货	2,889		493		
总计				301,363		10,937		



会员类别	总成交量	增减		
期货公司会员	112,991		-21,743		

会员类别	总持买单量	增减		
期货公司会员	269,831		6,819		

会员类别	总持卖单量	增减		
期货公司会员	301,363		10,937		

