								大连商品交易所 成交量_买持仓_卖持仓排名	

合约代码：cs2101		Date：2020-08-19	

			期货公司会员	

名次		会员简称	成交量		增减		
1		华泰期货	7,654		-2,949		
2		国泰君安	3,844		580		
3		中信期货	3,464		-2,778		
4		永安期货	3,292		21		
5		东证期货	3,017		-5,744		
6		华闻期货	2,975		-431		
7		光大期货	2,355		231		
8		华安期货	2,341		-133		
9		海通期货	2,315		-1,104		
10		国富期货	2,102		-452		
11		中信建投	1,821		-671		
12		安粮期货	1,511		-79		
13		天风期货	1,334		939		
14		徽商期货	1,154		-2,213		
15		广发期货	1,078		-648		
16		招金期货	1,066		232		
17		银河期货	1,040		-1,081		
18		浙商期货	936		635		
19		兴证期货	867		-2,123		
20		上海中期	808		-133		
总计				44,974		-17,901		

名次		会员简称	持买单量	增减		
1		鲁证期货	6,905		-53		
2		中信期货	5,480		466		
3		一德期货	4,109		-4		
4		弘业期货	3,830		-4		
5		中财期货	2,700		-16		
6		中信建投	2,465		116		
7		中粮期货	2,350		-16		
8		方正中期	2,138		553		
9		永安期货	1,949		21		
10		华泰期货	1,527		-225		
11		华安期货	1,476		-162		
12		国泰君安	1,316		-80		
13		徽商期货	1,220		-38		
14		兴证期货	1,156		-186		
15		中辉期货	1,134		167		
16		东证期货	1,096		254		
17		浙商期货	1,070		568		
18		中国国际	901		-16		
19		南华期货	886		23		
20		银河期货	751		56		
总计				44,459		1,424		

名次		会员简称	持卖单量	增减		
1		中粮期货	10,025		-319		
2		国金期货	5,513		125		
3		永安期货	3,742		-1,671		
4		中信期货	3,556		72		
5		中融汇信	2,801		6		
6		国泰君安	2,316		-1,560		
7		兴证期货	1,860		161		
8		国投安信	1,799		4		
9		华泰期货	1,769		339		
10		北京首创	1,432		13		
11		上海大陆	1,397		33		
12		上海中期	1,325		257		
13		招金期货	1,254		825		
14		瑞达期货	1,190		-35		
15		中信建投	1,175		-49		
16		天风期货	1,120		1,068		
17		广发期货	1,108		47		
18		东证期货	907		-15		
19		国富期货	874		-371		
20		华安期货	745		631		
总计				45,908		-439		



会员类别	总成交量	增减		
期货公司会员	44,974		-17,901		

会员类别	总持买单量	增减		
期货公司会员	44,459		1,424		

会员类别	总持卖单量	增减		
期货公司会员	45,908		-439		

