								大连商品交易所 成交量_买持仓_卖持仓排名	

合约代码：a2101		Date：2020-08-19	

			期货公司会员	

名次		会员简称	成交量		增减		
1		华泰期货	87,239		64,365		
2		国泰君安	41,471		32,926		
3		方正中期	36,814		29,220		
4		中信期货	23,691		15,362		
5		徽商期货	20,532		14,294		
6		国富期货	19,997		11,088		
7		海通期货	19,774		13,212		
8		华安期货	18,561		14,643		
9		光大期货	18,336		16,495		
10		永安期货	13,333		10,322		
11		安粮期货	13,091		10,147		
12		东吴期货	11,831		6,583		
13		中辉期货	11,367		9,342		
14		中信建投	10,990		8,052		
15		申银万国	10,826		8,031		
16		东证期货	10,646		6,310		
17		华闻期货	9,780		9,004		
18		南华期货	9,144		7,070		
19		东方财富	8,827		7,692		
20		宏源期货	8,741		6,609		
总计				404,991		300,767		

名次		会员简称	持买单量	增减		
1		中信期货	9,490		2,482		
2		永安期货	7,151		-2,420		
3		国泰君安	6,627		4,913		
4		华泰期货	5,994		3,605		
5		光大期货	5,741		5,144		
6		信达期货	5,258		97		
7		宏源期货	4,647		2,354		
8		新湖期货	3,708		761		
9		东证期货	3,445		2,329		
10		兴证期货	3,292		1,754		
11		国投安信	3,166		-675		
12		中粮期货	2,674		433		
13		山金期货	2,590		2,468		
14		方正中期	2,540		547		
15		安粮期货	2,179		832		
16		东吴期货	2,131		1,161		
17		银河期货	2,122		1,352		
18		中信建投	2,039		1,024		
19		东航期货	2,001		1,211		
20		国信期货	1,917		974		
总计				78,712		30,346		

名次		会员简称	持卖单量	增减		
1		国投安信	10,003		3,373		
2		华安期货	8,382		3,135		
3		一德期货	8,311		1,776		
4		永安期货	8,101		2,797		
5		鲁证期货	6,562		512		
6		光大期货	6,270		5,356		
7		国泰君安	5,378		452		
8		银河期货	5,231		881		
9		北京首创	5,128		2,037		
10		广发期货	4,936		2,037		
11		浙商期货	3,458		1,395		
12		格林大华	3,434		2,431		
13		南华期货	3,374		1,505		
14		中信期货	3,191		1,043		
15		深圳金汇	3,006		3,005		
16		天风期货	2,959		-9		
17		国联期货	2,279		1,166		
18		中信建投	2,088		318		
19		中粮期货	1,861		467		
20		招金期货	1,856		616		
总计				95,808		34,293		



会员类别	总成交量	增减		
期货公司会员	404,991		300,767		

会员类别	总持买单量	增减		
期货公司会员	78,712		30,346		

会员类别	总持卖单量	增减		
期货公司会员	95,808		34,293		

