								大连商品交易所 成交量_买持仓_卖持仓排名	

合约代码：y2101		Date：2020-09-04	

			期货公司会员	

名次		会员简称	成交量		增减		
1		东证期货	256,507		50,634		
2		国泰君安	142,088		17,069		
3		光大期货	85,454		10,432		
4		中信期货	81,410		15,617		
5		国富期货	81,351		-5,183		
6		兴证期货	65,980		-21,224		
7		申银万国	54,210		9,732		
8		华闻期货	48,669		15,559		
9		海通期货	38,368		7,577		
10		银河期货	36,555		13,075		
11		华泰期货	35,732		8,916		
12		方正中期	30,165		9,156		
13		华安期货	22,119		-349		
14		广发期货	20,736		4,846		
15		徽商期货	20,547		-798		
16		永安期货	20,266		625		
17		五矿经易	19,900		12,021		
18		格林大华	19,716		4,293		
19		中粮期货	17,180		-5,140		
20		新湖期货	14,608		5,788		
总计				1,111,561	152,646		

名次		会员简称	持买单量	增减		
1		永安期货	39,119		1,843		
2		中粮期货	29,068		1,515		
3		国泰君安	25,997		-3,678		
4		华泰期货	25,277		4,834		
5		银河期货	22,837		-9,797		
6		浙商期货	22,710		-59		
7		广发期货	22,074		71		
8		五矿经易	21,568		-336		
9		一德期货	18,630		-1,296		
10		中信期货	18,319		2,456		
11		大越期货	16,280		-518		
12		光大期货	15,753		-7,017		
13		天风期货	15,541		-345		
14		东证期货	14,459		-1,647		
15		大地期货	13,928		-39		
16		国投安信	12,432		-1,025		
17		海通期货	10,045		954		
18		方正中期	8,996		2,781		
19		北京首创	8,529		1,146		
20		申银万国	7,952		108		
总计				369,514		-10,049		

名次		会员简称	持卖单量	增减		
1		中粮期货	96,447		-321		
2		国投安信	55,574		-1,124		
3		中信期货	32,174		982		
4		信达期货	32,125		78		
5		摩根大通	28,968		-680		
6		银河期货	28,427		-904		
7		国泰君安	27,386		-1,382		
8		一德期货	25,594		2,153		
9		永安期货	21,323		711		
10		南华期货	13,876		611		
11		海通期货	13,151		-880		
12		上海中期	12,789		262		
13		新湖期货	12,219		-322		
14		鲁证期货	10,193		-379		
15		广发期货	8,711		-49		
16		浙商期货	7,970		154		
17		中大期货	7,849		35		
18		五矿经易	7,728		-304		
19		华泰期货	7,666		468		
20		东证期货	7,524		170		
总计				457,694		-721		



会员类别	总成交量	增减		
期货公司会员	1,111,561	152,646		

会员类别	总持买单量	增减		
期货公司会员	369,514		-10,049		

会员类别	总持卖单量	增减		
期货公司会员	457,694		-721		

