								大连商品交易所 成交量_买持仓_卖持仓排名	

合约代码：i2102		Date：2020-09-04	

			期货公司会员	

名次		会员简称	成交量		增减		
1		国富期货	31,126		-2,988		
2		光大期货	20,766		-3,406		
3		申银万国	18,014		-861		
4		东证期货	16,036		3,824		
5		银河期货	15,516		293		
6		徽商期货	13,656		13,586		
7		华闻期货	9,535		-1,636		
8		一德期货	7,398		-3,542		
9		冠通期货	7,224		-4,552		
10		安粮期货	6,688		6,023		
11		金瑞期货	5,036		-403		
12		新湖期货	3,625		280		
13		国泰君安	3,418		-3,860		
14		海通期货	3,192		1,000		
15		国信期货	2,915		-2,776		
16		南华期货	2,846		2,314		
17		中天期货	2,459		2,411		
18		国贸期货	2,334		-1,866		
19		鲁证期货	2,210		-3,677		
20		中信期货	1,539		-867		
总计				175,533		-703		

名次		会员简称	持买单量	增减		
1		申银万国	2,563		710		
2		东吴期货	1,691		-6		
3		国投安信	915		-19		
4		宏源期货	856		56		
5		中信期货	604		43		
6		浙商期货	518		0		
7		招商期货	503		117		
8		鲁证期货	502		303		
9		海通期货	394		-56		
10		方正中期	332		-17		
11		永安期货	308		50		
12		宝城期货	265		54		
13		五矿经易	256		0		
14		新湖期货	229		0		
15		冠通期货	196		0		
16		华安期货	171		161		
17		弘业期货	166		-20		
18		光大期货	101		-114		
19		中信建投	100		0		
20		华西期货	76		-3		
总计				10,746		1,259		

名次		会员简称	持卖单量	增减		
1		申银万国	2,563		708		
2		东吴期货	1,697		6		
3		国投安信	927		-8		
4		宏源期货	798		49		
5		中信期货	604		44		
6		招商期货	539		116		
7		浙商期货	526		3		
8		鲁证期货	482		295		
9		海通期货	429		-34		
10		永安期货	308		50		
11		方正中期	301		1		
12		宝城期货	272		47		
13		五矿经易	256		0		
14		新湖期货	228		7		
15		冠通期货	202		6		
16		弘业期货	192		31		
17		华安期货	161		161		
18		中信建投	104		0		
19		金瑞期货	79		8		
20		银河期货	63		7		
总计				10,731		1,497		



会员类别	总成交量	增减		
期货公司会员	175,533		-703		

会员类别	总持买单量	增减		
期货公司会员	10,746		1,259		

会员类别	总持卖单量	增减		
期货公司会员	10,731		1,497		

