								大连商品交易所 成交量_买持仓_卖持仓排名	

合约代码：jm2101		Date：2020-09-04	

			期货公司会员	

名次		会员简称	成交量		增减		
1		东证期货	24,406		956		
2		申银万国	6,688		-388		
3		光大期货	6,534		-3,063		
4		中信期货	5,980		-4,936		
5		迈科期货	5,913		2,294		
6		国泰君安	5,814		-1,329		
7		国富期货	5,739		-815		
8		海通期货	5,132		-4,198		
9		永安期货	5,090		1,279		
10		中辉期货	5,085		867		
11		兴证期货	4,365		-1,487		
12		华泰期货	4,180		-865		
13		鲁证期货	3,282		895		
14		广发期货	2,621		-269		
15		方正中期	2,442		150		
16		银河期货	2,226		-1,107		
17		一德期货	1,735		-1,806		
18		国贸期货	1,528		-1,287		
19		华安期货	1,524		-411		
20		国投安信	1,501		-71		
总计				101,785		-15,591		

名次		会员简称	持买单量	增减		
1		中信期货	14,179		-261		
2		东证期货	10,143		1,536		
3		国泰君安	4,094		535		
4		永安期货	3,718		350		
5		华泰期货	3,677		370		
6		兴证期货	3,635		532		
7		中辉期货	3,193		110		
8		中信建投	2,920		-24		
9		海通期货	2,475		-39		
10		摩根大通	2,162		132		
11		迈科期货	2,115		203		
12		申银万国	2,079		-964		
13		国富期货	1,958		-544		
14		银河期货	1,945		31		
15		宏源期货	1,793		46		
16		光大期货	1,442		-2,635		
17		南华期货	1,321		166		
18		国联期货	1,250		640		
19		瑞达期货	1,231		50		
20		国信期货	1,230		-59		
总计				66,560		175		

名次		会员简称	持卖单量	增减		
1		永安期货	8,597		366		
2		申银万国	7,171		-850		
3		东证期货	7,101		1,356		
4		一德期货	5,354		37		
5		银河期货	5,195		249		
6		中信期货	4,971		329		
7		平安期货	3,373		76		
8		中粮期货	3,081		-66		
9		国泰君安	2,833		151		
10		中辉期货	2,622		-239		
11		浙商期货	2,277		217		
12		迈科期货	1,995		246		
13		国贸期货	1,979		83		
14		兴证期货	1,817		-103		
15		中信建投	1,772		130		
16		冠通期货	1,765		66		
17		国富期货	1,728		-523		
18		长江期货	1,480		-8		
19		华泰期货	1,449		450		
20		建信期货	1,419		-72		
总计				67,979		1,895		



会员类别	总成交量	增减		
期货公司会员	101,785		-15,591		

会员类别	总持买单量	增减		
期货公司会员	66,560		175		

会员类别	总持卖单量	增减		
期货公司会员	67,979		1,895		

