								大连商品交易所 成交量_买持仓_卖持仓排名	

合约代码：cs2011		Date：2020-09-04	

			期货公司会员	

名次		会员简称	成交量		增减		
1		国泰君安	6,552		-4,344		
2		海通期货	3,245		456		
3		华泰期货	2,932		-4,342		
4		方正中期	2,700		2,700		
5		光大期货	2,465		-579		
6		新湖期货	2,445		-192		
7		鲁证期货	2,169		-265		
8		国富期货	1,862		431		
9		中信期货	1,852		102		
10		华闻期货	1,541		699		
11		东证期货	1,493		5		
12		中信建投	1,486		445		
13		中粮期货	1,341		147		
14		格林大华	1,290		124		
15		南华期货	1,239		91		
16		五矿经易	1,230		-134		
17		浙商期货	1,199		-9		
18		银河期货	755		263		
19		招商期货	635		69		
20		华安期货	488		241		
总计				38,919		-4,092		

名次		会员简称	持买单量	增减		
1		五矿经易	2,252		-5		
2		中信期货	1,455		262		
3		鲁证期货	1,300		9		
4		浙商期货	1,241		210		
5		光大期货	1,215		7		
6		南华期货	1,107		0		
7		金瑞期货	1,050		0		
8		海通期货	918		-123		
9		格林大华	804		3		
10		招商期货	803		-13		
11		中信建投	750		143		
12		国泰君安	620		188		
13		东证期货	595		-51		
14		永安期货	521		16		
15		中粮期货	501		-5		
16		新湖期货	340		7		
17		东吴期货	201		-2		
18		上海大陆	155		-25		
19		华安期货	100		-120		
20		北京金鹏	95		-54		
总计				16,023		447		

名次		会员简称	持卖单量	增减		
1		五矿经易	2,264		7		
2		中信期货	1,996		-26		
3		鲁证期货	1,271		0		
4		浙商期货	1,223		215		
5		光大期货	1,210		-4		
6		南华期货	1,181		5		
7		国泰君安	986		180		
8		海通期货	891		-124		
9		格林大华	804		3		
10		招商期货	804		2		
11		金瑞期货	694		141		
12		中信建投	601		-51		
13		中粮期货	500		0		
14		东证期货	500		-102		
15		新湖期货	321		2		
16		国富期货	317		299		
17		广州期货	303		57		
18		东吴期货	200		0		
19		华泰期货	130		-2		
20		方正中期	111		11		
总计				16,307		613		



会员类别	总成交量	增减		
期货公司会员	38,919		-4,092		

会员类别	总持买单量	增减		
期货公司会员	16,023		447		

会员类别	总持卖单量	增减		
期货公司会员	16,307		613		

