								大连商品交易所 成交量_买持仓_卖持仓排名	

合约代码：c2103		Date：2020-09-04	

			期货公司会员	

名次		会员简称	成交量		增减		
1		国泰君安	9,129		4,011		
2		华闻期货	6,902		2,034		
3		鲁证期货	5,479		3,902		
4		海通期货	4,765		1,505		
5		国富期货	2,036		607		
6		国海良时	2,030		808		
7		广发期货	1,938		-409		
8		东证期货	1,910		-52		
9		永安期货	1,664		426		
10		中大期货	1,658		672		
11		弘业期货	1,617		124		
12		中粮期货	1,502		519		
13		新湖期货	1,494		999		
14		格林大华	1,426		558		
15		中天期货	1,414		681		
16		五矿经易	1,310		586		
17		中信期货	1,254		17		
18		宝城期货	1,093		444		
19		浙商期货	1,024		553		
20		宏源期货	905		283		
总计				50,550		18,268		

名次		会员简称	持买单量	增减		
1		鲁证期货	6,668		0		
2		中信期货	2,754		-1		
3		一德期货	2,503		0		
4		东证期货	1,874		0		
5		浙商期货	1,546		105		
6		海通期货	1,520		1,002		
7		摩根大通	1,000		0		
8		五矿经易	932		184		
9		永安期货	661		29		
10		锦泰期货	470		0		
11		申银万国	363		-11		
12		中大期货	303		291		
13		迈科期货	151		0		
14		国海良时	115		109		
15		徽商期货	110		0		
16		华闻期货	74		16		
17		银河期货	66		21		
18		金瑞期货	63		11		
19		兴证期货	55		-2		
20		东吴期货	52		50		
总计				21,280		1,804		

名次		会员简称	持卖单量	增减		
1		兴证期货	2,655		0		
2		东证期货	1,894		-204		
3		海通期货	1,538		1,019		
4		中信期货	1,490		15		
5		浙商期货	1,434		105		
6		国海良时	1,028		119		
7		鲁证期货	1,016		1		
8		五矿经易	1,012		184		
9		中大期货	832		791		
10		平安期货	777		168		
11		冠通期货	745		0		
12		华泰期货	740		-328		
13		东航期货	700		524		
14		永安期货	664		27		
15		锦泰期货	645		-15		
16		国贸期货	393		313		
17		申银万国	367		-11		
18		华安期货	281		-40		
19		海证期货	237		-4		
20		宏源期货	223		-20		
总计				18,671		2,644		



会员类别	总成交量	增减		
期货公司会员	50,550		18,268		

会员类别	总持买单量	增减		
期货公司会员	21,280		1,804		

会员类别	总持卖单量	增减		
期货公司会员	18,671		2,644		

