								大连商品交易所 成交量_买持仓_卖持仓排名	

合约代码：cs2101		Date：2020-09-04	

			期货公司会员	

名次		会员简称	成交量		增减		
1		华泰期货	43,599		13,844		
2		东证期货	34,316		7,903		
3		国泰君安	23,141		8,246		
4		中信期货	21,539		10,302		
5		海通期货	20,360		13,617		
6		国富期货	18,161		9,075		
7		兴证期货	9,148		5,297		
8		中辉期货	8,894		5,504		
9		华安期货	7,374		3,890		
10		华西期货	5,789		3,984		
11		光大期货	5,369		2,246		
12		金瑞期货	5,314		2,485		
13		华闻期货	5,163		1,821		
14		方正中期	5,153		2,994		
15		广发期货	5,078		2,989		
16		宏源期货	4,815		2,847		
17		徽商期货	4,784		2,674		
18		银河期货	4,550		1,630		
19		中信建投	4,532		1,623		
20		国贸期货	4,448		1,657		
总计				241,527		104,628		

名次		会员简称	持买单量	增减		
1		鲁证期货	8,445		145		
2		中信期货	7,321		1,296		
3		一德期货	5,269		277		
4		弘业期货	4,709		221		
5		华泰期货	4,511		1,595		
6		永安期货	4,201		-26		
7		中财期货	2,523		-31		
8		新湖期货	1,983		-197		
9		中信建投	1,962		1,014		
10		华安期货	1,942		-760		
11		金瑞期货	1,931		-188		
12		国泰君安	1,839		580		
13		海通期货	1,800		607		
14		兴证期货	1,724		4		
15		东证期货	1,651		359		
16		天风期货	1,526		53		
17		中辉期货	1,416		-302		
18		南华期货	1,199		222		
19		银河期货	1,197		211		
20		中粮期货	1,195		-701		
总计				58,344		4,379		

名次		会员简称	持卖单量	增减		
1		中粮期货	7,528		249		
2		国金期货	6,121		8		
3		中信期货	4,837		-391		
4		国富期货	4,229		2,205		
5		永安期货	4,115		-185		
6		东证期货	3,676		835		
7		金瑞期货	3,348		1,542		
8		国泰君安	3,027		987		
9		东吴期货	2,996		1,239		
10		国投安信	2,759		652		
11		广发期货	2,759		1,580		
12		华泰期货	2,529		148		
13		兴证期货	2,457		-1,036		
14		宏源期货	2,397		-1,008		
15		海通期货	2,308		-617		
16		华安期货	2,232		772		
17		中融汇信	1,672		-85		
18		光大期货	1,509		673		
19		方正中期	1,305		-214		
20		瑞达期货	1,301		-18		
总计				63,105		7,336		



会员类别	总成交量	增减		
期货公司会员	241,527		104,628		

会员类别	总持买单量	增减		
期货公司会员	58,344		4,379		

会员类别	总持卖单量	增减		
期货公司会员	63,105		7,336		

