								大连商品交易所 成交量_买持仓_卖持仓排名	

合约代码：rr2012		Date：2020-09-04	

			期货公司会员	

名次		会员简称	成交量		增减		
1		东证期货	5,271		3,532		
2		海通期货	2,508		-654		
3		申银万国	2,029		584		
4		华闻期货	1,898		405		
5		中信建投	1,504		246		
6		国海良时	1,442		-1,037		
7		光大期货	1,301		-249		
8		格林大华	1,258		-286		
9		五矿经易	1,150		-267		
10		浙商期货	1,102		230		
11		华安期货	1,096		287		
12		中原期货	947		-235		
13		方正中期	935		103		
14		天风期货	924		175		
15		永安期货	846		-6		
16		国泰君安	817		-339		
17		渤海期货	765		603		
18		国投安信	586		310		
19		鲁证期货	454		277		
20		中投期货	425		212		
总计				27,258		3,891		

名次		会员简称	持买单量	增减		
1		宏源期货	1,547		84		
2		浙商期货	1,028		11		
3		海通期货	897		-41		
4		五矿经易	877		14		
5		永安期货	814		-18		
6		光大期货	513		5		
7		安粮期货	424		210		
8		国海良时	399		-13		
9		格林大华	344		-2		
10		国泰君安	323		179		
11		中原期货	307		-2		
12		中信建投	249		27		
13		华安期货	243		18		
14		国投安信	233		2		
15		申银万国	225		70		
16		平安期货	188		11		
17		方正中期	178		21		
18		华联期货	166		166		
19		瑞达期货	136		4		
20		东方财富	134		46		
总计				9,225		792		

名次		会员简称	持卖单量	增减		
1		北京首创	1,605		-395		
2		浙商期货	1,032		3		
3		申银万国	935		897		
4		海通期货	864		-45		
5		五矿经易	800		-52		
6		永安期货	673		20		
7		渤海期货	537		15		
8		光大期货	505		-4		
9		国海良时	395		-7		
10		中投期货	337		307		
11		鲁证期货	311		22		
12		格林大华	310		0		
13		中原期货	306		-7		
14		国泰君安	219		170		
15		中信建投	185		-23		
16		天风期货	153		-102		
17		东证期货	141		103		
18		中融汇信	130		0		
19		方正中期	125		20		
20		中辉期货	123		29		
总计				9,686		951		



会员类别	总成交量	增减		
期货公司会员	27,258		3,891		

会员类别	总持买单量	增减		
期货公司会员	9,225		792		

会员类别	总持卖单量	增减		
期货公司会员	9,686		951		

