								大连商品交易所 成交量_买持仓_卖持仓排名	

合约代码：pg2011		Date：2020-09-04	

			期货公司会员	

名次		会员简称	成交量		增减		
1		华泰期货	41,976		3,004		
2		中信期货	22,090		-516		
3		海通期货	12,567		617		
4		徽商期货	9,835		-281		
5		国富期货	9,720		-1,298		
6		东吴期货	8,225		2,739		
7		东证期货	8,175		421		
8		华安期货	8,063		-985		
9		光大期货	7,796		111		
10		国泰君安	7,202		-168		
11		银河期货	6,616		-170		
12		申银万国	5,947		288		
13		兴证期货	5,884		913		
14		华西期货	5,566		629		
15		中辉期货	4,890		-2,329		
16		河北恒银	4,499		1,093		
17		宏源期货	4,379		462		
18		华闻期货	4,176		-1,550		
19		方正中期	3,748		-1,056		
20		中信建投	3,686		181		
总计				185,040		2,105		

名次		会员简称	持买单量	增减		
1		中大期货	11,002		4		
2		永安期货	9,381		-93		
3		银河期货	3,743		63		
4		东证期货	2,940		-704		
5		徽商期货	2,116		243		
6		海通期货	2,060		-787		
7		方正中期	1,916		-61		
8		南华期货	1,831		353		
9		中粮期货	1,812		-21		
10		中信期货	1,802		-261		
11		一德期货	1,645		-20		
12		国海良时	1,634		33		
13		国泰君安	1,482		-47		
14		光大期货	1,361		-134		
15		华安期货	1,343		-115		
16		中财期货	1,273		40		
17		浙商期货	1,228		-147		
18		广发期货	1,089		99		
19		河北恒银	1,080		-175		
20		大通期货	968		0		
总计				51,706		-1,730		

名次		会员简称	持卖单量	增减		
1		国投安信	13,799		81		
2		中信期货	9,671		31		
3		永安期货	5,566		-14		
4		银河期货	5,394		161		
5		广发期货	3,420		-118		
6		国泰君安	2,101		-239		
7		华泰期货	2,015		-45		
8		海通期货	2,009		-178		
9		华安期货	1,812		-102		
10		方正中期	1,642		-181		
11		中信建投	1,607		167		
12		兴证期货	1,470		493		
13		徽商期货	1,387		-172		
14		海航期货	1,291		40		
15		宏源期货	1,176		15		
16		东证期货	1,093		-47		
17		天风期货	958		203		
18		新湖期货	947		15		
19		平安期货	899		-46		
20		南华期货	863		-91		
总计				59,120		-27		



会员类别	总成交量	增减		
期货公司会员	185,040		2,105		

会员类别	总持买单量	增减		
期货公司会员	51,706		-1,730		

会员类别	总持卖单量	增减		
期货公司会员	59,120		-27		

