								大连商品交易所 成交量_买持仓_卖持仓排名	

合约代码：b2011		Date：2020-09-04	

			期货公司会员	

名次		会员简称	成交量		增减		
1		华泰期货	12,745		826		
2		渤海期货	3,866		1,080		
3		国富期货	3,371		109		
4		海通期货	3,363		116		
5		光大期货	2,230		-333		
6		中原期货	1,852		-165		
7		南华期货	1,680		268		
8		方正中期	1,503		117		
9		国海良时	1,497		-80		
10		申银万国	1,366		157		
11		安粮期货	1,350		-176		
12		五矿经易	1,228		-176		
13		弘业期货	1,147		106		
14		东证期货	1,128		127		
15		华闻期货	1,114		586		
16		徽商期货	859		425		
17		国泰君安	837		227		
18		国投安信	825		-281		
19		金瑞期货	774		115		
20		中信建投	749		167		
总计				43,484		3,215		

名次		会员简称	持买单量	增减		
1		光大期货	1,124		-86		
2		国投安信	1,117		27		
3		五矿经易	961		15		
4		中原期货	828		-4		
5		渤海期货	755		44		
6		国泰君安	745		84		
7		平安期货	647		8		
8		方正中期	623		200		
9		申银万国	622		285		
10		东方财富	612		17		
11		中信期货	584		39		
12		弘业期货	580		33		
13		中粮期货	578		-42		
14		摩根大通	562		110		
15		海通期货	528		108		
16		永安期货	526		-17		
17		国海良时	512		53		
18		华泰期货	453		13		
19		华安期货	323		137		
20		东证期货	281		49		
总计				12,961		1,073		

名次		会员简称	持卖单量	增减		
1		上海中期	2,188		48		
2		五矿经易	1,212		35		
3		新湖期货	1,178		30		
4		光大期货	1,107		66		
5		国投安信	1,095		-98		
6		渤海期货	816		-14		
7		中原期货	816		4		
8		中信建投	708		-293		
9		先融期货	616		616		
10		国海良时	543		52		
11		东证期货	528		105		
12		先锋期货	526		-25		
13		弘业期货	505		8		
14		方正中期	503		199		
15		申银万国	476		227		
16		中信期货	303		207		
17		永安期货	251		205		
18		宏源期货	245		58		
19		中天期货	242		0		
20		兴证期货	229		227		
总计				14,087		1,657		



会员类别	总成交量	增减		
期货公司会员	43,484		3,215		

会员类别	总持买单量	增减		
期货公司会员	12,961		1,073		

会员类别	总持卖单量	增减		
期货公司会员	14,087		1,657		

