								大连商品交易所 成交量_买持仓_卖持仓排名	

合约代码：jd2011		Date：2020-09-04	

			期货公司会员	

名次		会员简称	成交量		增减		
1		东证期货	29,894		6,153		
2		申银万国	8,044		1,803		
3		徽商期货	5,622		-614		
4		国富期货	5,326		-47		
5		华安期货	5,297		319		
6		国泰君安	5,082		-2,821		
7		福能期货	4,045		3,547		
8		中信期货	3,972		-156		
9		宏源期货	3,801		790		
10		中信建投	3,660		925		
11		光大期货	3,509		198		
12		天风期货	3,456		-235		
13		华泰期货	3,311		-1,627		
14		格林大华	2,852		518		
15		方正中期	2,825		-591		
16		浙商期货	2,554		1,645		
17		五矿经易	2,495		-673		
18		鲁证期货	2,381		1,031		
19		银河期货	2,356		-251		
20		弘业期货	2,310		605		
总计				102,792		10,519		

名次		会员简称	持买单量	增减		
1		方正中期	5,101		209		
2		永安期货	4,252		143		
3		徽商期货	4,166		-68		
4		银河期货	3,570		187		
5		中信期货	3,555		46		
6		华安期货	3,337		273		
7		南华期货	2,948		-43		
8		国泰君安	2,908		212		
9		海通期货	2,818		-394		
10		东方财富	2,712		25		
11		中信建投	2,655		-14		
12		国投安信	2,497		319		
13		华泰期货	2,472		-131		
14		广发期货	2,440		-28		
15		宏源期货	2,386		118		
16		申银万国	2,267		-88		
17		国海良时	2,135		-45		
18		光大期货	2,001		-54		
19		弘业期货	1,969		-200		
20		一德期货	1,928		172		
总计				58,117		639		

名次		会员简称	持卖单量	增减		
1		国泰君安	6,911		1,262		
2		五矿经易	5,417		863		
3		东证期货	4,931		136		
4		美尔雅期货	4,547		-72		
5		永安期货	4,448		440		
6		华泰期货	4,190		-720		
7		江苏东华	3,576		393		
8		华安期货	3,214		996		
9		徽商期货	3,000		318		
10		申银万国	2,901		520		
11		中信期货	2,834		-118		
12		宏源期货	2,744		-203		
13		先锋期货	2,698		297		
14		方正中期	2,691		816		
15		海通期货	2,683		-385		
16		中信建投	2,381		-308		
17		新湖期货	2,169		325		
18		一德期货	1,913		-340		
19		浙商期货	1,910		-1,196		
20		中财期货	1,886		7		
总计				67,044		3,031		



会员类别	总成交量	增减		
期货公司会员	102,792		10,519		

会员类别	总持买单量	增减		
期货公司会员	58,117		639		

会员类别	总持卖单量	增减		
期货公司会员	67,044		3,031		

