								大连商品交易所 成交量_买持仓_卖持仓排名	

合约代码：l2101		Date：2020-08-27	

			期货公司会员	

名次		会员简称	成交量		增减		
1		东证期货	106,504		11,231		
2		兴证期货	29,318		12,012		
3		中信期货	23,934		-10,445		
4		国泰君安	22,947		-478		
5		国富期货	19,441		3,592		
6		华融融达	18,802		15,957		
7		永安期货	18,270		8,086		
8		华泰期货	15,426		2,239		
9		浙商期货	9,775		6,377		
10		方正中期	8,707		1,172		
11		徽商期货	8,413		744		
12		银河期货	7,848		1,018		
13		光大期货	7,175		1,144		
14		海通期货	6,918		332		
15		华安期货	6,648		417		
16		弘业期货	6,412		4,176		
17		申银万国	5,778		2,725		
18		中信建投	4,601		522		
19		宏源期货	4,575		174		
20		海证期货	4,424		1,347		
总计				335,916		62,342		

名次		会员简称	持买单量	增减		
1		永安期货	53,952		1,543		
2		东证期货	17,973		1,371		
3		信达期货	17,661		-309		
4		中信期货	12,901		1,693		
5		银河期货	12,863		-220		
6		华泰期货	10,835		1,539		
7		兴证期货	8,902		1,186		
8		国泰君安	7,924		-46		
9		海通期货	7,025		106		
10		中粮期货	7,018		191		
11		南华期货	6,132		892		
12		浙商期货	6,029		1,303		
13		一德期货	4,864		2,256		
14		方正中期	4,633		202		
15		新湖期货	4,511		-194		
16		华安期货	4,377		940		
17		宏源期货	4,131		395		
18		东海期货	3,904		-121		
19		大越期货	3,813		-544		
20		东航期货	3,690		1,001		
总计				203,138		13,184		

名次		会员简称	持卖单量	增减		
1		国投安信	20,768		677		
2		华泰期货	18,216		847		
3		建信期货	18,018		1,581		
4		光大期货	16,393		1,048		
5		中信期货	13,567		1,465		
6		浙商期货	13,040		886		
7		银河期货	12,840		1,420		
8		永安期货	12,259		-3,515		
9		东证期货	10,624		87		
10		上海中期	8,616		-349		
11		方正中期	8,535		917		
12		中银期货	8,533		2		
13		兴业期货	7,579		-124		
14		中国国际	6,681		-219		
15		国海良时	6,283		238		
16		中大期货	5,654		218		
17		东吴期货	5,640		721		
18		新湖期货	5,311		1,398		
19		弘业期货	4,686		3,215		
20		申银万国	4,508		-138		
总计				207,751		10,375		



会员类别	总成交量	增减		
期货公司会员	335,916		62,342		

会员类别	总持买单量	增减		
期货公司会员	203,138		13,184		

会员类别	总持卖单量	增减		
期货公司会员	207,751		10,375		

