								大连商品交易所 成交量_买持仓_卖持仓排名	

合约代码：m2101		Date：2020-08-27	

			期货公司会员	

名次		会员简称	成交量		增减		
1		东证期货	271,016		-13,318		
2		国泰君安	167,250		2,157		
3		格林大华	78,592		-6,257		
4		中信期货	44,137		-9,846		
5		国富期货	43,863		-12,331		
6		海通期货	32,832		-5,636		
7		永安期货	31,135		11,247		
8		方正中期	26,672		-1,059		
9		五矿经易	25,104		9,042		
10		华泰期货	22,442		-2,720		
11		徽商期货	22,109		1,825		
12		华闻期货	20,307		-8,632		
13		申银万国	19,983		-4,029		
14		兴证期货	18,615		-669		
15		宏源期货	17,600		1,092		
16		中粮期货	14,868		-6,902		
17		国投安信	14,647		-28,358		
18		新湖期货	14,160		-6,318		
19		南华期货	14,037		-8,971		
20		广发期货	13,280		-5,107		
总计				912,649		-94,790		

名次		会员简称	持买单量	增减		
1		永安期货	116,271		-11,205		
2		中粮期货	77,220		3,763		
3		中信期货	73,398		386		
4		一德期货	53,332		-354		
5		国投安信	42,328		3		
6		国泰君安	38,339		-954		
7		东证期货	35,030		3,128		
8		新湖期货	34,734		218		
9		银河期货	34,268		-759		
10		华泰期货	33,958		1,109		
11		鲁证期货	32,682		621		
12		摩根大通	32,307		911		
13		方正中期	28,944		6,506		
14		南华期货	25,463		642		
15		宏源期货	25,100		159		
16		申银万国	24,633		-5,180		
17		浙商期货	23,200		538		
18		海证期货	23,128		1,043		
19		瑞达期货	21,672		1,574		
20		海通期货	21,538		124		
总计				797,545		2,273		

名次		会员简称	持卖单量	增减		
1		国投安信	212,031		-4,848		
2		中粮期货	207,716		917		
3		中信期货	109,780		235		
4		银河期货	97,520		111		
5		摩根大通	72,526		309		
6		国泰君安	63,162		488		
7		一德期货	60,272		-413		
8		新湖期货	48,712		282		
9		鲁证期货	46,030		-158		
10		平安期货	40,775		163		
11		北京首创	32,160		283		
12		海通期货	30,557		-3,896		
13		东证期货	22,941		-1,260		
14		中天期货	21,978		-276		
15		南华期货	19,973		1,745		
16		格林大华	19,818		2,114		
17		建信期货	19,396		631		
18		永安期货	19,214		508		
19		五矿经易	15,541		-40		
20		浙商期货	12,297		364		
总计				1,172,399	-2,741		



会员类别	总成交量	增减		
期货公司会员	912,649		-94,790		

会员类别	总持买单量	增减		
期货公司会员	797,545		2,273		

会员类别	总持卖单量	增减		
期货公司会员	1,172,399	-2,741		

