								大连商品交易所 成交量_买持仓_卖持仓排名	

合约代码：jd2009		Date：2020-08-27	

			期货公司会员	

名次		会员简称	成交量		增减		
1		国泰君安	4,147		-336		
2		天风期货	2,527		-1,881		
3		光大期货	2,319		-858		
4		徽商期货	2,197		-1,797		
5		先锋期货	2,172		-698		
6		宏源期货	1,978		-93		
7		华安期货	1,959		-1,579		
8		海通期货	1,867		-1,430		
9		中信期货	1,846		-1,210		
10		方正中期	1,472		-2,363		
11		中信建投	1,400		-1,607		
12		华泰期货	1,393		-517		
13		永安期货	1,312		-378		
14		南华期货	1,215		414		
15		银河期货	1,147		-1,263		
16		英大期货	955		23		
17		中辉期货	880		-559		
18		中财期货	814		-567		
19		安粮期货	804		-240		
20		一德期货	788		253		
总计				33,192		-16,686		

名次		会员简称	持买单量	增减		
1		中信建投	1,224		-67		
2		银河期货	1,100		-25		
3		方正中期	1,096		-103		
4		徽商期货	1,012		-111		
5		华安期货	894		-195		
6		国泰君安	874		-123		
7		光大期货	788		-115		
8		平安期货	739		-85		
9		国元期货	681		-69		
10		永安期货	678		-232		
11		中信期货	645		-252		
12		国投安信	619		-89		
13		海通期货	600		-16		
14		东方财富	593		-54		
15		宏源期货	575		-169		
16		华泰期货	568		-164		
17		东航期货	562		-40		
18		中粮期货	556		-88		
19		宝城期货	555		-6		
20		中辉期货	534		38		
总计				14,893		-1,965		

名次		会员简称	持卖单量	增减		
1		方正中期	2,730		-39		
2		格林大华	2,411		70		
3		英大期货	1,943		-113		
4		徽商期货	1,596		-100		
5		中信建投	1,497		-57		
6		华安期货	1,380		-310		
7		国贸期货	1,289		-40		
8		中财期货	1,196		-212		
9		美尔雅期货	1,092		14		
10		宏源期货	977		-267		
11		银河期货	804		-128		
12		安粮期货	741		-53		
13		先锋期货	678		-610		
14		中辉期货	621		-150		
15		广州金控	511		38		
16		宝城期货	483		270		
17		永安期货	425		-174		
18		浙商期货	424		4		
19		中融汇信	393		-21		
20		倍特期货	391		-53		
总计				21,582		-1,931		



会员类别	总成交量	增减		
期货公司会员	33,192		-16,686		

会员类别	总持买单量	增减		
期货公司会员	14,893		-1,965		

会员类别	总持卖单量	增减		
期货公司会员	21,582		-1,931		

