								大连商品交易所 成交量_买持仓_卖持仓排名	

合约代码：i2101		Date：2020-08-27	

			期货公司会员	

名次		会员简称	成交量		增减		
1		国富期货	106,501		-6,256		
2		国泰君安	106,225		1,028		
3		中信期货	64,613		-4,489		
4		东证期货	49,655		-135		
5		银河期货	48,916		3,653		
6		徽商期货	43,243		6,646		
7		申银万国	42,255		-9,388		
8		方正中期	38,766		-22,537		
9		光大期货	38,398		-3,034		
10		海通期货	37,708		-11,747		
11		中辉期货	31,789		-5,584		
12		华闻期货	30,214		2,039		
13		永安期货	29,578		-1,944		
14		华泰期货	28,113		-1,124		
15		华安期货	23,581		1,556		
16		国元期货	22,613		5,565		
17		中信建投	21,252		6,804		
18		东海期货	18,330		3,558		
19		南华期货	17,182		1,419		
20		弘业期货	16,740		-4,844		
总计				815,672		-38,814		

名次		会员简称	持买单量	增减		
1		中信期货	44,122		69		
2		摩根大通	41,306		-4,945		
3		申银万国	40,687		2,193		
4		永安期货	38,183		617		
5		五矿经易	35,957		10,624		
6		银河期货	26,878		-2,257		
7		国泰君安	25,523		-1,712		
8		东海期货	23,130		-1,217		
9		安粮期货	21,512		96		
10		鲁证期货	20,824		-38		
11		东证期货	18,944		125		
12		一德期货	18,200		723		
13		华泰期货	13,801		-409		
14		方正中期	11,895		1,283		
15		兴证期货	11,666		15		
16		徽商期货	11,022		2,184		
17		浙商期货	10,000		673		
18		海证期货	9,250		516		
19		中信建投	8,983		786		
20		国联期货	8,916		17		
总计				440,799		9,343		

名次		会员简称	持卖单量	增减		
1		浙商期货	51,892		-2,817		
2		永安期货	37,120		1,901		
3		一德期货	31,476		1,459		
4		华泰期货	26,572		-108		
5		中信期货	24,791		3,196		
6		鲁证期货	23,937		2,994		
7		广发期货	18,769		460		
8		大地期货	18,293		-263		
9		道通期货	18,286		-94		
10		国泰君安	16,608		8,111		
11		国投安信	15,831		295		
12		东兴期货	15,344		-110		
13		东证期货	15,057		588		
14		天风期货	14,692		608		
15		方正中期	14,297		-3,677		
16		中辉期货	13,058		-888		
17		徽商期货	12,878		573		
18		弘业期货	12,746		-1,880		
19		中信建投	12,434		-528		
20		银河期货	12,406		-259		
总计				406,487		9,561		



会员类别	总成交量	增减		
期货公司会员	815,672		-38,814		

会员类别	总持买单量	增减		
期货公司会员	440,799		9,343		

会员类别	总持卖单量	增减		
期货公司会员	406,487		9,561		

