								大连商品交易所 成交量_买持仓_卖持仓排名	

合约代码：v2101		Date：2020-08-27	

			期货公司会员	

名次		会员简称	成交量		增减		
1		东证期货	103,274		20,533		
2		兴证期货	27,969		5,088		
3		国富期货	18,526		5,856		
4		国泰君安	17,527		2,820		
5		永安期货	14,557		4,901		
6		一德期货	12,764		10,263		
7		中信期货	12,512		-238		
8		华金期货	11,418		-207		
9		华融融达	10,067		6,777		
10		海通期货	8,242		-119		
11		中国国际	6,822		4,874		
12		方正中期	6,247		1,189		
13		华泰期货	6,068		-1,805		
14		申银万国	5,952		1,977		
15		徽商期货	5,214		944		
16		中财期货	4,975		1,288		
17		建信期货	4,951		1,225		
18		银河期货	4,596		1,568		
19		广发期货	4,118		-134		
20		光大期货	4,089		1,438		
总计				289,888		68,238		

名次		会员简称	持买单量	增减		
1		中信期货	29,245		-1,027		
2		永安期货	23,847		5,866		
3		华泰期货	9,178		-964		
4		国泰君安	8,827		232		
5		银河期货	6,933		-679		
6		兴证期货	5,969		-358		
7		南华期货	5,340		45		
8		国投安信	5,299		30		
9		东证期货	4,872		-714		
10		海通期货	4,601		-1,434		
11		鲁证期货	4,321		-37		
12		一德期货	4,264		-5,411		
13		方正中期	3,440		340		
14		天风期货	3,364		-88		
15		瑞达期货	3,340		93		
16		宏源期货	3,013		2		
17		中信建投	2,740		284		
18		信达期货	2,197		145		
19		申银万国	2,154		-69		
20		倍特期货	2,031		11		
总计				134,975		-3,733		

名次		会员简称	持卖单量	增减		
1		国信期货	20,691		181		
2		永安期货	19,094		1,375		
3		国贸期货	17,108		-1,315		
4		中财期货	10,125		88		
5		信达期货	9,014		-152		
6		浙商期货	8,031		-462		
7		大地期货	7,498		-1,326		
8		申银万国	6,791		-1,759		
9		国投安信	5,908		-228		
10		中国国际	5,673		3,516		
11		银河期货	5,438		-89		
12		方正中期	5,230		-153		
13		华泰期货	5,115		116		
14		一德期货	5,021		3,177		
15		中信期货	4,665		-443		
16		中信建投	3,887		-159		
17		国泰君安	3,853		1,239		
18		东证期货	3,701		786		
19		中粮期货	3,456		-138		
20		新湖期货	3,180		-566		
总计				153,479		3,688		



会员类别	总成交量	增减		
期货公司会员	289,888		68,238		

会员类别	总持买单量	增减		
期货公司会员	134,975		-3,733		

会员类别	总持卖单量	增减		
期货公司会员	153,479		3,688		

