								大连商品交易所 成交量_买持仓_卖持仓排名	

合约代码：m2011		Date：2020-08-27	

			期货公司会员	

名次		会员简称	成交量		增减		
1		东证期货	13,120		-3,640		
2		光大期货	12,310		856		
3		国富期货	9,558		940		
4		国泰君安	8,614		4,047		
5		华闻期货	7,514		3,623		
6		新湖期货	5,296		700		
7		格林大华	4,219		1,207		
8		申银万国	4,108		105		
9		中粮期货	3,999		-992		
10		南华期货	3,657		1,173		
11		海通期货	3,532		-3,383		
12		鲁证期货	3,411		502		
13		国投安信	3,289		-397		
14		招商期货	2,383		-425		
15		浙商期货	2,088		259		
16		安粮期货	1,622		600		
17		银河期货	1,576		-697		
18		中信期货	1,575		865		
19		金瑞期货	1,414		1,405		
20		国海良时	1,353		-1,219		
总计				94,638		5,529		

名次		会员简称	持买单量	增减		
1		安粮期货	9,614		1,400		
2		国投安信	6,961		9		
3		海通期货	4,848		-31		
4		鲁证期货	3,959		-66		
5		银河期货	3,389		-217		
6		中粮期货	3,315		350		
7		南华期货	3,056		4		
8		五矿经易	3,017		-51		
9		国泰君安	2,962		26		
10		北京首创	2,830		-54		
11		东吴期货	2,522		-1		
12		浙商期货	2,223		-61		
13		国元期货	2,187		420		
14		格林大华	1,948		325		
15		弘业期货	1,815		-19		
16		中信期货	1,656		156		
17		冠通期货	1,642		0		
18		新湖期货	1,500		-45		
19		国海良时	1,380		-43		
20		摩根大通	1,172		672		
总计				61,996		2,774		

名次		会员简称	持卖单量	增减		
1		南华期货	7,829		199		
2		国泰君安	6,943		84		
3		国投安信	6,773		-616		
4		中粮期货	6,732		967		
5		海通期货	4,648		-15		
6		倍特期货	4,000		0		
7		鲁证期货	3,651		-7		
8		一德期货	3,549		370		
9		兴证期货	3,047		2		
10		格林大华	2,813		958		
11		五矿经易	2,621		0		
12		东证期货	2,325		98		
13		华安期货	2,317		3		
14		中信期货	2,070		23		
15		东吴期货	2,001		0		
16		弘业期货	1,775		-13		
17		冠通期货	1,600		0		
18		东兴期货	1,500		200		
19		北京首创	1,495		135		
20		国海良时	1,327		-40		
总计				69,016		2,348		



会员类别	总成交量	增减		
期货公司会员	94,638		5,529		

会员类别	总持买单量	增减		
期货公司会员	61,996		2,774		

会员类别	总持卖单量	增减		
期货公司会员	69,016		2,348		

