								大连商品交易所 成交量_买持仓_卖持仓排名	

合约代码：eg2101		Date：2020-08-27	

			期货公司会员	

名次		会员简称	成交量		增减		
1		东证期货	57,673		5,118		
2		国泰君安	18,831		1,823		
3		华泰期货	14,912		3,696		
4		中信期货	14,130		3,008		
5		国富期货	12,803		2,924		
6		方正中期	9,522		1,730		
7		徽商期货	8,795		1,675		
8		华安期货	7,883		1,979		
9		海通期货	6,461		569		
10		浙商期货	5,918		977		
11		永安期货	5,755		1,129		
12		东吴期货	5,139		-152		
13		申银万国	4,972		949		
14		银河期货	4,564		781		
15		南华期货	4,495		1,046		
16		创元期货	4,146		579		
17		中辉期货	4,033		554		
18		中大期货	3,981		1,586		
19		国投安信	3,951		1,471		
20		光大期货	3,868		-27		
总计				201,832		31,415		

名次		会员简称	持买单量	增减		
1		通惠期货	17,725		0		
2		信达期货	9,928		-48		
3		中信期货	8,651		478		
4		华泰期货	8,423		932		
5		宏源期货	7,374		568		
6		新湖期货	6,971		45		
7		东证期货	6,023		924		
8		华安期货	5,999		-6		
9		中信建投	5,698		895		
10		弘业期货	5,606		-326		
11		国投安信	5,239		-16		
12		浙商期货	5,175		30		
13		永安期货	5,114		1,096		
14		天风期货	5,033		8		
15		方正中期	4,244		-158		
16		东吴期货	4,157		17		
17		兴业期货	3,970		139		
18		东海期货	3,863		592		
19		建信期货	3,852		86		
20		国元期货	3,841		123		
总计				126,886		5,379		

名次		会员简称	持卖单量	增减		
1		永安期货	38,222		1,987		
2		中信期货	20,108		-494		
3		国贸期货	14,225		-553		
4		国泰君安	8,991		-618		
5		华泰期货	8,894		832		
6		宝城期货	7,294		-71		
7		兴业期货	4,992		82		
8		五矿经易	4,414		-169		
9		国投安信	4,371		349		
10		东证期货	4,273		907		
11		北京首创	4,155		-76		
12		瑞达期货	4,031		-60		
13		银河期货	3,993		-65		
14		天风期货	3,850		719		
15		浙商期货	3,531		594		
16		东吴期货	3,414		972		
17		国海良时	3,354		856		
18		中财期货	3,234		538		
19		申银万国	3,162		-193		
20		中粮期货	3,113		94		
总计				151,621		5,631		



会员类别	总成交量	增减		
期货公司会员	201,832		31,415		

会员类别	总持买单量	增减		
期货公司会员	126,886		5,379		

会员类别	总持卖单量	增减		
期货公司会员	151,621		5,631		

