								大连商品交易所 成交量_买持仓_卖持仓排名	

合约代码：pp2010		Date：2020-08-27	

			期货公司会员	

名次		会员简称	成交量		增减		
1		国泰君安	47,096		30,056		
2		东证期货	32,905		-3,243		
3		鲁证期货	21,103		18,473		
4		中信期货	13,310		3,973		
5		迈科期货	8,097		4,097		
6		申银万国	8,032		388		
7		锦泰期货	5,934		-2,320		
8		五矿经易	4,978		296		
9		中粮期货	4,882		530		
10		南华期货	4,435		591		
11		平安期货	4,047		4,016		
12		恒泰期货	3,597		-3,725		
13		宝城期货	3,068		3,008		
14		瑞达期货	2,540		-1,665		
15		国富期货	2,416		1,094		
16		海通期货	2,309		2,258		
17		国元期货	2,253		-56		
18		英大期货	2,252		2,250		
19		华泰期货	2,247		529		
20		国海良时	2,187		562		
总计				177,688		61,112		

名次		会员简称	持买单量	增减		
1		中信期货	1,083		207		
2		瑞达期货	1,047		185		
3		南华期货	826		-8		
4		华泰期货	812		139		
5		海通期货	804		777		
6		东吴期货	800		0		
7		迈科期货	678		27		
8		永安期货	580		28		
9		五矿经易	576		1		
10		恒泰期货	532		117		
11		浙商期货	430		188		
12		国泰君安	349		11		
13		鲁证期货	323		104		
14		中粮期货	284		-84		
15		金瑞期货	225		225		
16		申银万国	222		5		
17		国海良时	153		5		
18		上海中期	102		35		
19		方正中期	68		-1		
20		银河期货	50		-68		
总计				9,944		1,893		

名次		会员简称	持卖单量	增减		
1		中信期货	1,480		455		
2		瑞达期货	986		177		
3		东吴期货	902		2		
4		南华期货	819		-15		
5		迈科期货	679		28		
6		华泰期货	652		2		
7		五矿经易	592		17		
8		恒泰期货	529		116		
9		浙商期货	372		105		
10		海通期货	272		94		
11		中信建投	252		171		
12		光大期货	239		155		
13		中粮期货	233		-84		
14		鲁证期货	226		-93		
15		国海良时	226		48		
16		永安期货	225		151		
17		东海期货	200		-180		
18		申银万国	173		-5		
19		银河期货	143		103		
20		安粮期货	113		113		
总计				9,313		1,360		



会员类别	总成交量	增减		
期货公司会员	177,688		61,112		

会员类别	总持买单量	增减		
期货公司会员	9,944		1,893		

会员类别	总持卖单量	增减		
期货公司会员	9,313		1,360		

