								大连商品交易所 成交量_买持仓_卖持仓排名	

合约代码：cs2101		Date：2020-08-27	

			期货公司会员	

名次		会员简称	成交量		增减		
1		华泰期货	31,718		9,479		
2		东证期货	29,609		11,304		
3		国泰君安	23,355		3,680		
4		海通期货	17,538		7,297		
5		国富期货	9,926		4,805		
6		中信期货	9,730		4,680		
7		华闻期货	8,018		2,414		
8		兴证期货	7,794		-148		
9		方正中期	6,310		1,641		
10		华安期货	3,838		1,011		
11		国贸期货	3,411		1,788		
12		金瑞期货	3,371		896		
13		中粮期货	3,058		1,812		
14		中辉期货	2,967		1,405		
15		徽商期货	2,860		-253		
16		中信建投	2,734		1,320		
17		永安期货	2,568		-247		
18		鲁证期货	2,424		1,037		
19		广发期货	2,335		-166		
20		东吴期货	2,301		1,291		
总计				175,865		55,046		

名次		会员简称	持买单量	增减		
1		鲁证期货	7,181		207		
2		中信期货	5,834		-368		
3		弘业期货	4,626		-3		
4		一德期货	3,941		16		
5		东证期货	3,840		1,017		
6		中粮期货	3,182		262		
7		永安期货	3,104		-222		
8		华安期货	2,898		-205		
9		国泰君安	2,593		191		
10		中财期货	2,563		50		
11		中信建投	2,277		-246		
12		方正中期	2,252		74		
13		新湖期货	2,105		-15		
14		华泰期货	1,814		-22		
15		徽商期货	1,587		-196		
16		天风期货	1,400		6		
17		中辉期货	1,369		-88		
18		兴证期货	1,290		-135		
19		申银万国	1,229		388		
20		国投安信	1,115		157		
总计				56,200		868		

名次		会员简称	持卖单量	增减		
1		中粮期货	7,221		-2,242		
2		国金期货	5,619		-15		
3		中信期货	4,619		52		
4		永安期货	3,894		464		
5		兴证期货	3,789		567		
6		华泰期货	3,569		-350		
7		海通期货	2,568		779		
8		宏源期货	2,421		310		
9		国泰君安	2,228		-202		
10		中融汇信	1,935		-21		
11		东证期货	1,732		-334		
12		招金期货	1,717		81		
13		国投安信	1,595		247		
14		银河期货	1,392		180		
15		中信建投	1,276		618		
16		国信期货	1,246		262		
17		国富期货	1,241		164		
18		鲁证期货	1,212		447		
19		华安期货	1,059		-23		
20		瑞达期货	1,040		-80		
总计				51,373		904		



会员类别	总成交量	增减		
期货公司会员	175,865		55,046		

会员类别	总持买单量	增减		
期货公司会员	56,200		868		

会员类别	总持卖单量	增减		
期货公司会员	51,373		904		

