								大连商品交易所 成交量_买持仓_卖持仓排名	

合约代码：a2101		Date：2020-08-27	

			期货公司会员	

名次		会员简称	成交量		增减		
1		华泰期货	58,712		5,587		
2		海通期货	26,362		13,936		
3		中信期货	20,435		5,580		
4		申银万国	19,794		4,715		
5		国富期货	15,051		2,442		
6		东证期货	14,840		2,151		
7		光大期货	13,716		1,385		
8		徽商期货	11,098		3,973		
9		华安期货	10,520		3,788		
10		国泰君安	10,361		-13,327		
11		方正中期	8,335		3,224		
12		南华期货	8,026		3,658		
13		永安期货	7,137		3,190		
14		国信期货	6,875		2,930		
15		中信建投	6,789		3,340		
16		东方财富	6,174		2,190		
17		兴证期货	5,883		35		
18		中辉期货	5,762		-510		
19		宏源期货	5,487		271		
20		国投安信	5,298		2,067		
总计				266,655		50,625		

名次		会员简称	持买单量	增减		
1		中信期货	9,117		-439		
2		信达期货	5,667		122		
3		永安期货	5,622		-42		
4		华泰期货	4,047		463		
5		五矿经易	3,213		118		
6		国泰君安	3,079		-538		
7		国投安信	3,028		36		
8		宏源期货	2,943		156		
9		国贸期货	2,563		-25		
10		中粮期货	2,530		182		
11		方正中期	2,508		98		
12		新湖期货	2,450		744		
13		国联期货	2,413		-285		
14		兴证期货	2,331		89		
15		国元期货	2,167		-82		
16		华安期货	1,979		149		
17		徽商期货	1,977		-224		
18		华西期货	1,856		512		
19		东证期货	1,731		-630		
20		海通期货	1,699		216		
总计				62,920		620		

名次		会员简称	持卖单量	增减		
1		一德期货	7,563		-110		
2		银河期货	7,507		73		
3		鲁证期货	7,392		-41		
4		永安期货	6,725		167		
5		南华期货	6,211		983		
6		国投安信	5,728		46		
7		国泰君安	4,488		647		
8		广发期货	4,260		-117		
9		中信期货	4,002		178		
10		天风期货	3,700		-173		
11		华安期货	3,664		-757		
12		兴证期货	3,389		538		
13		华泰期货	2,886		211		
14		浙商期货	2,726		-108		
15		东证期货	2,452		-476		
16		格林大华	2,436		-57		
17		北京首创	1,952		-151		
18		中信建投	1,767		319		
19		方正中期	1,735		621		
20		海通期货	1,655		-392		
总计				82,238		1,401		



会员类别	总成交量	增减		
期货公司会员	266,655		50,625		

会员类别	总持买单量	增减		
期货公司会员	62,920		620		

会员类别	总持卖单量	增减		
期货公司会员	82,238		1,401		

