								大连商品交易所 成交量_买持仓_卖持仓排名	

合约代码：jd2101		Date：2020-08-27	

			期货公司会员	

名次		会员简称	成交量		增减		
1		东证期货	5,218		-491		
2		光大期货	1,932		-637		
3		永安期货	1,903		1,010		
4		徽商期货	1,421		-1,257		
5		中信建投	1,396		-1,283		
6		宏源期货	1,292		-1,402		
7		华安期货	1,163		-608		
8		中信期货	1,130		-952		
9		金瑞期货	886		-249		
10		国信期货	860		-11		
11		国泰君安	826		65		
12		安粮期货	808		-180		
13		方正中期	773		-525		
14		中粮期货	767		404		
15		华泰期货	731		-286		
16		国富期货	712		-1,163		
17		银河期货	653		-224		
18		海通期货	639		-128		
19		中航期货	579		356		
20		美尔雅期货	552		-109		
总计				24,241		-7,670		

名次		会员简称	持买单量	增减		
1		永安期货	4,278		117		
2		中辉期货	2,371		29		
3		徽商期货	2,119		94		
4		方正中期	1,869		73		
5		中信期货	1,595		79		
6		中信建投	1,566		92		
7		华安期货	1,524		47		
8		国泰君安	1,498		-102		
9		申银万国	1,469		-15		
10		东航期货	1,392		-11		
11		中粮期货	1,213		450		
12		银河期货	1,205		58		
13		宏源期货	1,106		-120		
14		浙商期货	1,099		88		
15		安粮期货	1,047		18		
16		福能期货	961		-2		
17		弘业期货	953		-6		
18		华泰期货	942		35		
19		鲁证期货	888		9		
20		华鑫期货	836		277		
总计				29,931		1,210		

名次		会员简称	持卖单量	增减		
1		永安期货	4,599		972		
2		福能期货	3,033		-2		
3		美尔雅期货	2,874		-64		
4		中信建投	1,849		-336		
5		英大期货	1,798		25		
6		华泰期货	1,781		88		
7		海通期货	1,739		177		
8		中信期货	1,653		73		
9		国泰君安	1,631		282		
10		华安期货	1,534		14		
11		北京首创	1,463		56		
12		东航期货	1,438		7		
13		宏源期货	1,436		-124		
14		申银万国	1,411		15		
15		中辉期货	1,364		46		
16		光大期货	1,211		549		
17		方正中期	1,199		6		
18		招金期货	1,121		42		
19		徽商期货	1,107		-11		
20		鲁证期货	941		6		
总计				35,182		1,821		



会员类别	总成交量	增减		
期货公司会员	24,241		-7,670		

会员类别	总持买单量	增减		
期货公司会员	29,931		1,210		

会员类别	总持卖单量	增减		
期货公司会员	35,182		1,821		

