								大连商品交易所 成交量_买持仓_卖持仓排名	

合约代码：pp2009		Date：2020-08-27	

			期货公司会员	

名次		会员简称	成交量		增减		
1		浙商期货	1,960		-2,504		
2		徽商期货	1,724		331		
3		东证期货	1,591		-2,766		
4		永安期货	1,483		405		
5		国泰君安	1,318		-95		
6		华安期货	1,079		684		
7		中信期货	992		-89		
8		南华期货	968		721		
9		上海大陆	936		179		
10		瑞达期货	818		419		
11		华泰期货	711		-105		
12		银河期货	709		294		
13		东海期货	600		446		
14		中辉期货	579		366		
15		国信期货	505		401		
16		招金期货	487		168		
17		申银万国	435		312		
18		金瑞期货	426		167		
19		国投安信	415		-386		
20		东吴期货	362		226		
总计				18,098		-826		

名次		会员简称	持买单量	增减		
1		永安期货	9,033		-756		
2		银河期货	6,289		-160		
3		浙商期货	3,989		-1,239		
4		国泰君安	3,015		-145		
5		国投安信	2,746		-16		
6		建信期货	1,219		-26		
7		华泰期货	1,196		-234		
8		招商期货	1,022		-10		
9		徽商期货	965		-195		
10		华融融达	901		-35		
11		兴业期货	772		30		
12		中银期货	608		-10		
13		光大期货	600		-1		
14		国联期货	494		0		
15		东证期货	433		-215		
16		中财期货	429		-46		
17		天风期货	402		-100		
18		长城期货	400		0		
19		海通期货	387		42		
20		中信期货	351		-60		
总计				35,251		-3,176		

名次		会员简称	持卖单量	增减		
1		银河期货	5,972		-451		
2		浙商期货	3,789		-243		
3		华泰期货	3,466		-469		
4		南华期货	2,146		-779		
5		国信期货	2,099		-488		
6		瑞达期货	1,961		-194		
7		鲁证期货	1,402		-39		
8		招金期货	1,363		-21		
9		中州期货	1,045		-172		
10		中信期货	918		-472		
11		永安期货	877		-103		
12		华金期货	876		-3		
13		国海良时	854		-158		
14		中国国际	724		-6		
15		中大期货	656		-37		
16		新晟期货	644		-59		
17		海通期货	562		-115		
18		安粮期货	520		-12		
19		大越期货	467		-237		
20		方正中期	452		-87		
总计				30,793		-4,145		



会员类别	总成交量	增减		
期货公司会员	18,098		-826		

会员类别	总持买单量	增减		
期货公司会员	35,251		-3,176		

会员类别	总持卖单量	增减		
期货公司会员	30,793		-4,145		

