								大连商品交易所 成交量_买持仓_卖持仓排名	

合约代码：j2101		Date：2020-08-27	

			期货公司会员	

名次		会员简称	成交量		增减		
1		东证期货	24,670		1,444		
2		国富期货	13,481		2,017		
3		中信期货	12,123		1,618		
4		国泰君安	9,358		-358		
5		光大期货	9,298		2,132		
6		海通期货	6,396		1,085		
7		永安期货	6,366		4,102		
8		上海大陆	6,150		2,348		
9		新纪元期货	5,852		2,869		
10		河北恒银	5,178		-3,846		
11		华泰期货	4,827		1,347		
12		先锋期货	4,449		785		
13		徽商期货	4,361		1,867		
14		迈科期货	4,227		2,454		
15		申银万国	4,146		1,086		
16		中辉期货	4,061		1,110		
17		方正中期	3,754		36		
18		银河期货	3,661		-494		
19		山西三立	3,461		764		
20		东吴期货	3,077		887		
总计				138,896		23,253		

名次		会员简称	持买单量	增减		
1		中信期货	8,428		95		
2		东证期货	7,270		-458		
3		国富期货	5,881		2,376		
4		东海期货	4,607		55		
5		国泰君安	4,605		-237		
6		永安期货	4,272		-1,091		
7		银河期货	3,886		-152		
8		新纪元期货	3,240		1,385		
9		中辉期货	2,861		605		
10		中信建投	2,374		31		
11		海通期货	2,352		526		
12		广发期货	2,232		197		
13		申银万国	2,110		1,182		
14		华泰期货	2,063		516		
15		瑞达期货	1,893		182		
16		一德期货	1,880		276		
17		光大期货	1,709		-2,349		
18		弘业期货	1,640		-433		
19		方正中期	1,633		240		
20		徽商期货	1,396		342		
总计				66,332		3,288		

名次		会员简称	持卖单量	增减		
1		永安期货	8,082		1,305		
2		国泰君安	7,136		55		
3		东证期货	7,097		802		
4		华泰期货	7,051		773		
5		中信期货	7,037		494		
6		国富期货	5,031		2,121		
7		一德期货	3,393		-67		
8		天风期货	2,694		127		
9		中辉期货	2,661		636		
10		瑞达期货	2,573		339		
11		中信建投	2,398		118		
12		海通期货	2,359		400		
13		浙商期货	2,336		122		
14		大越期货	2,190		-13		
15		申银万国	2,177		464		
16		国投安信	2,173		-24		
17		光大期货	1,973		-2,191		
18		方正中期	1,893		140		
19		银河期货	1,884		247		
20		中财期货	1,780		333		
总计				73,918		6,181		



会员类别	总成交量	增减		
期货公司会员	138,896		23,253		

会员类别	总持买单量	增减		
期货公司会员	66,332		3,288		

会员类别	总持卖单量	增减		
期货公司会员	73,918		6,181		

