								大连商品交易所 成交量_买持仓_卖持仓排名	

合约代码：c2107		Date：2020-08-27	

			期货公司会员	

名次		会员简称	成交量		增减		
1		冠通期货	2,496		1,160		
2		国泰君安	1,774		255		
3		中粮期货	1,137		883		
4		中大期货	1,071		827		
5		中天期货	1,043		-698		
6		华闻期货	1,032		-98		
7		永安期货	1,006		520		
8		国海良时	988		165		
9		海通期货	932		49		
10		浙商期货	861		-480		
11		宝城期货	852		72		
12		格林大华	802		550		
13		东证期货	705		195		
14		鲁证期货	700		77		
15		中信期货	676		-129		
16		五矿经易	610		226		
17		金瑞期货	500		-3,000		
18		新湖期货	408		-78		
19		弘业期货	394		-367		
20		锦泰期货	381		199		
总计				18,368		328		

名次		会员简称	持买单量	增减		
1		鲁证期货	16,518		60		
2		一德期货	11,279		-2		
3		中信建投	5,380		12		
4		中州期货	3,502		0		
5		中辉期货	1,921		252		
6		招金期货	1,531		0		
7		东证期货	525		181		
8		海证期货	502		0		
9		永安期货	347		97		
10		华金期货	303		-90		
11		上海中期	300		0		
12		光大期货	213		43		
13		申银万国	186		19		
14		新湖期货	145		14		
15		国信期货	125		-6		
16		宝城期货	104		0		
17		广发期货	89		44		
18		华闻期货	71		-12		
19		东航期货	67		5		
20		中衍期货	66		0		
总计				43,174		617		

名次		会员简称	持卖单量	增减		
1		光大期货	11,149		9		
2		金瑞期货	7,000		500		
3		中信期货	6,067		30		
4		徽商期货	4,078		-12		
5		鲁证期货	3,643		0		
6		兴证期货	2,646		-3		
7		东证期货	2,491		218		
8		冠通期货	880		188		
9		华泰期货	591		-48		
10		长安期货	500		-1		
11		上海中期	376		0		
12		锦泰期货	317		9		
13		海通期货	316		26		
14		国元期货	287		3		
15		创元期货	285		15		
16		平安期货	250		-4		
17		华融融达	232		-3		
18		一德期货	197		0		
19		宏源期货	193		14		
20		申银万国	169		3		
总计				41,667		944		



会员类别	总成交量	增减		
期货公司会员	18,368		328		

会员类别	总持买单量	增减		
期货公司会员	43,174		617		

会员类别	总持卖单量	增减		
期货公司会员	41,667		944		

