								大连商品交易所 成交量_买持仓_卖持仓排名	

合约代码：eg2110		Date：2021-06-02	

			期货公司会员	

名次		会员简称	成交量		增减		
1		东证期货	11,149		3,040		
2		锦泰期货	4,664		2,022		
3		国富期货	1,679		-90		
4		国泰君安	1,312		51		
5		五矿经易	1,236		328		
6		方正中期	1,141		502		
7		海通期货	862		121		
8		浙商期货	765		197		
9		中辉期货	743		512		
10		中信期货	648		182		
11		国投安信	635		-671		
12		金瑞期货	540		158		
13		招商期货	434		83		
14		银河期货	403		-113		
15		国信期货	355		316		
16		华闻期货	340		-200		
17		广发期货	337		-82		
18		徽商期货	311		109		
19		华泰期货	307		-504		
20		瑞达期货	286		286		
总计				28,147		6,247		

名次		会员简称	持买单量	增减		
1		东证期货	3,987		216		
2		国投安信	3,747		-55		
3		国富期货	3,463		-42		
4		招商期货	2,520		10		
5		五矿经易	2,405		252		
6		浙商期货	1,755		253		
7		国泰君安	1,657		-178		
8		方正中期	1,596		4		
9		海通期货	1,005		-22		
10		中信期货	950		94		
11		国信期货	930		-35		
12		鲁证期货	842		81		
13		新湖期货	829		0		
14		东吴期货	800		0		
15		锦泰期货	691		9		
16		永安期货	617		-2		
17		华安期货	575		0		
18		华泰期货	480		45		
19		金瑞期货	472		122		
20		银河期货	433		-1		
总计				29,754		751		

名次		会员简称	持卖单量	增减		
1		东证期货	3,980		303		
2		国投安信	3,749		-54		
3		国富期货	3,423		-51		
4		招商期货	2,489		-28		
5		五矿经易	2,405		252		
6		浙商期货	1,752		250		
7		方正中期	1,594		-5		
8		国泰君安	1,458		-180		
9		瑞达期货	1,118		-143		
10		海通期货	1,028		4		
11		国信期货	916		-4		
12		新湖期货	819		-10		
13		东吴期货	814		9		
14		鲁证期货	757		-34		
15		锦泰期货	708		-15		
16		永安期货	610		0		
17		华安期货	579		2		
18		银河期货	426		2		
19		华泰期货	425		-46		
20		中投期货	400		-3		
总计				29,450		249		



会员类别	总成交量	增减		
期货公司会员	28,147		6,247		

会员类别	总持买单量	增减		
期货公司会员	29,754		751		

会员类别	总持卖单量	增减		
期货公司会员	29,450		249		

