								大连商品交易所 成交量_买持仓_卖持仓排名	

合约代码：m2111		Date：2021-06-02	

			期货公司会员	

名次		会员简称	成交量		增减		
1		华闻期货	7,376		2,713		
2		中信建投	2,631		1,540		
3		国泰君安	2,498		806		
4		国元期货	1,720		536		
5		五矿经易	1,614		774		
6		方正中期	1,530		1,451		
7		鲁证期货	1,485		414		
8		招商期货	1,409		200		
9		南华期货	1,104		858		
10		国海良时	1,052		140		
11		海通期货	955		-903		
12		安粮期货	922		549		
13		申银万国	907		206		
14		浙商期货	887		161		
15		国富期货	872		624		
16		光大期货	563		348		
17		国投安信	559		-12		
18		平安期货	525		274		
19		银河期货	260		145		
20		东证期货	246		-391		
总计				29,115		10,433		

名次		会员简称	持买单量	增减		
1		华泰期货	4,160		17		
2		安粮期货	3,912		680		
3		光大期货	1,974		101		
4		海通期货	820		8		
5		东证期货	785		20		
6		国泰君安	780		184		
7		中粮期货	600		120		
8		国投安信	579		-9		
9		国元期货	567		136		
10		浙商期货	496		302		
11		国富期货	463		133		
12		中州期货	370		50		
13		南华期货	319		-10		
14		五矿经易	317		0		
15		宏源期货	315		52		
16		鲁证期货	311		13		
17		招商期货	281		-19		
18		方正中期	250		250		
19		摩根大通	237		0		
20		中信建投	236		5		
总计				17,772		2,033		

名次		会员简称	持卖单量	增减		
1		华泰期货	4,485		97		
2		弘业期货	2,396		30		
3		先锋期货	1,599		17		
4		国泰君安	1,515		312		
5		海通期货	982		9		
6		平安期货	968		472		
7		徽商期货	814		12		
8		银河期货	661		-1		
9		海证期货	530		62		
10		国投安信	518		12		
11		浙商期货	474		277		
12		招商期货	377		36		
13		国元期货	376		4		
14		国海良时	360		25		
15		鲁证期货	351		40		
16		方正中期	314		262		
17		南华期货	314		0		
18		五矿经易	297		0		
19		中信建投	294		78		
20		一德期货	257		5		
总计				17,882		1,749		



会员类别	总成交量	增减		
期货公司会员	29,115		10,433		

会员类别	总持买单量	增减		
期货公司会员	17,772		2,033		

会员类别	总持卖单量	增减		
期货公司会员	17,882		1,749		

