								大连商品交易所 成交量_买持仓_卖持仓排名	

合约代码：cs2107		Date：2021-06-02	

			期货公司会员	

名次		会员简称	成交量		增减		
1		东证期货	55,695		-5,454		
2		华泰期货	21,711		-1,978		
3		国富期货	17,423		-4,984		
4		中信期货	16,084		-309		
5		申银万国	10,591		2,120		
6		海通期货	9,130		-8,260		
7		光大期货	8,270		-3,185		
8		广州金控	8,115		7,604		
9		银河期货	7,569		-436		
10		国泰君安	6,605		-8,731		
11		东方财富	5,889		-258		
12		兴证期货	5,058		-2,147		
13		华闻期货	4,854		80		
14		东吴期货	4,623		-356		
15		南华期货	3,713		-1,383		
16		宝城期货	3,326		-274		
17		国投安信	3,188		-2,051		
18		徽商期货	3,029		-286		
19		华安期货	2,822		-1,531		
20		国元期货	2,701		-78		
总计				200,396		-31,897		

名次		会员简称	持买单量	增减		
1		中信期货	10,247		-3,864		
2		国泰君安	8,782		44		
3		东证期货	4,066		374		
4		中粮期货	2,924		69		
5		华泰期货	2,801		-323		
6		北京首创	2,800		-65		
7		中融汇信	2,723		-56		
8		银河期货	2,057		12		
9		东吴期货	1,889		383		
10		东兴期货	1,812		-3		
11		永安期货	1,627		296		
12		国投安信	1,593		-331		
13		鲁证期货	1,529		164		
14		国富期货	1,468		-3,865		
15		宏源期货	1,429		12		
16		申银万国	1,381		-121		
17		光大期货	1,379		-226		
18		国金期货	1,338		-795		
19		兴证期货	1,320		671		
20		招商期货	1,214		-303		
总计				54,379		-7,927		

名次		会员简称	持卖单量	增减		
1		中信期货	14,567		-3,382		
2		国泰君安	6,705		-515		
3		国富期货	4,818		-718		
4		东证期货	4,692		777		
5		华泰期货	3,146		-200		
6		东吴期货	2,726		470		
7		国投安信	2,610		-389		
8		鲁证期货	2,481		245		
9		兴证期货	2,141		-211		
10		中信建投	1,601		-122		
11		银河期货	1,499		-269		
12		宏源期货	1,467		-267		
13		海通期货	1,465		222		
14		招商期货	1,321		-489		
15		金瑞期货	1,264		258		
16		英大期货	1,034		-11		
17		宝城期货	1,008		104		
18		永安期货	986		-290		
19		中投期货	940		-1,024		
20		中粮期货	896		-17		
总计				57,367		-5,828		



会员类别	总成交量	增减		
期货公司会员	200,396		-31,897		

会员类别	总持买单量	增减		
期货公司会员	54,379		-7,927		

会员类别	总持卖单量	增减		
期货公司会员	57,367		-5,828		

