								大连商品交易所 成交量_买持仓_卖持仓排名	

合约代码：j2111		Date：2021-06-02	

			期货公司会员	

名次		会员简称	成交量		增减		
1		东证期货	4,245		-5,080		
2		中衍期货	2,018		-2,001		
3		浙商期货	1,910		-2,342		
4		申银万国	1,883		437		
5		东吴期货	1,406		486		
6		中辉期货	823		738		
7		徽商期货	722		-841		
8		中信期货	694		-3,681		
9		江苏东华	603		600		
10		光大期货	594		-144		
11		国投安信	554		-333		
12		国泰君安	500		202		
13		南华期货	498		-325		
14		招商期货	443		-176		
15		方正中期	389		-55		
16		海通期货	296		-316		
17		兴证期货	242		-409		
18		信达期货	236		-417		
19		永安期货	190		-341		
20		银河期货	180		-116		
总计				18,426		-14,114		

名次		会员简称	持买单量	增减		
1		东证期货	5,580		231		
2		国富期货	5,100		51		
3		国泰君安	4,809		2		
4		申银万国	4,763		18		
5		光大期货	3,010		0		
6		东吴期货	2,514		694		
7		银河期货	2,483		-13		
8		中辉期货	1,971		-400		
9		创元期货	1,454		-2		
10		海通期货	1,415		-17		
11		中信期货	1,359		10		
12		国投安信	1,335		23		
13		永安期货	1,171		2		
14		中国国际	1,100		-30		
15		中信建投	1,054		27		
16		方正中期	1,009		139		
17		徽商期货	965		-74		
18		南华期货	900		-1		
19		海证期货	872		1		
20		瑞达期货	864		-63		
总计				43,728		598		

名次		会员简称	持卖单量	增减		
1		东证期货	5,485		222		
2		国富期货	5,106		51		
3		国泰君安	4,832		-2		
4		申银万国	4,786		41		
5		光大期货	3,022		10		
6		银河期货	2,515		3		
7		东吴期货	2,500		700		
8		中辉期货	1,967		-405		
9		创元期货	1,451		-1		
10		海通期货	1,406		-21		
11		中信期货	1,324		0		
12		国投安信	1,318		9		
13		永安期货	1,234		-2		
14		中国国际	1,105		-24		
15		中信建投	1,043		28		
16		方正中期	1,002		142		
17		徽商期货	946		2		
18		南华期货	897		-5		
19		海证期货	870		-1		
20		瑞达期货	864		-64		
总计				43,673		683		



会员类别	总成交量	增减		
期货公司会员	18,426		-14,114		

会员类别	总持买单量	增减		
期货公司会员	43,728		598		

会员类别	总持卖单量	增减		
期货公司会员	43,673		683		

