								大连商品交易所 成交量_买持仓_卖持仓排名	

合约代码：p2201		Date：2021-06-02	

			期货公司会员	

名次		会员简称	成交量		增减		
1		东证期货	13,536		-1,504		
2		国泰君安	13,330		4,867		
3		华泰期货	13,138		2,831		
4		中信期货	11,317		3,010		
5		申银万国	6,003		388		
6		光大期货	4,298		660		
7		国富期货	4,091		-1,091		
8		中粮期货	3,354		1,705		
9		一德期货	3,091		1,519		
10		国元期货	2,761		953		
11		华闻期货	2,436		656		
12		国投安信	2,360		1,223		
13		宏源期货	2,336		-653		
14		华安期货	2,183		869		
15		英大期货	2,094		431		
16		中信建投	2,025		453		
17		永安期货	1,956		381		
18		海通期货	1,947		264		
19		鲁证期货	1,903		415		
20		摩根大通	1,800		1,180		
总计				95,959		18,557		

名次		会员简称	持买单量	增减		
1		国泰君安	12,542		3,602		
2		国富期货	9,588		187		
3		中粮期货	5,005		-210		
4		银河期货	3,998		356		
5		国投安信	3,265		-53		
6		平安期货	2,209		-8		
7		摩根大通	2,087		500		
8		中州期货	1,604		-102		
9		国贸期货	1,584		101		
10		上海中期	1,334		-6		
11		东证期货	1,320		-45		
12		永安期货	1,256		-10		
13		乾坤期货	1,200		0		
14		广发期货	1,073		0		
15		北京首创	888		76		
16		英大期货	883		369		
17		美尔雅期货	872		-7		
18		海通期货	666		-34		
19		浙商期货	639		111		
20		国信期货	572		142		
总计				52,585		4,969		

名次		会员简称	持卖单量	增减		
1		银河期货	10,938		0		
2		国富期货	5,939		608		
3		建信期货	4,965		134		
4		中信期货	3,270		1,902		
5		一德期货	3,223		1,195		
6		国投安信	3,162		1,133		
7		国泰君安	2,957		68		
8		中粮期货	2,443		1,096		
9		永安期货	2,279		-992		
10		中融汇信	2,231		-15		
11		五矿经易	1,466		-147		
12		东证期货	1,403		81		
13		上海中期	1,317		-15		
14		国海良时	1,310		311		
15		宁证期货	1,303		0		
16		申银万国	1,165		-376		
17		华泰期货	909		-118		
18		中财期货	704		395		
19		方正中期	696		176		
20		浙商期货	639		-80		
总计				52,319		5,356		



会员类别	总成交量	增减		
期货公司会员	95,959		18,557		

会员类别	总持买单量	增减		
期货公司会员	52,585		4,969		

会员类别	总持卖单量	增减		
期货公司会员	52,319		5,356		

