								大连商品交易所 成交量_买持仓_卖持仓排名	

合约代码：i2201		Date：2021-06-02	

			期货公司会员	

名次		会员简称	成交量		增减		
1		东证期货	6,195		1,514		
2		东吴期货	6,107		-415		
3		中信期货	5,922		-1,865		
4		永安期货	5,824		351		
5		申银万国	5,221		-1,778		
6		光大期货	4,548		-217		
7		海通期货	3,493		-1,551		
8		国泰君安	3,379		-1,119		
9		南华期货	3,251		191		
10		国富期货	2,736		419		
11		方正中期	2,621		935		
12		徽商期货	2,609		379		
13		五矿经易	2,206		20		
14		华安期货	1,632		-26		
15		中辉期货	1,608		703		
16		金瑞期货	1,287		-796		
17		渤海期货	1,223		324		
18		银河期货	1,217		-104		
19		东海期货	1,118		106		
20		中财期货	1,107		-750		
总计				63,304		-3,679		

名次		会员简称	持买单量	增减		
1		申银万国	6,844		-558		
2		国泰君安	4,191		164		
3		五矿经易	4,148		2,012		
4		海通期货	3,867		40		
5		东证期货	3,740		-5		
6		冠通期货	3,392		5		
7		中辉期货	3,159		516		
8		西南期货	2,851		5		
9		新湖期货	2,397		12		
10		大通期货	1,957		0		
11		海证期货	1,818		-208		
12		东吴期货	1,746		92		
13		永安期货	1,685		-945		
14		中信期货	1,452		-22		
15		道通期货	1,358		-15		
16		鲁证期货	1,252		-143		
17		国投安信	1,157		136		
18		广发期货	1,135		-49		
19		方正中期	1,089		110		
20		银河期货	925		-42		
总计				50,163		1,105		

名次		会员简称	持卖单量	增减		
1		浙商期货	4,671		-12		
2		国泰君安	3,294		147		
3		东证期货	3,171		-118		
4		永安期货	2,995		-97		
5		中辉期货	2,840		508		
6		申银万国	2,654		-1,037		
7		国投安信	2,553		-27		
8		一德期货	2,277		77		
9		东吴期货	2,177		115		
10		海证期货	2,022		-325		
11		瑞达期货	1,926		-12		
12		大有期货	1,897		459		
13		新湖期货	1,563		-53		
14		鲁证期货	1,518		-28		
15		南华期货	1,291		-42		
16		宏源期货	1,276		-1		
17		金石期货	1,255		12		
18		大地期货	1,250		6		
19		方正中期	1,239		13		
20		金瑞期货	1,151		2		
总计				43,020		-413		



会员类别	总成交量	增减		
期货公司会员	63,304		-3,679		

会员类别	总持买单量	增减		
期货公司会员	50,163		1,105		

会员类别	总持卖单量	增减		
期货公司会员	43,020		-413		

