								大连商品交易所 成交量_买持仓_卖持仓排名	

合约代码：cs2109		Date：2021-06-02	

			期货公司会员	

名次		会员简称	成交量		增减		
1		东证期货	8,200		-1,483		
2		华泰期货	6,974		-55		
3		中信期货	6,020		95		
4		国泰君安	3,292		-628		
5		国富期货	3,266		-371		
6		光大期货	2,691		-680		
7		华安期货	1,587		-427		
8		东吴期货	1,582		108		
9		宏源期货	1,333		-458		
10		海通期货	1,250		146		
11		徽商期货	1,114		52		
12		金瑞期货	1,113		-394		
13		创元期货	1,035		309		
14		银河期货	1,013		-782		
15		华闻期货	978		470		
16		方正中期	926		-181		
17		天风期货	874		575		
18		兴证期货	831		451		
19		申银万国	790		-97		
20		上海中期	763		191		
总计				45,632		-3,159		

名次		会员简称	持买单量	增减		
1		中信期货	8,093		-984		
2		华泰期货	4,783		-839		
3		东证期货	4,757		39		
4		华融融达	4,564		-25		
5		永安期货	3,452		19		
6		光大期货	3,320		-279		
7		国投安信	2,819		-103		
8		上海大陆	2,435		-16		
9		中粮期货	1,738		-18		
10		申银万国	1,521		638		
11		银河期货	1,496		-234		
12		国泰君安	1,480		-45		
13		五矿经易	1,438		120		
14		财信期货	1,416		-57		
15		宏源期货	1,388		22		
16		鲁证期货	1,273		128		
17		中国国际	964		-4		
18		天风期货	916		104		
19		东吴期货	783		-5		
20		东航期货	736		69		
总计				49,372		-1,470		

名次		会员简称	持卖单量	增减		
1		中信期货	6,426		10		
2		国富期货	2,771		-21		
3		东证期货	2,561		-123		
4		国泰君安	2,333		-49		
5		永安期货	2,273		-260		
6		中粮期货	1,916		-81		
7		五矿经易	1,846		27		
8		天风期货	1,647		-392		
9		一德期货	1,502		0		
10		国贸期货	1,488		-24		
11		中信建投	1,485		183		
12		迈科期货	1,405		-42		
13		兴证期货	1,348		265		
14		方正中期	1,321		-202		
15		华泰期货	1,251		19		
16		宏源期货	1,205		39		
17		南华期货	1,199		-34		
18		华安期货	1,082		-55		
19		华闻期货	1,031		479		
20		中财期货	968		-108		
总计				37,058		-369		



会员类别	总成交量	增减		
期货公司会员	45,632		-3,159		

会员类别	总持买单量	增减		
期货公司会员	49,372		-1,470		

会员类别	总持卖单量	增减		
期货公司会员	37,058		-369		

