								大连商品交易所 成交量_买持仓_卖持仓排名	

合约代码：p2112		Date：2021-06-02	

			期货公司会员	

名次		会员简称	成交量		增减		
1		国泰君安	1,142		260		
2		中衍期货	1,080		1,080		
3		华闻期货	600		39		
4		鲁证期货	534		298		
5		光大期货	520		276		
6		中信期货	486		47		
7		民生期货	380		380		
8		五矿经易	286		62		
9		浙商期货	242		226		
10		宝城期货	203		203		
11		招商期货	164		17		
12		锦泰期货	159		-118		
13		中投期货	118		94		
14		信达期货	110		110		
15		华安期货	69		67		
16		宏源期货	53		51		
17		兴证期货	50		-7		
18		中州期货	31		31		
19		建信期货	26		26		
20		国联期货	24		-34		
总计				6,277		3,108		

名次		会员简称	持买单量	增减		
1		中信期货	5,958		-167		
2		国泰君安	4,456		-268		
3		光大期货	3,540		-185		
4		国盛期货	2,500		0		
5		国富期货	1,893		0		
6		南华期货	1,664		0		
7		鲁证期货	1,401		-100		
8		招商期货	1,202		-74		
9		五矿经易	1,197		-143		
10		浙商期货	1,100		-1		
11		长江期货	970		0		
12		东吴期货	868		0		
13		东证期货	808		0		
14		华闻期货	806		6		
15		海通期货	602		-5		
16		华融融达	450		0		
17		中衍期货	450		360		
18		国元期货	410		0		
19		创元期货	352		1		
20		华泰期货	350		-3		
总计				30,977		-579		

名次		会员简称	持卖单量	增减		
1		中信期货	5,958		-179		
2		国泰君安	4,457		-268		
3		光大期货	3,540		-189		
4		国盛期货	2,500		0		
5		国富期货	1,893		0		
6		南华期货	1,667		0		
7		鲁证期货	1,401		-100		
8		五矿经易	1,197		-143		
9		招商期货	1,195		-90		
10		浙商期货	1,100		-1		
11		长江期货	970		0		
12		华闻期货	875		48		
13		东吴期货	868		0		
14		东证期货	810		0		
15		海通期货	600		0		
16		华融融达	450		0		
17		中衍期货	450		360		
18		国元期货	411		0		
19		华泰期货	353		3		
20		创元期货	352		0		
总计				31,047		-559		



会员类别	总成交量	增减		
期货公司会员	6,277		3,108		

会员类别	总持买单量	增减		
期货公司会员	30,977		-579		

会员类别	总持卖单量	增减		
期货公司会员	31,047		-559		

