								大连商品交易所 成交量_买持仓_卖持仓排名	

合约代码：i2204		Date：2021-06-02	

			期货公司会员	

名次		会员简称	成交量		增减		
1		上海中期	2,008		-14		
2		徽商期货	1,572		518		
3		申银万国	1,336		739		
4		东航期货	1,006		998		
5		方正中期	975		409		
6		南华期货	810		172		
7		冠通期货	800		792		
8		海通期货	712		354		
9		弘业期货	689		336		
10		兴证期货	671		336		
11		物产中大	667		217		
12		长江期货	627		603		
13		华闻期货	608		-180		
14		国泰君安	563		-538		
15		鲁证期货	561		434		
16		浙江新世纪	521		-142		
17		混沌天成	502		497		
18		国盛期货	400		400		
19		中信期货	397		-23		
20		华鑫期货	366		366		
总计				15,791		6,274		

名次		会员简称	持买单量	增减		
1		国泰君安	10,220		2		
2		申银万国	5,078		368		
3		银河期货	4,138		87		
4		长江期货	3,908		-310		
5		北京首创	3,100		0		
6		上海中期	3,019		1,000		
7		大地期货	2,952		0		
8		国投安信	2,883		-47		
9		中粮期货	2,661		0		
10		兴证期货	2,342		-325		
11		上海东亚	2,330		0		
12		东吴期货	2,056		1		
13		中信期货	2,015		-69		
14		国联期货	1,986		-35		
15		徽商期货	1,890		728		
16		国海良时	1,441		111		
17		海通期货	1,401		-308		
18		宏源期货	1,393		-11		
19		中国国际	1,368		2		
20		金瑞期货	1,268		-17		
总计				57,449		1,177		

名次		会员简称	持卖单量	增减		
1		国泰君安	10,082		39		
2		申银万国	5,446		374		
3		银河期货	4,543		87		
4		长江期货	3,907		-311		
5		大地期货	3,262		-50		
6		国投安信	3,171		-48		
7		北京首创	2,949		-2		
8		中粮期货	2,667		0		
9		兴证期货	2,342		-324		
10		上海东亚	2,331		0		
11		东吴期货	2,018		-24		
12		上海中期	2,003		1,000		
13		中信期货	1,999		-64		
14		徽商期货	1,882		750		
15		国联期货	1,778		-35		
16		国海良时	1,492		102		
17		海通期货	1,419		-306		
18		宏源期货	1,392		-10		
19		金瑞期货	1,268		-17		
20		东海期货	1,259		-164		
总计				57,210		997		



会员类别	总成交量	增减		
期货公司会员	15,791		6,274		

会员类别	总持买单量	增减		
期货公司会员	57,449		1,177		

会员类别	总持卖单量	增减		
期货公司会员	57,210		997		

