								大连商品交易所 成交量_买持仓_卖持仓排名	

合约代码：v2111		Date：2021-06-02	

			期货公司会员	

名次		会员简称	成交量		增减		
1		华闻期货	2,045		-76		
2		海通期货	1,766		1		
3		长江期货	1,362		-104		
4		鲁证期货	1,242		618		
5		海证期货	1,019		-99		
6		中信期货	967		-1,711		
7		申银万国	728		159		
8		国投安信	700		700		
9		国海良时	573		460		
10		五矿经易	558		54		
11		徽商期货	396		66		
12		浙商期货	389		-73		
13		华泰期货	276		106		
14		天风期货	240		146		
15		信达期货	230		230		
16		光大期货	222		-179		
17		东证期货	213		-37		
18		中衍期货	200		200		
19		冠通期货	199		-55		
20		安粮期货	182		-90		
总计				13,507		316		

名次		会员简称	持买单量	增减		
1		海通期货	7,215		846		
2		东证期货	6,855		-105		
3		国投安信	5,903		-7		
4		申银万国	2,905		-119		
5		中信期货	1,942		-300		
6		新湖期货	1,867		0		
7		国泰君安	1,819		-7		
8		国富期货	1,624		-1		
9		锦泰期货	1,519		-45		
10		鲁证期货	1,329		-290		
11		海证期货	1,292		-5		
12		五矿经易	1,281		-59		
13		国海良时	1,219		171		
14		银河期货	1,138		-1		
15		浙商期货	1,123		3		
16		宝城期货	891		0		
17		华泰期货	740		1		
18		长江期货	733		180		
19		安粮期货	609		-182		
20		光大期货	552		1		
总计				42,556		81		

名次		会员简称	持卖单量	增减		
1		海通期货	7,223		850		
2		东证期货	6,855		-102		
3		国投安信	5,903		-7		
4		申银万国	2,905		-123		
5		中信期货	1,937		-301		
6		新湖期货	1,867		45		
7		国泰君安	1,814		-7		
8		国富期货	1,611		0		
9		锦泰期货	1,512		-46		
10		中投期货	1,505		-1		
11		鲁证期货	1,326		-290		
12		海证期货	1,286		-4		
13		五矿经易	1,281		-59		
14		浙商期货	1,125		2		
15		银河期货	1,079		-7		
16		永安期货	1,027		0		
17		宝城期货	892		0		
18		华泰期货	764		-3		
19		长江期货	733		180		
20		光大期货	553		1		
总计				43,198		128		



会员类别	总成交量	增减		
期货公司会员	13,507		316		

会员类别	总持买单量	增减		
期货公司会员	42,556		81		

会员类别	总持卖单量	增减		
期货公司会员	43,198		128		

