								大连商品交易所 成交量_买持仓_卖持仓排名	

合约代码：jm2111		Date：2021-06-02	

			期货公司会员	

名次		会员简称	成交量		增减		
1		东证期货	3,596		1,685		
2		国富期货	1,078		-1,299		
3		中辉期货	900		892		
4		东吴期货	804		797		
5		长江期货	636		213		
6		平安期货	602		601		
7		国信期货	502		327		
8		南华期货	500		401		
9		华闻期货	494		338		
10		方正中期	489		189		
11		鲁证期货	418		412		
12		国泰君安	411		248		
13		华鑫期货	400		400		
14		申银万国	393		337		
15		光大期货	378		161		
16		浙商期货	359		270		
17		永安期货	341		247		
18		兴证期货	303		205		
19		江西瑞奇	262		200		
20		中粮期货	240		-486		
总计				13,106		6,138		

名次		会员简称	持买单量	增减		
1		国泰君安	6,042		-48		
2		申银万国	5,163		-53		
3		东证期货	3,836		794		
4		光大期货	2,916		-8		
5		国富期货	1,669		489		
6		东吴期货	1,604		404		
7		中信建投	1,375		0		
8		宏源期货	1,362		-8		
9		国投安信	1,301		-2		
10		创元期货	1,100		0		
11		中信期货	1,042		-1		
12		冠通期货	931		-1		
13		宝城期货	900		-1		
14		建信期货	876		70		
15		中粮期货	812		-120		
16		银河期货	727		-33		
17		南华期货	725		104		
18		鲁证期货	643		-205		
19		长江期货	593		201		
20		国元期货	580		0		
总计				34,197		1,582		

名次		会员简称	持卖单量	增减		
1		国泰君安	6,021		-17		
2		申银万国	5,164		-54		
3		东证期货	3,810		746		
4		光大期货	2,911		-4		
5		国富期货	1,675		495		
6		东吴期货	1,601		400		
7		中信建投	1,375		0		
8		宏源期货	1,310		0		
9		国投安信	1,304		1		
10		创元期货	1,104		-4		
11		中信期货	1,043		-1		
12		冠通期货	919		0		
13		宝城期货	900		0		
14		建信期货	876		70		
15		鲁证期货	862		-205		
16		中粮期货	812		-120		
17		银河期货	746		36		
18		南华期货	716		84		
19		长江期货	596		201		
20		国元期货	581		0		
总计				34,326		1,628		



会员类别	总成交量	增减		
期货公司会员	13,106		6,138		

会员类别	总持买单量	增减		
期货公司会员	34,197		1,582		

会员类别	总持卖单量	增减		
期货公司会员	34,326		1,628		

