								大连商品交易所 成交量_买持仓_卖持仓排名	

合约代码：m2203		Date：2021-06-02	

			期货公司会员	

名次		会员简称	成交量		增减		
1		国盛期货	13,140		13,140		
2		东证期货	4,859		-1,711		
3		华闻期货	4,670		1,468		
4		华安期货	3,709		679		
5		华泰期货	3,625		755		
6		国富期货	3,621		3,065		
7		光大期货	3,471		2,685		
8		国泰君安	3,179		43		
9		美尔雅期货	2,736		477		
10		中信建投	2,594		734		
11		鲁证期货	2,564		1,247		
12		南华期货	2,344		1,991		
13		民生期货	2,011		2,011		
14		国元期货	1,808		640		
15		银河期货	1,718		621		
16		申银万国	1,549		225		
17		国海良时	1,506		423		
18		五矿经易	1,498		251		
19		东航期货	1,495		1,458		
20		招商期货	1,490		283		
总计				63,587		30,485		

名次		会员简称	持买单量	增减		
1		国泰君安	17,190		-48		
2		海通期货	16,508		-21		
3		申银万国	14,113		-102		
4		东证期货	13,586		41		
5		国富期货	9,638		-1,809		
6		华泰期货	9,427		3		
7		国投安信	7,593		-63		
8		浙商期货	7,143		709		
9		国海良时	6,945		380		
10		鲁证期货	6,728		396		
11		南华期货	6,597		845		
12		五矿经易	6,071		-66		
13		国元期货	5,941		4		
14		招商期货	5,799		273		
15		中信建投	5,788		226		
16		中信期货	5,203		-3		
17		银河期货	3,817		11		
18		华西期货	3,670		0		
19		民生期货	3,589		-1,003		
20		中粮期货	2,819		-492		
总计				158,165		-719		

名次		会员简称	持卖单量	增减		
1		东证期货	23,716		-10		
2		国泰君安	16,818		-13		
3		海通期货	15,212		-21		
4		申银万国	14,005		-95		
5		国富期货	11,131		-1,812		
6		国投安信	9,440		-62		
7		华泰期货	8,679		44		
8		五矿经易	8,259		-64		
9		浙商期货	7,026		712		
10		国海良时	6,795		380		
11		鲁证期货	6,680		410		
12		南华期货	6,159		851		
13		招商期货	5,859		275		
14		国元期货	5,760		2		
15		中信建投	5,565		196		
16		中信期货	4,787		0		
17		华西期货	3,670		0		
18		民生期货	3,567		-1,000		
19		银河期货	3,543		-45		
20		中粮期货	2,788		-500		
总计				169,459		-752		



会员类别	总成交量	增减		
期货公司会员	63,587		30,485		

会员类别	总持买单量	增减		
期货公司会员	158,165		-719		

会员类别	总持卖单量	增减		
期货公司会员	169,459		-752		

