								大连商品交易所 成交量_买持仓_卖持仓排名	

合约代码：b2108		Date：2021-06-02	

			期货公司会员	

名次		会员简称	成交量		增减		
1		海通期货	4,078		1,027		
2		国富期货	1,952		707		
3		光大期货	1,660		394		
4		南华期货	1,297		851		
5		东海期货	1,162		521		
6		锦泰期货	1,112		487		
7		冠通期货	1,062		540		
8		中天期货	768		524		
9		弘业期货	748		358		
10		中衍期货	747		634		
11		五矿经易	717		161		
12		徽商期货	630		423		
13		金瑞期货	604		433		
14		方正中期	559		328		
15		华闻期货	505		198		
16		国投安信	430		10		
17		国信期货	412		341		
18		中信期货	395		32		
19		国泰君安	387		72		
20		国海良时	340		128		
总计				19,565		8,169		

名次		会员简称	持买单量	增减		
1		海通期货	3,569		894		
2		东海期货	1,734		-155		
3		国投安信	1,732		23		
4		五矿经易	1,100		-6		
5		方正中期	1,056		3		
6		国泰君安	1,025		86		
7		南华期货	752		102		
8		光大期货	729		-25		
9		国海良时	680		20		
10		弘业期货	625		33		
11		摩根大通	450		0		
12		美尔雅期货	305		108		
13		中衍期货	294		287		
14		华泰期货	274		22		
15		福能期货	225		13		
16		中辉期货	155		15		
17		国信期货	144		-207		
18		华闻期货	143		5		
19		创元期货	134		4		
20		东吴期货	122		0		
总计				15,248		1,222		

名次		会员简称	持卖单量	增减		
1		海通期货	3,502		816		
2		东海期货	1,742		-145		
3		国投安信	1,715		27		
4		中粮期货	1,466		50		
5		五矿经易	1,145		-7		
6		方正中期	1,111		4		
7		南华期货	743		103		
8		光大期货	737		15		
9		国海良时	657		24		
10		国泰君安	641		73		
11		弘业期货	623		31		
12		中衍期货	402		372		
13		国信期货	332		-197		
14		徽商期货	258		59		
15		冠通期货	225		80		
16		宏源期货	217		20		
17		华泰期货	201		3		
18		国富期货	194		12		
19		锦泰期货	178		-79		
20		创元期货	168		42		
总计				16,257		1,303		



会员类别	总成交量	增减		
期货公司会员	19,565		8,169		

会员类别	总持买单量	增减		
期货公司会员	15,248		1,222		

会员类别	总持卖单量	增减		
期货公司会员	16,257		1,303		

