								大连商品交易所 成交量_买持仓_卖持仓排名	

合约代码：p2109		Date：2021-06-02	

			期货公司会员	

名次		会员简称	成交量		增减		
1		华泰期货	177,863		69,325		
2		东证期货	169,576		-19,075		
3		中信期货	153,649		9,231		
4		光大期货	125,100		29,844		
5		国泰君安	89,727		26,991		
6		国富期货	83,236		27,038		
7		海通期货	71,383		22,121		
8		华西期货	55,748		9,213		
9		国投安信	40,920		8,654		
10		华闻期货	33,930		10,787		
11		方正中期	32,844		7,043		
12		银河期货	29,393		9,855		
13		徽商期货	28,846		4,172		
14		华安期货	28,003		8,357		
15		永安期货	25,918		9,316		
16		兴证期货	25,595		13,309		
17		中粮期货	25,487		13,323		
18		东吴期货	18,284		2,943		
19		宏源期货	18,282		7,095		
20		新湖期货	17,440		7,308		
总计				1,251,224	276,850		

名次		会员简称	持买单量	增减		
1		永安期货	36,759		1,174		
2		中粮期货	34,971		10,050		
3		乾坤期货	26,279		60		
4		中信期货	22,622		1,367		
5		摩根大通	18,317		1,634		
6		国泰君安	16,668		-136		
7		海通期货	15,724		6,760		
8		五矿经易	14,156		307		
9		银河期货	9,764		1,742		
10		华泰期货	8,370		446		
11		南华期货	8,138		2,350		
12		兴证期货	8,112		1,765		
13		申银万国	7,860		-1,468		
14		东证期货	6,521		-34		
15		方正中期	5,674		-649		
16		国投安信	5,335		284		
17		瑞银期货	4,959		307		
18		中信建投	4,474		-193		
19		宏源期货	4,303		234		
20		瑞达期货	4,175		1		
总计				263,181		26,001		

名次		会员简称	持卖单量	增减		
1		中粮期货	39,847		-99		
2		国投安信	31,391		2,968		
3		国富期货	31,078		-166		
4		银河期货	21,798		489		
5		海通期货	20,087		4,145		
6		一德期货	19,658		1,166		
7		永安期货	16,870		1,178		
8		东证期货	14,404		2,398		
9		中信期货	12,987		364		
10		中融汇信	12,694		-158		
11		国泰君安	11,058		-1,889		
12		广发期货	9,384		566		
13		华泰期货	8,710		861		
14		国贸期货	7,896		-2,263		
15		中天期货	7,891		19		
16		西部期货	6,135		3,428		
17		摩根大通	6,042		3,069		
18		瑞达期货	5,680		1,023		
19		中州期货	5,382		-374		
20		弘业期货	4,568		245		
总计				293,560		16,970		



会员类别	总成交量	增减		
期货公司会员	1,251,224	276,850		

会员类别	总持买单量	增减		
期货公司会员	263,181		26,001		

会员类别	总持卖单量	增减		
期货公司会员	293,560		16,970		

