								大连商品交易所 成交量_买持仓_卖持仓排名	

合约代码：c2109		Date：2021-06-02	

			期货公司会员	

名次		会员简称	成交量		增减		
1		东证期货	167,513		3,748		
2		国泰君安	122,000		35,361		
3		中信期货	58,435		14,579		
4		华泰期货	50,471		-5,400		
5		国富期货	48,700		-3,069		
6		光大期货	35,025		3,393		
7		天风期货	30,927		1,234		
8		新湖期货	24,090		5,660		
9		徽商期货	23,895		4,309		
10		申银万国	22,663		4,941		
11		海航期货	20,170		15,072		
12		东方财富	18,306		7,543		
13		银河期货	17,556		2,346		
14		永安期货	16,887		3,114		
15		中粮期货	15,323		206		
16		宏源期货	13,158		1,601		
17		兴证期货	13,132		3,645		
18		东吴期货	11,778		1,477		
19		国信期货	11,150		-2,267		
20		海通期货	10,899		-2,563		
总计				732,078		94,930		

名次		会员简称	持买单量	增减		
1		永安期货	90,339		-1,095		
2		中信期货	61,177		-10,299		
3		中粮期货	26,081		-2,987		
4		光大期货	23,031		-1,525		
5		国泰君安	21,407		-788		
6		银河期货	20,082		577		
7		国投安信	19,192		-491		
8		东证期货	17,998		414		
9		华泰期货	15,309		-407		
10		中信建投	10,283		-301		
11		申银万国	10,010		352		
12		宏源期货	9,637		-1,172		
13		鲁证期货	9,135		1,248		
14		浙商期货	8,953		-482		
15		南华期货	8,808		-290		
16		方正中期	7,309		-1,047		
17		福能期货	6,992		-122		
18		国元期货	6,826		-594		
19		兴证期货	6,218		1,033		
20		国信期货	5,828		147		
总计				384,615		-17,829		

名次		会员简称	持卖单量	增减		
1		中信期货	97,349		-3,738		
2		国富期货	56,969		815		
3		永安期货	31,308		-2,714		
4		国投安信	31,263		-1,972		
5		国泰君安	30,404		-3,342		
6		银河期货	18,777		-1,615		
7		华泰期货	17,717		-2,198		
8		浙商期货	16,529		-185		
9		中国国际	16,261		130		
10		中粮期货	16,064		2,576		
11		宝城期货	14,984		199		
12		国贸期货	12,781		-820		
13		瑞达期货	9,687		-574		
14		摩根大通	9,316		0		
15		光大期货	7,539		688		
16		新湖期货	6,966		-879		
17		华融融达	6,924		576		
18		兴证期货	6,124		57		
19		广发期货	5,702		-46		
20		宏源期货	5,458		-400		
总计				418,122		-13,442		



会员类别	总成交量	增减		
期货公司会员	732,078		94,930		

会员类别	总持买单量	增减		
期货公司会员	384,615		-17,829		

会员类别	总持卖单量	增减		
期货公司会员	418,122		-13,442		

