								大连商品交易所 成交量_买持仓_卖持仓排名	

合约代码：pp2109		Date：2021-06-02	

			期货公司会员	

名次		会员简称	成交量		增减		
1		国投安信	161,675		-40,509		
2		东证期货	101,203		11,858		
3		中信期货	72,554		6,964		
4		国泰君安	70,361		-2,838		
5		海通期货	62,255		1,959		
6		国富期货	52,940		1,813		
7		华泰期货	41,362		-854		
8		华闻期货	33,867		601		
9		新湖期货	30,355		-3,834		
10		银河期货	29,083		-7,682		
11		徽商期货	26,878		-4,948		
12		永安期货	26,651		4,974		
13		方正中期	23,894		-382		
14		光大期货	21,024		-1,121		
15		华西期货	20,741		2,387		
16		宏源期货	19,436		-4,381		
17		华安期货	19,416		-3,350		
18		南华期货	17,646		766		
19		兴证期货	16,856		-5,099		
20		东吴期货	16,603		179		
总计				864,800		-43,497		

名次		会员简称	持买单量	增减		
1		永安期货	50,623		1,972		
2		中信期货	36,826		-2,033		
3		华泰期货	19,078		451		
4		国泰君安	13,873		2,245		
5		国海良时	11,587		-318		
6		国投安信	8,385		386		
7		广发期货	7,672		-109		
8		海通期货	7,604		917		
9		东证期货	7,481		667		
10		中粮期货	6,843		1,450		
11		浙商期货	6,837		-1,161		
12		方正中期	6,834		-4		
13		银河期货	6,438		-551		
14		瑞达期货	6,119		209		
15		南华期货	6,044		-756		
16		建信期货	5,961		-97		
17		英大期货	5,654		-129		
18		华安期货	5,175		950		
19		五矿经易	4,824		-422		
20		光大期货	4,678		-42		
总计				228,536		3,625		

名次		会员简称	持卖单量	增减		
1		永安期货	34,281		2,081		
2		国泰君安	21,408		-320		
3		中信期货	20,684		-907		
4		华泰期货	19,342		-2,955		
5		东证期货	12,641		-4,102		
6		方正中期	12,152		70		
7		海通期货	11,636		5,030		
8		浙商期货	10,815		20		
9		银河期货	9,897		108		
10		国投安信	8,812		-773		
11		兴证期货	7,562		463		
12		瑞达期货	7,197		1,078		
13		广发期货	6,737		-463		
14		申银万国	6,606		182		
15		国贸期货	6,572		-41		
16		新湖期货	6,348		-531		
17		鲁证期货	6,147		-154		
18		物产中大	5,323		909		
19		中财期货	4,888		-95		
20		中信建投	4,860		-66		
总计				223,908		-466		



会员类别	总成交量	增减		
期货公司会员	864,800		-43,497		

会员类别	总持买单量	增减		
期货公司会员	228,536		3,625		

会员类别	总持卖单量	增减		
期货公司会员	223,908		-466		

