								大连商品交易所 成交量_买持仓_卖持仓排名	

合约代码：y2111		Date：2021-06-02	

			期货公司会员	

名次		会员简称	成交量		增减		
1		锦泰期货	6,952		1,572		
2		华泰期货	5,820		695		
3		国富期货	5,596		4,334		
4		东证期货	3,935		446		
5		国泰君安	3,612		801		
6		五矿经易	3,053		650		
7		鲁证期货	2,167		229		
8		浙商期货	2,064		205		
9		方正中期	1,874		805		
10		中信期货	1,515		1,102		
11		华安期货	1,270		-997		
12		申银万国	1,197		-361		
13		光大期货	852		-12		
14		华融融达	800		790		
15		招商期货	525		358		
16		华闻期货	472		177		
17		海通期货	461		125		
18		兴证期货	405		114		
19		中天期货	380		360		
20		东航期货	311		255		
总计				43,261		11,648		

名次		会员简称	持买单量	增减		
1		中信期货	3,646		512		
2		光大期货	2,965		158		
3		国泰君安	2,682		463		
4		银河期货	1,985		-4		
5		宝城期货	1,511		0		
6		东证期货	1,441		3		
7		五矿经易	1,331		0		
8		鲁证期货	1,311		-1		
9		招商期货	1,305		246		
10		华泰期货	1,296		63		
11		华安期货	1,287		2		
12		浙商期货	1,152		-18		
13		方正中期	957		-8		
14		申银万国	930		-1		
15		海通期货	843		0		
16		国投安信	701		0		
17		中信建投	677		0		
18		中辉期货	604		0		
19		国信期货	591		1		
20		先锋期货	573		1		
总计				27,788		1,417		

名次		会员简称	持卖单量	增减		
1		中信期货	3,667		517		
2		光大期货	2,967		160		
3		国泰君安	2,577		473		
4		银河期货	2,040		-98		
5		浙商期货	1,540		-2		
6		宝城期货	1,511		1		
7		招商期货	1,304		243		
8		鲁证期货	1,272		-22		
9		华泰期货	1,258		71		
10		华安期货	1,242		6		
11		五矿经易	1,175		-9		
12		东证期货	1,027		2		
13		方正中期	967		-14		
14		申银万国	936		-2		
15		国信期货	860		7		
16		海通期货	805		-1		
17		国投安信	701		0		
18		中信建投	678		0		
19		中辉期货	604		-3		
20		新湖期货	571		0		
总计				27,702		1,329		



会员类别	总成交量	增减		
期货公司会员	43,261		11,648		

会员类别	总持买单量	增减		
期货公司会员	27,788		1,417		

会员类别	总持卖单量	增减		
期货公司会员	27,702		1,329		

