								大连商品交易所 成交量_买持仓_卖持仓排名	

合约代码：eb2107		Date：2021-06-02	

			期货公司会员	

名次		会员简称	成交量		增减		
1		东证期货	88,970		-24,321		
2		中信期货	31,480		9,588		
3		国泰君安	23,868		-4,408		
4		海通期货	23,200		-4,237		
5		国富期货	13,673		-1,949		
6		方正中期	13,416		2,437		
7		银河期货	13,314		-642		
8		徽商期货	12,176		803		
9		申银万国	10,163		184		
10		华泰期货	9,383		237		
11		永安期货	8,569		2,076		
12		光大期货	8,112		-2,216		
13		华闻期货	7,220		-1,609		
14		东方财富	7,127		305		
15		东吴期货	6,972		338		
16		兴证期货	6,617		-242		
17		华西期货	6,280		-50		
18		中辉期货	5,751		-425		
19		浙商期货	5,562		1,573		
20		中信建投	5,518		-807		
总计				307,371		-23,365		

名次		会员简称	持买单量	增减		
1		中信期货	14,346		413		
2		东证期货	4,987		16		
3		国泰君安	4,619		-35		
4		永安期货	3,740		-555		
5		华泰期货	3,734		-545		
6		银河期货	3,610		-815		
7		申银万国	3,065		-421		
8		国投安信	2,706		-360		
9		光大期货	2,512		166		
10		鲁证期货	2,102		136		
11		一德期货	1,942		-425		
12		宏源期货	1,531		-302		
13		浙商期货	1,517		100		
14		宝城期货	1,396		22		
15		大地期货	1,332		713		
16		财信期货	1,315		-114		
17		平安期货	1,294		290		
18		东吴期货	1,243		840		
19		兴证期货	1,222		-287		
20		中辉期货	1,205		116		
总计				59,418		-1,047		

名次		会员简称	持卖单量	增减		
1		国泰君安	14,720		197		
2		信达期货	4,446		109		
3		国海良时	3,297		525		
4		浙商期货	3,191		148		
5		南华期货	3,130		156		
6		永安期货	3,000		-1,170		
7		银河期货	2,781		-493		
8		国投安信	2,538		83		
9		华泰期货	2,252		-100		
10		宏源期货	1,975		477		
11		广发期货	1,884		0		
12		中信期货	1,829		-1,133		
13		海通期货	1,748		180		
14		国信期货	1,650		179		
15		兴证期货	1,581		-516		
16		方正中期	1,565		-165		
17		格林大华	1,560		270		
18		申银万国	1,521		-584		
19		东海期货	1,520		181		
20		红塔期货	1,519		445		
总计				57,707		-1,211		



会员类别	总成交量	增减		
期货公司会员	307,371		-23,365		

会员类别	总持买单量	增减		
期货公司会员	59,418		-1,047		

会员类别	总持卖单量	增减		
期货公司会员	57,707		-1,211		

