								大连商品交易所 成交量_买持仓_卖持仓排名	

合约代码：a2109		Date：2021-06-02	

			期货公司会员	

名次		会员简称	成交量		增减		
1		东证期货	30,281		295		
2		华泰期货	23,254		-13,997		
3		中信期货	17,660		-335		
4		国泰君安	14,508		-1,228		
5		光大期货	12,871		1,358		
6		海航期货	11,622		5,599		
7		海通期货	11,040		-1,300		
8		国富期货	9,726		-847		
9		银河期货	8,147		-1,276		
10		兴证期货	7,933		-346		
11		南华期货	7,909		-600		
12		申银万国	6,696		-3,413		
13		方正中期	6,431		379		
14		国信期货	4,991		-695		
15		永安期货	4,866		805		
16		格林大华	4,729		309		
17		华闻期货	4,568		-1,009		
18		宏源期货	3,937		506		
19		徽商期货	3,866		42		
20		安粮期货	3,799		-217		
总计				198,834		-15,970		

名次		会员简称	持买单量	增减		
1		中信期货	16,125		-151		
2		国投安信	6,111		-275		
3		光大期货	5,973		-996		
4		国泰君安	4,917		175		
5		美尔雅期货	4,111		-28		
6		东证期货	3,481		83		
7		信达期货	3,342		-9		
8		浙商期货	3,031		-180		
9		招金期货	2,778		-102		
10		平安期货	2,448		42		
11		永安期货	2,320		-579		
12		兴证期货	2,016		-928		
13		申银万国	2,015		334		
14		深圳金汇	2,000		0		
15		宏源期货	1,900		-558		
16		海证期货	1,850		-318		
17		银河期货	1,844		-258		
18		中粮期货	1,690		-280		
19		中辉期货	1,655		-306		
20		华融融达	1,508		-627		
总计				71,115		-4,961		

名次		会员简称	持卖单量	增减		
1		中信期货	10,922		-2,493		
2		国泰君安	7,888		197		
3		海通期货	6,300		363		
4		银河期货	5,733		389		
5		华泰期货	4,748		-436		
6		东证期货	3,634		-208		
7		兴证期货	3,626		-261		
8		国投安信	3,580		-81		
9		一德期货	3,285		482		
10		中投期货	3,087		-1,432		
11		永安期货	3,062		-123		
12		申银万国	2,256		-294		
13		宏源期货	2,219		-193		
14		方正中期	2,102		-290		
15		海证期货	1,790		-311		
16		华安期货	1,744		151		
17		北京首创	1,564		7		
18		中信建投	1,418		-118		
19		招商期货	1,380		-486		
20		上海中期	1,362		24		
总计				71,700		-5,113		



会员类别	总成交量	增减		
期货公司会员	198,834		-15,970		

会员类别	总持买单量	增减		
期货公司会员	71,115		-4,961		

会员类别	总持卖单量	增减		
期货公司会员	71,700		-5,113		

