								大连商品交易所 成交量_买持仓_卖持仓排名	

合约代码：m2107		Date：2021-06-02	

			期货公司会员	

名次		会员简称	成交量		增减		
1		东证期货	9,966		-301		
2		华泰期货	7,807		3,768		
3		华安期货	3,492		-239		
4		长安期货	3,465		-72		
5		申银万国	3,244		1,282		
6		中信期货	2,988		-1,089		
7		国泰君安	2,951		-122		
8		金瑞期货	2,739		384		
9		中信建投	2,670		-138		
10		光大期货	2,517		-49		
11		国富期货	2,081		1,021		
12		国元期货	1,784		-450		
13		中粮期货	1,740		528		
14		宏源期货	1,653		122		
15		银河期货	1,552		-1,134		
16		国投安信	1,405		-1,292		
17		华金期货	1,366		1,158		
18		安粮期货	1,264		213		
19		浙商期货	1,194		209		
20		美尔雅期货	1,126		371		
总计				57,004		4,170		

名次		会员简称	持买单量	增减		
1		国泰君安	9,580		218		
2		东吴期货	4,748		43		
3		广州期货	4,616		-1		
4		中信期货	4,079		26		
5		国投安信	3,583		-617		
6		西部期货	3,039		1		
7		先锋期货	2,996		150		
8		摩根大通	2,700		-100		
9		华泰期货	2,625		71		
10		一德期货	2,552		145		
11		渤海期货	2,324		-3		
12		平安期货	2,246		164		
13		华融融达	2,208		-33		
14		银河期货	2,169		-85		
15		五矿经易	2,052		23		
16		首创京都	2,018		0		
17		中信建投	1,933		554		
18		中粮期货	1,928		-107		
19		广发期货	1,916		-27		
20		长江期货	1,888		0		
总计				61,200		422		

名次		会员简称	持卖单量	增减		
1		安粮期货	6,878		-674		
2		天风期货	6,324		271		
3		国信期货	5,120		-45		
4		北京金鹏	4,745		0		
5		创元期货	3,952		55		
6		中信期货	3,946		44		
7		国投安信	3,156		-274		
8		中融汇信	2,910		-6		
9		华融融达	2,301		-87		
10		中粮期货	2,247		227		
11		华鑫期货	2,209		26		
12		永安期货	2,040		307		
13		银河期货	1,967		195		
14		南华期货	1,827		20		
15		广州期货	1,750		8		
16		国海良时	1,700		-23		
17		光大期货	1,564		-8		
18		华金期货	1,547		-1,268		
19		国元期货	1,492		-1,701		
20		浙商期货	1,378		298		
总计				59,053		-2,635		



会员类别	总成交量	增减		
期货公司会员	57,004		4,170		

会员类别	总持买单量	增减		
期货公司会员	61,200		422		

会员类别	总持卖单量	增减		
期货公司会员	59,053		-2,635		

