								大连商品交易所 成交量_买持仓_卖持仓排名	

合约代码：eg2109		Date：2021-06-02	

			期货公司会员	

名次		会员简称	成交量		增减		
1		东证期货	141,384		6,652		
2		中信期货	47,589		4,022		
3		国富期货	38,744		3,948		
4		国泰君安	38,247		586		
5		海通期货	33,916		-5,333		
6		方正中期	20,957		-783		
7		华泰期货	20,334		-277		
8		新湖期货	19,069		-1,419		
9		银河期货	18,935		16		
10		浙商期货	17,243		-461		
11		光大期货	16,900		188		
12		东吴期货	16,032		-3,238		
13		华闻期货	14,800		6,156		
14		永安期货	14,323		-4,433		
15		申银万国	12,706		-1,341		
16		兴证期货	12,366		1,655		
17		徽商期货	11,374		-2,924		
18		华西期货	10,026		-2,313		
19		中辉期货	8,972		1,506		
20		国投安信	8,594		-344		
总计				522,511		1,863		

名次		会员简称	持买单量	增减		
1		中信期货	27,035		600		
2		华泰期货	15,522		-1,918		
3		东吴期货	13,740		2,694		
4		国泰君安	13,147		-1,603		
5		永安期货	11,038		-457		
6		东证期货	9,782		429		
7		建信期货	8,656		355		
8		宏源期货	8,606		-693		
9		瑞达期货	7,946		121		
10		通惠期货	5,456		-98		
11		南华期货	5,122		92		
12		银河期货	5,040		-1,850		
13		上海中期	4,798		243		
14		中投期货	4,692		527		
15		广发期货	4,584		40		
16		海通期货	4,489		-704		
17		中信建投	4,148		-442		
18		中辉期货	3,924		-697		
19		方正中期	3,917		-303		
20		兴业期货	3,866		29		
总计				165,508		-3,635		

名次		会员简称	持卖单量	增减		
1		永安期货	33,169		-238		
2		国泰君安	17,164		1,868		
3		天风期货	12,566		-1,181		
4		银河期货	9,573		-1,003		
5		东海期货	8,911		-1,010		
6		中信期货	7,544		-807		
7		新湖期货	7,425		-2,179		
8		浙商期货	7,401		-497		
9		建信期货	5,369		-953		
10		一德期货	5,314		753		
11		弘业期货	5,240		-1,796		
12		方正中期	5,236		-1,974		
13		东证期货	5,177		-2,985		
14		宝城期货	5,042		788		
15		瑞达期货	5,006		369		
16		南华期货	4,871		476		
17		东吴期货	4,357		-166		
18		海证期货	4,206		204		
19		创元期货	4,177		-719		
20		国贸期货	4,139		-1,456		
总计				161,887		-12,506		



会员类别	总成交量	增减		
期货公司会员	522,511		1,863		

会员类别	总持买单量	增减		
期货公司会员	165,508		-3,635		

会员类别	总持卖单量	增减		
期货公司会员	161,887		-12,506		

