								大连商品交易所 成交量_买持仓_卖持仓排名	

合约代码：i2109		Date：2021-06-02	

			期货公司会员	

名次		会员简称	成交量		增减		
1		华闻期货	63,175		-3,897		
2		海通期货	45,751		-23,097		
3		中信期货	39,460		-5,411		
4		国富期货	39,052		-6,065		
5		国泰君安	35,750		-5,571		
6		方正中期	32,326		-4,428		
7		广发期货	23,090		-7,070		
8		银河期货	22,612		-1,940		
9		光大期货	20,677		-3,055		
10		徽商期货	20,663		-4,852		
11		东吴期货	18,400		-1,798		
12		东证期货	18,072		-1,299		
13		申银万国	17,232		-4,709		
14		永安期货	14,052		-11,876		
15		瑞达期货	13,240		-961		
16		华安期货	12,730		-1,756		
17		兴证期货	12,294		1,475		
18		华泰期货	12,018		-8,860		
19		中信建投	10,361		-4,494		
20		浙商期货	10,339		2,478		
总计				481,294		-97,186		

名次		会员简称	持买单量	增减		
1		中信期货	33,387		-886		
2		国泰君安	26,284		1,713		
3		海通期货	25,138		-3,965		
4		华泰期货	23,301		842		
5		永安期货	21,376		-1,133		
6		方正中期	17,153		588		
7		乾坤期货	16,708		441		
8		华闻期货	16,550		-362		
9		国投安信	12,234		163		
10		东证期货	12,007		19		
11		五矿经易	11,554		532		
12		兴证期货	11,433		4,187		
13		国富期货	11,363		-1,509		
14		广发期货	11,353		-288		
15		瑞达期货	10,918		640		
16		摩根大通	8,330		-55		
17		光大期货	8,160		1,539		
18		银河期货	8,054		-2,403		
19		申银万国	6,919		-958		
20		新湖期货	6,488		34		
总计				298,710		-861		

名次		会员简称	持卖单量	增减		
1		国泰君安	25,794		-487		
2		浙商期货	24,609		2,564		
3		海通期货	19,543		-3,910		
4		广发期货	18,566		-732		
5		银河期货	18,045		-2,031		
6		华闻期货	16,892		-437		
7		大地期货	16,149		-64		
8		华泰期货	15,399		-304		
9		一德期货	15,303		1,176		
10		中信期货	14,159		-796		
11		方正中期	13,274		454		
12		瑞达期货	12,842		1,836		
13		天风期货	11,436		-149		
14		南华期货	10,877		875		
15		国富期货	10,692		-1,349		
16		国贸期货	10,630		826		
17		永安期货	10,111		239		
18		东证期货	10,081		-343		
19		大越期货	8,668		-32		
20		东海期货	8,509		-489		
总计				291,579		-3,153		



会员类别	总成交量	增减		
期货公司会员	481,294		-97,186		

会员类别	总持买单量	增减		
期货公司会员	298,710		-861		

会员类别	总持卖单量	增减		
期货公司会员	291,579		-3,153		

