								大连商品交易所 成交量_买持仓_卖持仓排名	

合约代码：c2107		Date：2021-06-02	

			期货公司会员	

名次		会员简称	成交量		增减		
1		东证期货	3,453		-835		
2		光大期货	3,168		905		
3		海通期货	1,635		612		
4		东吴期货	1,451		907		
5		银河期货	1,438		-79		
6		国投安信	1,288		970		
7		华泰期货	1,148		173		
8		国泰君安	1,118		-1,054		
9		中信期货	944		-83		
10		民生期货	798		665		
11		华闻期货	736		320		
12		宏源期货	668		53		
13		天风期货	528		348		
14		国信期货	381		202		
15		创元期货	357		153		
16		华安期货	339		6		
17		徽商期货	317		33		
18		中辉期货	271		190		
19		永安期货	252		-857		
20		中粮期货	235		-186		
总计				20,525		2,443		

名次		会员简称	持买单量	增减		
1		光大期货	15,827		-38		
2		中信期货	15,056		-189		
3		国投安信	5,637		-389		
4		永安期货	4,501		72		
5		平安期货	2,145		2		
6		金瑞期货	2,015		-4		
7		东证期货	1,860		-86		
8		银河期货	1,381		22		
9		一德期货	814		27		
10		摩根大通	800		0		
11		中粮期货	757		-12		
12		海通期货	718		-914		
13		福能期货	510		-55		
14		瑞达期货	367		-1		
15		民生期货	344		-672		
16		招商期货	336		-28		
17		新湖期货	313		35		
18		鲁证期货	280		-1		
19		中国国际	272		-1		
20		国泰君安	262		-132		
总计				54,195		-2,364		

名次		会员简称	持卖单量	增减		
1		国投安信	13,319		-829		
2		中信期货	9,869		-579		
3		光大期货	4,821		-322		
4		国富期货	4,338		-121		
5		国泰君安	4,296		-642		
6		中粮期货	3,324		-105		
7		金瑞期货	2,046		0		
8		鲁证期货	1,945		25		
9		永安期货	1,481		-44		
10		华泰期货	1,388		51		
11		国海良时	1,276		0		
12		先锋期货	931		-8		
13		广州金控	735		-3		
14		华安期货	665		8		
15		徽商期货	437		53		
16		华闻期货	417		-286		
17		东吴期货	391		287		
18		天风期货	367		97		
19		国信期货	347		-211		
20		浙商期货	290		-9		
总计				52,683		-2,638		



会员类别	总成交量	增减		
期货公司会员	20,525		2,443		

会员类别	总持买单量	增减		
期货公司会员	54,195		-2,364		

会员类别	总持卖单量	增减		
期货公司会员	52,683		-2,638		

