								大连商品交易所 成交量_买持仓_卖持仓排名	

合约代码：eb2101		Date：2020-10-20	

			期货公司会员	

名次		会员简称	成交量		增减		
1		东证期货	50,528		-47,455		
2		国富期货	25,902		-22,682		
3		华泰期货	15,249		-11,356		
4		国泰君安	14,788		-12,969		
5		海通期货	13,722		-11,532		
6		徽商期货	12,321		-22,865		
7		中信期货	9,637		-11,659		
8		永安期货	9,402		-9,729		
9		华安期货	7,522		-8,542		
10		华闻期货	7,418		-14,299		
11		创元期货	5,764		-388		
12		南华期货	5,750		-6,189		
13		中信建投	5,631		-7,225		
14		东方财富	5,471		-7,445		
15		东吴期货	5,442		-11,197		
16		华融融达	5,294		-887		
17		方正中期	5,247		-8,563		
18		申银万国	5,044		-6,771		
19		银河期货	4,747		-25,628		
20		金瑞期货	4,664		3,683		
总计				219,543		-243,698	

名次		会员简称	持买单量	增减		
1		永安期货	9,743		744		
2		信达期货	7,895		-200		
3		浙商期货	5,114		-166		
4		中信期货	4,863		188		
5		中信建投	4,748		204		
6		国泰君安	4,706		367		
7		天风期货	4,456		158		
8		中财期货	3,760		759		
9		方正中期	3,737		37		
10		徽商期货	3,712		-1,140		
11		海通期货	3,707		1,569		
12		银河期货	3,330		-367		
13		兴证期货	3,099		158		
14		国投安信	2,952		109		
15		东航期货	2,880		-96		
16		北京首创	2,846		657		
17		中辉期货	2,822		52		
18		宏源期货	2,783		-68		
19		一德期货	2,486		29		
20		华泰期货	2,440		-459		
总计				82,079		2,535		

名次		会员简称	持卖单量	增减		
1		永安期货	9,990		298		
2		天风期货	9,419		1		
3		华融融达	8,954		-91		
4		华泰期货	8,445		738		
5		银河期货	7,417		22		
6		国投安信	7,340		-187		
7		东证期货	7,315		94		
8		东海期货	6,404		286		
9		浙商期货	5,677		150		
10		建信期货	5,476		430		
11		国海良时	5,210		-45		
12		国泰君安	4,458		-249		
13		中财期货	3,498		3		
14		东吴期货	3,444		-406		
15		一德期货	2,558		16		
16		五矿经易	2,481		11		
17		新湖期货	2,446		34		
18		南华期货	2,256		-278		
19		国贸期货	1,999		-1		
20		中粮期货	1,929		231		
总计				106,716		1,057		



会员类别	总成交量	增减		
期货公司会员	219,543		-243,698	

会员类别	总持买单量	增减		
期货公司会员	82,079		2,535		

会员类别	总持卖单量	增减		
期货公司会员	106,716		1,057		

