								大连商品交易所 成交量_买持仓_卖持仓排名	

合约代码：i2103		Date：2020-10-20	

			期货公司会员	

名次		会员简称	成交量		增减		
1		南华期货	27,667		26,979		
2		申银万国	27,137		26,111		
3		兴证期货	16,142		15,771		
4		银河期货	16,056		15,479		
5		海通期货	14,991		13,742		
6		国投安信	13,417		12,473		
7		浙商期货	11,940		11,463		
8		中国国际	11,672		11,465		
9		中辉期货	8,215		5,864		
10		先锋期货	7,205		6,769		
11		华西期货	4,760		4,293		
12		国泰君安	3,762		1,545		
13		上海大陆	3,631		3,048		
14		海证期货	3,520		3,166		
15		国海良时	2,672		2,285		
16		渤海期货	2,424		2,264		
17		长安期货	2,416		2,182		
18		建信期货	2,404		2,242		
19		长江期货	2,401		2,230		
20		瑞达期货	2,388		2,126		
总计				184,820		171,497		

名次		会员简称	持买单量	增减		
1		华泰期货	1,380		0		
2		国投安信	1,083		3		
3		华安期货	1,078		7		
4		海通期货	790		51		
5		中信期货	697		-2		
6		方正中期	590		83		
7		中信建投	555		0		
8		中财期货	554		-89		
9		招商期货	510		3		
10		鲁证期货	494		-2		
11		浙商期货	420		2		
12		一德期货	371		0		
13		宏源期货	358		-8		
14		永安期货	350		100		
15		南华期货	333		11		
16		华鑫期货	300		300		
17		银河期货	213		20		
18		中粮期货	213		45		
19		中大期货	200		200		
20		安粮期货	199		-60		
总计				10,688		664		

名次		会员简称	持卖单量	增减		
1		华泰期货	1,421		28		
2		国投安信	1,171		30		
3		华安期货	1,090		-2		
4		海通期货	789		-20		
5		国海良时	758		154		
6		中信期货	744		1		
7		方正中期	706		38		
8		中信建投	585		1		
9		招商期货	582		1		
10		鲁证期货	499		0		
11		宏源期货	449		103		
12		南华期货	354		-12		
13		安粮期货	282		74		
14		浙商期货	264		0		
15		国富期货	242		0		
16		永安期货	215		1		
17		中财期货	202		-101		
18		北京首创	192		40		
19		五矿经易	190		0		
20		国泰君安	189		2		
总计				10,924		338		



会员类别	总成交量	增减		
期货公司会员	184,820		171,497		

会员类别	总持买单量	增减		
期货公司会员	10,688		664		

会员类别	总持卖单量	增减		
期货公司会员	10,924		338		

