								大连商品交易所 成交量_买持仓_卖持仓排名	

合约代码：m2107		Date：2020-10-20	

			期货公司会员	

名次		会员简称	成交量		增减		
1		申银万国	24,937		-2,741		
2		银河期货	23,236		-2,652		
3		徽商期货	22,708		-3,228		
4		美尔雅期货	22,212		8,901		
5		国富期货	19,752		-24,781		
6		东证期货	19,208		-6,592		
7		一德期货	16,074		-3,796		
8		金瑞期货	9,261		-2,053		
9		国信期货	8,465		-2,851		
10		中原期货	8,440		-2,870		
11		中辉期货	7,632		-2,866		
12		中天期货	6,310		-4,477		
13		国泰君安	4,763		-518		
14		锦泰期货	4,076		-3,055		
15		国海良时	3,558		568		
16		光大期货	3,161		-2,520		
17		海通期货	2,949		-4,130		
18		兴业期货	2,359		2,340		
19		鲁证期货	2,290		-1,053		
20		安粮期货	2,212		491		
总计				213,603		-57,883		

名次		会员简称	持买单量	增减		
1		申银万国	2,954		11		
2		海通期货	1,786		-7		
3		国投安信	1,590		14		
4		招商期货	1,237		-5		
5		鲁证期货	1,221		13		
6		五矿经易	1,166		0		
7		瑞达期货	1,041		482		
8		格林大华	1,004		-4		
9		新湖期货	943		162		
10		浙商期货	883		-17		
11		徽商期货	864		-23		
12		中辉期货	843		314		
13		冠通期货	776		0		
14		国泰君安	675		-14		
15		西南期货	647		125		
16		国海良时	581		6		
17		中投期货	550		-26		
18		华泰期货	479		140		
19		银河期货	391		65		
20		华鑫期货	376		42		
总计				20,007		1,278		

名次		会员简称	持卖单量	增减		
1		安粮期货	6,396		2,107		
2		申银万国	2,622		10		
3		摩根大通	2,345		788		
4		国元期货	2,257		-1,174		
5		海通期货	1,722		-10		
6		国投安信	1,591		20		
7		招商期货	1,212		3		
8		鲁证期货	1,170		-9		
9		五矿经易	1,071		0		
10		格林大华	1,000		0		
11		冠通期货	776		0		
12		浙商期货	705		-15		
13		平安期货	641		500		
14		国泰君安	448		7		
15		国海良时	314		16		
16		新湖期货	276		-15		
17		宏源期货	250		-183		
18		东证期货	134		60		
19		中银期货	125		125		
20		东航期货	120		0		
总计				25,175		2,230		



会员类别	总成交量	增减		
期货公司会员	213,603		-57,883		

会员类别	总持买单量	增减		
期货公司会员	20,007		1,278		

会员类别	总持卖单量	增减		
期货公司会员	25,175		2,230		

