								大连商品交易所 成交量_买持仓_卖持仓排名	

合约代码：c2107		Date：2020-10-20	

			期货公司会员	

名次		会员简称	成交量		增减		
1		华泰期货	31,131		-4,428		
2		国泰君安	30,777		-2,512		
3		海通期货	30,133		19,210		
4		冠通期货	25,302		1,299		
5		中辉期货	15,460		2,734		
6		国富期货	14,871		-10,803		
7		光大期货	8,505		-8,613		
8		东证期货	8,240		-631		
9		中粮期货	6,297		1,282		
10		中大期货	6,205		1,439		
11		鲁证期货	5,097		-798		
12		弘业期货	4,427		780		
13		华闻期货	3,524		-2,748		
14		国海良时	3,293		-710		
15		中信期货	3,280		13		
16		五矿经易	2,968		-1,009		
17		永安期货	2,569		84		
18		兴业期货	2,506		689		
19		宝城期货	2,407		376		
20		宏源期货	2,343		-2,927		
总计				209,335		-7,273		

名次		会员简称	持买单量	增减		
1		鲁证期货	28,851		4		
2		一德期货	12,875		291		
3		中信建投	8,333		1		
4		中州期货	8,003		1		
5		国泰君安	5,017		40		
6		中辉期货	3,447		11		
7		海通期货	3,010		-53		
8		永安期货	2,940		416		
9		中信期货	2,698		-517		
10		东证期货	2,664		95		
11		宝城期货	2,519		-780		
12		申银万国	2,090		-39		
13		中大期货	1,504		-9		
14		国信期货	1,385		27		
15		华安期货	1,154		355		
16		浙商期货	1,041		12		
17		混沌天成	1,015		6		
18		海证期货	788		0		
19		国贸期货	742		0		
20		国海良时	562		0		
总计				90,638		-139		

名次		会员简称	持卖单量	增减		
1		光大期货	12,563		-36		
2		中信期货	11,597		9		
3		东证期货	10,426		1,049		
4		金瑞期货	8,113		107		
5		国投安信	6,136		5		
6		鲁证期货	5,996		599		
7		徽商期货	4,527		-48		
8		海证期货	4,462		-57		
9		北京首创	3,254		-57		
10		海通期货	3,130		8		
11		永安期货	2,776		23		
12		宝城期货	2,516		-791		
13		申银万国	1,981		-43		
14		中大期货	1,943		6		
15		长江期货	1,656		-1		
16		华安期货	1,379		132		
17		浙商期货	1,182		-20		
18		兴证期货	1,107		-1		
19		国海良时	829		-11		
20		东海期货	712		-2		
总计				86,285		871		



会员类别	总成交量	增减		
期货公司会员	209,335		-7,273		

会员类别	总持买单量	增减		
期货公司会员	90,638		-139		

会员类别	总持卖单量	增减		
期货公司会员	86,285		871		

