								大连商品交易所 成交量_买持仓_卖持仓排名	

合约代码：jd2101		Date：2020-10-20	

			期货公司会员	

名次		会员简称	成交量		增减		
1		东证期货	17,531		-5,055		
2		海通期货	5,791		4,036		
3		方正中期	5,661		761		
4		中信期货	4,831		1,138		
5		徽商期货	4,815		-1,931		
6		光大期货	4,773		-410		
7		宏源期货	4,436		38		
8		国泰君安	4,011		-580		
9		华安期货	3,652		-815		
10		申银万国	3,645		-3,267		
11		中信建投	3,579		1,286		
12		银河期货	2,906		-133		
13		华泰期货	2,668		-575		
14		中辉期货	2,591		451		
15		天风期货	2,346		-3,525		
16		东吴期货	1,974		838		
17		永安期货	1,895		-914		
18		兴证期货	1,888		486		
19		国海良时	1,644		892		
20		安粮期货	1,617		-311		
总计				82,254		-7,590		

名次		会员简称	持买单量	增减		
1		福能期货	4,901		195		
2		中辉期货	3,127		372		
3		汇鑫期货	2,844		11		
4		方正中期	2,742		-545		
5		申银万国	2,652		49		
6		徽商期货	2,598		701		
7		永安期货	2,454		274		
8		东航期货	2,104		446		
9		安粮期货	2,066		415		
10		中信期货	1,941		419		
11		银河期货	1,903		604		
12		中信建投	1,872		301		
13		海证期货	1,842		76		
14		东证期货	1,823		-1,754		
15		国泰君安	1,802		74		
16		宏源期货	1,749		235		
17		华安期货	1,745		297		
18		鲁证期货	1,620		-47		
19		新湖期货	1,566		36		
20		南华期货	1,566		-145		
总计				44,917		2,014		

名次		会员简称	持卖单量	增减		
1		宏源期货	4,116		-473		
2		徽商期货	3,403		14		
3		永安期货	3,194		717		
4		中信期货	3,119		1,610		
5		海通期货	2,900		1,391		
6		方正中期	2,745		-362		
7		中信建投	2,635		96		
8		东证期货	2,437		1,139		
9		中粮期货	2,418		34		
10		国泰君安	2,223		125		
11		华安期货	2,149		-85		
12		中辉期货	1,783		-489		
13		东航期货	1,705		-35		
14		银河期货	1,702		-106		
15		兴证期货	1,650		698		
16		南华期货	1,527		69		
17		国海良时	1,448		207		
18		长江期货	1,429		47		
19		弘业期货	1,347		175		
20		国富期货	1,282		44		
总计				45,212		4,816		



会员类别	总成交量	增减		
期货公司会员	82,254		-7,590		

会员类别	总持买单量	增减		
期货公司会员	44,917		2,014		

会员类别	总持卖单量	增减		
期货公司会员	45,212		4,816		

