								大连商品交易所 成交量_买持仓_卖持仓排名	

合约代码：m2011		Date：2020-10-20	

			期货公司会员	

名次		会员简称	成交量		增减		
1		国泰君安	2,487		2,267		
2		南华期货	1,291		226		
3		中粮期货	1,061		-480		
4		浙商期货	992		813		
5		摩根大通	900		-600		
6		北京首创	817		-291		
7		中信期货	808		787		
8		国投安信	777		121		
9		银河期货	635		-110		
10		广发期货	502		498		
11		国富期货	404		143		
12		东兴期货	400		-201		
13		中辉期货	390		104		
14		美尔雅期货	221		-32		
15		东吴期货	214		-50		
16		华泰期货	204		96		
17		华闻期货	196		-15		
18		创元期货	185		-55		
19		永安期货	162		-87		
20		安粮期货	161		-639		
总计				12,807		2,495		

名次		会员简称	持买单量	增减		
1		银河期货	2,436		-601		
2		国投安信	1,531		-404		
3		国富期货	1,483		-99		
4		安粮期货	960		-150		
5		福能期货	923		0		
6		摩根大通	872		-400		
7		中辉期货	497		-195		
8		北京首创	400		-502		
9		招商期货	364		4		
10		华泰期货	347		-84		
11		浙商期货	335		-92		
12		瑞达期货	300		6		
13		盛达期货	255		0		
14		东吴期货	252		-200		
15		先锋期货	250		0		
16		美尔雅期货	247		-150		
17		国贸期货	242		-75		
18		南华期货	227		-87		
19		招金期货	209		0		
20		财信期货	203		3		
总计				12,333		-3,026		

名次		会员简称	持卖单量	增减		
1		国投安信	2,099		-37		
2		银河期货	1,997		0		
3		南华期货	1,863		-1,156		
4		中粮期货	1,818		-1,061		
5		国泰君安	1,225		1,049		
6		兴证期货	574		0		
7		广发期货	454		-500		
8		宝城期货	400		0		
9		招商期货	347		12		
10		中辉期货	342		-195		
11		鲁证期货	287		0		
12		福能期货	282		0		
13		国富期货	235		1		
14		瑞达期货	235		10		
15		国金期货	181		79		
16		东吴期货	170		0		
17		中信期货	165		-558		
18		海通期货	163		-52		
19		华联期货	157		-10		
20		中天期货	153		0		
总计				13,147		-2,418		



会员类别	总成交量	增减		
期货公司会员	12,807		2,495		

会员类别	总持买单量	增减		
期货公司会员	12,333		-3,026		

会员类别	总持卖单量	增减		
期货公司会员	13,147		-2,418		

