								大连商品交易所 成交量_买持仓_卖持仓排名	

合约代码：i2101		Date：2020-10-21	

			期货公司会员	

名次		会员简称	成交量		增减		
1		国富期货	167,811		546		
2		国泰君安	90,486		7,753		
3		中信期货	86,215		8,350		
4		海通期货	68,145		7,685		
5		方正中期	56,965		8,886		
6		申银万国	49,756		13,887		
7		银河期货	47,814		4,663		
8		东证期货	47,189		-2,726		
9		光大期货	35,424		-4,429		
10		华闻期货	35,039		479		
11		华泰期货	33,246		4,905		
12		东海期货	31,670		5,355		
13		南华期货	29,764		8,890		
14		永安期货	24,859		-13,291		
15		徽商期货	22,754		-2,498		
16		浙商期货	21,019		2,644		
17		兴证期货	19,323		1,283		
18		广发期货	16,717		3,319		
19		华安期货	16,204		198		
20		大地期货	16,195		2,418		
总计				916,595		58,317		

名次		会员简称	持买单量	增减		
1		申银万国	52,282		-1,422		
2		永安期货	49,438		-2,244		
3		中信期货	47,699		737		
4		银河期货	41,140		5,165		
5		东海期货	38,172		-3,562		
6		一德期货	34,225		-103		
7		鲁证期货	33,345		-2,907		
8		摩根大通	29,815		577		
9		浙商期货	22,904		-185		
10		国泰君安	22,763		-1,409		
11		东证期货	21,890		18		
12		五矿经易	20,190		7,669		
13		华泰期货	16,081		1,143		
14		海证期货	12,366		-230		
15		安粮期货	11,280		59		
16		海通期货	10,251		1,408		
17		弘业期货	9,931		271		
18		方正中期	9,538		-144		
19		广发期货	7,378		-228		
20		国富期货	7,154		184		
总计				497,842		4,797		

名次		会员简称	持卖单量	增减		
1		中信期货	46,342		3,048		
2		一德期货	36,852		3,772		
3		永安期货	32,564		2,218		
4		浙商期货	31,706		-720		
5		华泰期货	26,974		22		
6		鲁证期货	26,243		469		
7		东证期货	24,538		3,001		
8		方正中期	23,965		-7,815		
9		大地期货	23,607		-1,941		
10		银河期货	19,471		783		
11		天风期货	17,587		2,851		
12		南华期货	17,213		795		
13		五矿经易	16,282		-164		
14		东兴期货	15,796		-273		
15		广发期货	13,521		227		
16		中辉期货	13,065		-742		
17		海通期货	12,727		-877		
18		中钢期货	12,605		29		
19		大越期货	11,954		44		
20		国投安信	11,641		-166		
总计				434,653		4,561		



会员类别	总成交量	增减		
期货公司会员	916,595		58,317		

会员类别	总持买单量	增减		
期货公司会员	497,842		4,797		

会员类别	总持卖单量	增减		
期货公司会员	434,653		4,561		

