								大连商品交易所 成交量_买持仓_卖持仓排名	

合约代码：m2101		Date：2020-10-21	

			期货公司会员	

名次		会员简称	成交量		增减		
1		东证期货	654,387		59,082		
2		国泰君安	359,051		-27,514		
3		中信期货	93,829		9,349		
4		海通期货	73,696		9,800		
5		华泰期货	71,849		21,153		
6		方正中期	71,602		17,051		
7		申银万国	70,969		26,266		
8		银河期货	61,806		12,022		
9		华西期货	60,603		9,040		
10		国富期货	59,238		-116		
11		永安期货	59,075		-18,855		
12		五矿经易	56,406		44,931		
13		格林大华	51,100		279		
14		海证期货	44,102		25,041		
15		中信建投	43,264		27,714		
16		徽商期货	36,233		-2,928		
17		中辉期货	35,225		12,331		
18		国投安信	35,114		15,259		
19		华闻期货	33,737		18,469		
20		中粮期货	31,836		-3,047		
总计				2,003,122	255,327		

名次		会员简称	持买单量	增减		
1		永安期货	174,564		21,046		
2		五矿经易	99,894		625		
3		中粮期货	77,473		2,363		
4		一德期货	56,674		3,595		
5		中信期货	55,106		-1,140		
6		国投安信	54,110		982		
7		申银万国	40,116		4,973		
8		摩根大通	32,770		272		
9		国泰君安	32,440		-1,921		
10		华泰期货	32,354		477		
11		南华期货	32,227		-611		
12		中信建投	27,163		16,374		
13		海通期货	26,153		-1,819		
14		瑞达期货	25,382		-1,693		
15		东证期货	24,720		-13		
16		浙商期货	23,760		-10,411		
17		宏源期货	19,954		-766		
18		广发期货	19,522		120		
19		深圳金汇	19,363		-454		
20		银河期货	18,256		-558		
总计				892,001		31,441		

名次		会员简称	持卖单量	增减		
1		国投安信	163,750		-2,290		
2		中粮期货	136,662		-1,525		
3		摩根大通	79,314		1,447		
4		银河期货	77,707		820		
5		国泰君安	75,853		550		
6		中信期货	69,334		5,497		
7		鲁证期货	47,619		-344		
8		南华期货	44,401		801		
9		平安期货	41,656		2,840		
10		新湖期货	41,416		-455		
11		一德期货	37,770		5,166		
12		海通期货	36,289		-237		
13		东证期货	36,150		404		
14		民生期货	29,057		-136		
15		建信期货	26,657		-156		
16		广发期货	24,200		691		
17		永安期货	22,443		2,433		
18		美尔雅期货	19,968		2,536		
19		北京金鹏	17,788		-11		
20		中天期货	15,978		106		
总计				1,044,012	18,137		



会员类别	总成交量	增减		
期货公司会员	2,003,122	255,327		

会员类别	总持买单量	增减		
期货公司会员	892,001		31,441		

会员类别	总持卖单量	增减		
期货公司会员	1,044,012	18,137		

