								大连商品交易所 成交量_买持仓_卖持仓排名	

合约代码：c2103		Date：2020-10-21	

			期货公司会员	

名次		会员简称	成交量		增减		
1		华闻期货	5,112		-950		
2		光大期货	4,264		475		
3		中粮期货	3,749		-606		
4		东证期货	3,737		1,023		
5		宏源期货	3,325		314		
6		海通期货	3,172		-113		
7		中信期货	2,873		681		
8		国泰君安	2,784		-521		
9		银河期货	2,731		1,290		
10		申银万国	2,713		671		
11		中大期货	2,646		-1,182		
12		弘业期货	2,391		-1,084		
13		鲁证期货	2,382		-715		
14		上海大陆	2,035		1,326		
15		国海良时	1,852		-32		
16		方正中期	1,789		-315		
17		格林大华	1,676		-319		
18		徽商期货	1,484		186		
19		五矿经易	1,472		226		
20		浙商期货	1,432		-393		
总计				53,619		-38		

名次		会员简称	持买单量	增减		
1		鲁证期货	6,500		-1		
2		一德期货	2,501		-146		
3		永安期货	1,484		65		
4		中信期货	1,368		45		
5		中大期货	1,325		8		
6		海通期货	1,233		17		
7		格林大华	1,215		0		
8		弘业期货	1,121		-2		
9		中辉期货	1,059		156		
10		东证期货	1,051		299		
11		摩根大通	1,000		0		
12		五矿经易	908		0		
13		申银万国	846		0		
14		浙商期货	639		10		
15		金瑞期货	424		-255		
16		安粮期货	379		15		
17		宏源期货	370		287		
18		华泰期货	231		23		
19		迈科期货	167		2		
20		中信建投	158		1		
总计				23,979		524		

名次		会员简称	持卖单量	增减		
1		华安期货	5,869		66		
2		安粮期货	1,635		5		
3		中信期货	1,610		-214		
4		海通期货	1,473		261		
5		永安期货	1,427		20		
6		中大期货	1,341		0		
7		东证期货	1,269		404		
8		格林大华	1,217		-2		
9		弘业期货	1,149		13		
10		鲁证期货	941		-1		
11		五矿经易	910		0		
12		国海良时	847		-5		
13		申银万国	835		1		
14		光大期货	620		121		
15		一德期货	613		146		
16		浙商期货	523		10		
17		国元期货	412		0		
18		银河期货	241		19		
19		创元期货	201		0		
20		宏源期货	197		-56		
总计				23,330		788		



会员类别	总成交量	增减		
期货公司会员	53,619		-38		

会员类别	总持买单量	增减		
期货公司会员	23,979		524		

会员类别	总持卖单量	增减		
期货公司会员	23,330		788		

