								大连商品交易所 成交量_买持仓_卖持仓排名	

合约代码：p2101		Date：2020-10-21	

			期货公司会员	

名次		会员简称	成交量		增减		
1		东证期货	371,375		50,116		
2		国泰君安	172,450		20,079		
3		光大期货	164,563		14,344		
4		国富期货	130,195		-3,905		
5		中信期货	97,702		12,265		
6		申银万国	80,130		19,171		
7		海通期货	54,589		-2,437		
8		银河期货	51,426		-4,447		
9		华西期货	47,327		25,423		
10		华安期货	44,272		8,164		
11		方正中期	40,677		7,072		
12		徽商期货	39,244		5,693		
13		华泰期货	36,770		2,272		
14		华闻期货	33,057		-3,616		
15		东方财富	30,394		5,449		
16		中粮期货	29,406		17,302		
17		宏源期货	27,390		5,808		
18		兴证期货	26,186		4,436		
19		国投安信	25,023		2,231		
20		安粮期货	24,963		8,718		
总计				1,527,139	194,138		

名次		会员简称	持买单量	增减		
1		银河期货	20,364		1,332		
2		浙商期货	18,809		448		
3		中粮期货	12,985		5,601		
4		天风期货	12,866		394		
5		中信期货	12,756		-308		
6		永安期货	12,722		164		
7		国投安信	12,294		1,249		
8		五矿经易	12,083		-520		
9		海通期货	12,077		5,179		
10		国泰君安	10,634		2,600		
11		光大期货	10,134		3		
12		一德期货	9,945		-47		
13		方正中期	9,351		874		
14		东证期货	8,050		-59		
15		大越期货	7,588		12		
16		广发期货	6,890		-137		
17		兴证期货	5,921		-41		
18		大地期货	5,883		-37		
19		徽商期货	5,164		-596		
20		金瑞期货	4,993		116		
总计				211,509		16,227		

名次		会员简称	持卖单量	增减		
1		中粮期货	36,858		173		
2		国投安信	30,746		-1,964		
3		中信期货	17,607		480		
4		国贸期货	17,118		-686		
5		国富期货	16,160		-2,016		
6		银河期货	15,691		1,690		
7		东证期货	15,077		1,084		
8		永安期货	14,755		420		
9		一德期货	12,970		984		
10		海通期货	12,201		-1,994		
11		广发期货	11,424		185		
12		弘业期货	8,576		205		
13		中天期货	6,961		-20		
14		华泰期货	5,994		-176		
15		华融融达	5,657		79		
16		中信建投	5,450		176		
17		国泰君安	5,151		294		
18		五矿经易	4,673		-175		
19		方正中期	4,363		257		
20		申银万国	4,286		991		
总计				251,718		-13		



会员类别	总成交量	增减		
期货公司会员	1,527,139	194,138		

会员类别	总持买单量	增减		
期货公司会员	211,509		16,227		

会员类别	总持卖单量	增减		
期货公司会员	251,718		-13		

