								大连商品交易所 成交量_买持仓_卖持仓排名	

合约代码：c2105		Date：2020-10-21	

			期货公司会员	

名次		会员简称	成交量		增减		
1		华泰期货	69,627		15,911		
2		东证期货	60,432		12,078		
3		光大期货	32,975		-4,902		
4		中信期货	30,794		580		
5		国泰君安	28,426		14,634		
6		永安期货	20,563		12,182		
7		东海期货	15,052		8,694		
8		徽商期货	12,949		2,335		
9		南华期货	11,404		7,517		
10		安粮期货	11,336		-2,343		
11		宏源期货	11,265		2,795		
12		国投安信	10,616		6,221		
13		银河期货	10,281		2,335		
14		五矿经易	9,852		3,174		
15		兴证期货	9,800		5,679		
16		国盛期货	9,258		9,250		
17		浙商期货	8,474		2,683		
18		国富期货	6,896		1,665		
19		长江期货	6,777		1,772		
20		海通期货	6,678		1,522		
总计				383,455		103,782		

名次		会员简称	持买单量	增减		
1		国泰君安	50,034		5,688		
2		鲁证期货	39,841		163		
3		光大期货	26,041		2,158		
4		中信期货	22,597		177		
5		海证期货	21,873		1,229		
6		一德期货	21,523		75		
7		永安期货	20,589		-415		
8		中州期货	20,137		-242		
9		中信建投	18,412		-295		
10		安粮期货	18,096		986		
11		华安期货	16,511		323		
12		建信期货	15,538		481		
13		中粮期货	14,774		144		
14		华融融达	14,470		721		
15		金瑞期货	12,334		1,048		
16		中辉期货	11,150		226		
17		国富期货	9,478		1,575		
18		混沌天成	9,253		978		
19		国盛期货	9,236		9,220		
20		银河期货	8,988		498		
总计				380,875		24,738		

名次		会员简称	持卖单量	增减		
1		中粮期货	69,664		95		
2		南华期货	62,591		-3,395		
3		永安期货	42,321		4,864		
4		光大期货	33,765		-905		
5		中信期货	26,963		12,139		
6		金瑞期货	22,684		329		
7		华融融达	22,296		14		
8		东证期货	22,015		1,201		
9		海证期货	18,746		-442		
10		浙商期货	18,700		95		
11		五矿经易	16,309		8,304		
12		中金期货	14,686		0		
13		摩根大通	12,671		0		
14		国投安信	12,192		2,472		
15		华泰期货	12,141		793		
16		中辉期货	7,779		-231		
17		国泰君安	6,523		1,004		
18		徽商期货	6,479		933		
19		银河期货	5,181		537		
20		华安期货	4,934		44		
总计				438,640		27,851		



会员类别	总成交量	增减		
期货公司会员	383,455		103,782		

会员类别	总持买单量	增减		
期货公司会员	380,875		24,738		

会员类别	总持卖单量	增减		
期货公司会员	438,640		27,851		

