								大连商品交易所 成交量_买持仓_卖持仓排名	

合约代码：eg2105		Date：2020-10-21	

			期货公司会员	

名次		会员简称	成交量		增减		
1		徽商期货	1,381		875		
2		南华期货	1,072		853		
3		国泰君安	651		473		
4		天风期货	590		356		
5		国信期货	560		560		
6		华泰期货	545		38		
7		福能期货	540		237		
8		宏源期货	497		386		
9		华闻期货	475		269		
10		银河期货	431		387		
11		中州期货	400		368		
12		通惠期货	399		398		
13		中信期货	323		207		
14		国富期货	288		153		
15		东吴期货	274		-19		
16		国元期货	229		121		
17		一德期货	225		193		
18		东证期货	211		201		
19		渤海期货	202		192		
20		永安期货	198		-24		
总计				9,491		6,224		

名次		会员简称	持买单量	增减		
1		国元期货	3,843		200		
2		华泰期货	2,996		502		
3		中信期货	2,491		2		
4		新湖期货	2,198		12		
5		通惠期货	2,000		399		
6		兴业期货	1,424		0		
7		东证期货	1,370		127		
8		招商期货	1,152		1		
9		建信期货	954		-3		
10		光大期货	910		97		
11		一德期货	891		-13		
12		鲁证期货	812		-2		
13		先融期货	792		0		
14		南华期货	657		-55		
15		瑞达期货	629		10		
16		天风期货	522		31		
17		东吴期货	510		6		
18		浙商期货	471		6		
19		宏源期货	377		300		
20		弘业期货	343		-1		
总计				25,342		1,619		

名次		会员简称	持卖单量	增减		
1		永安期货	3,898		120		
2		天风期货	3,279		297		
3		国贸期货	2,489		-2		
4		弘业期货	1,754		0		
5		一德期货	1,425		152		
6		中银期货	1,276		0		
7		中融汇信	1,270		0		
8		东海期货	1,252		20		
9		华泰期货	1,087		-7		
10		国泰君安	869		-18		
11		中州期货	786		371		
12		申银万国	759		63		
13		国信期货	655		540		
14		南华期货	555		-3		
15		国投安信	481		0		
16		方正中期	431		-12		
17		广发期货	414		52		
18		兴业期货	405		0		
19		东证期货	387		10		
20		中信期货	380		17		
总计				23,852		1,600		



会员类别	总成交量	增减		
期货公司会员	9,491		6,224		

会员类别	总持买单量	增减		
期货公司会员	25,342		1,619		

会员类别	总持卖单量	增减		
期货公司会员	23,852		1,600		

