								大连商品交易所 成交量_买持仓_卖持仓排名	

合约代码：pp2105		Date：2020-10-21	

			期货公司会员	

名次		会员简称	成交量		增减		
1		东证期货	1,957		876		
2		华安期货	1,313		376		
3		国投安信	784		-149		
4		上海大陆	557		205		
5		国泰君安	553		127		
6		中信期货	515		-3		
7		国海良时	399		174		
8		新湖期货	378		226		
9		东吴期货	344		-204		
10		徽商期货	336		62		
11		方正中期	307		-13		
12		国富期货	286		138		
13		招金期货	286		-47		
14		国信期货	278		207		
15		南华期货	271		-276		
16		银河期货	255		-92		
17		华闻期货	251		63		
18		宏源期货	215		101		
19		浙江新世纪	215		-5		
20		国联期货	214		169		
总计				9,714		1,935		

名次		会员简称	持买单量	增减		
1		永安期货	2,830		49		
2		中信期货	2,209		121		
3		鲁证期货	2,144		7		
4		瑞达期货	1,991		2		
5		东证期货	1,389		180		
6		华安期货	1,305		-78		
7		华泰期货	1,047		16		
8		银河期货	918		55		
9		中粮期货	874		-1		
10		国泰君安	858		58		
11		宏源期货	772		47		
12		国投安信	646		107		
13		中银期货	637		0		
14		国海良时	599		13		
15		南华期货	474		3		
16		海通期货	451		26		
17		建信期货	390		5		
18		方正中期	374		70		
19		浙江新世纪	361		0		
20		浙商期货	323		-14		
总计				20,592		666		

名次		会员简称	持卖单量	增减		
1		华泰期货	5,091		21		
2		永安期货	1,866		10		
3		东海期货	1,731		0		
4		申银万国	1,691		-18		
5		国投安信	1,525		215		
6		国泰君安	1,506		165		
7		浙商期货	813		1		
8		南华期货	682		44		
9		国信期货	533		-8		
10		中大期货	500		19		
11		国海良时	473		180		
12		一德期货	447		-2		
13		天风期货	430		10		
14		东吴期货	396		12		
15		海通期货	388		45		
16		华安期货	373		15		
17		国富期货	360		-25		
18		中财期货	317		8		
19		中信期货	270		-4		
20		信达期货	266		9		
总计				19,658		697		



会员类别	总成交量	增减		
期货公司会员	9,714		1,935		

会员类别	总持买单量	增减		
期货公司会员	20,592		666		

会员类别	总持卖单量	增减		
期货公司会员	19,658		697		

