								大连商品交易所 成交量_买持仓_卖持仓排名	

合约代码：c2011		Date：2020-09-22	

			期货公司会员	

名次		会员简称	成交量		增减		
1		光大期货	19,006		3,142		
2		银河期货	8,007		5,442		
3		华泰期货	7,500		-206		
4		冠通期货	6,468		1,409		
5		鲁证期货	4,510		766		
6		永安期货	4,069		-276		
7		中粮期货	3,426		-720		
8		弘业期货	3,317		-360		
9		西部期货	3,244		3,243		
10		中信期货	3,209		852		
11		浙商期货	2,740		1,515		
12		锦泰期货	2,361		1,167		
13		五矿经易	2,263		1,266		
14		海通期货	1,988		271		
15		新湖期货	1,904		352		
16		国海良时	1,813		55		
17		国泰君安	1,810		486		
18		华闻期货	1,634		289		
19		申银万国	1,323		212		
20		东证期货	1,137		-159		
总计				81,729		18,746		

名次		会员简称	持买单量	增减		
1		国投安信	17,191		917		
2		冠通期货	3,194		-612		
3		北京首创	3,096		-90		
4		兴证期货	2,922		0		
5		弘业期货	2,796		-19		
6		东证期货	1,539		-26		
7		中大期货	927		-100		
8		东吴期货	919		-44		
9		中辉期货	821		0		
10		锦泰期货	769		-361		
11		国泰君安	733		-7		
12		创元期货	660		-25		
13		国富期货	495		-2		
14		铜冠金源	465		335		
15		中信期货	457		-8		
16		华安期货	433		1		
17		银河期货	410		28		
18		永安期货	398		5		
19		浙商期货	348		319		
20		中粮期货	343		12		
总计				38,916		323		

名次		会员简称	持卖单量	增减		
1		中信期货	6,589		-139		
2		银河期货	5,452		-417		
3		民生期货	5,113		-1		
4		一德期货	3,015		489		
5		弘业期货	2,288		-42		
6		海通期货	2,277		246		
7		永安期货	1,962		-6		
8		国泰君安	1,612		-15		
9		广州金控	1,457		0		
10		中粮期货	1,402		206		
11		格林大华	1,071		4		
12		国投安信	994		-1		
13		中大期货	935		-100		
14		中信建投	850		10		
15		光大期货	581		-179		
16		徽商期货	573		3		
17		长安期货	518		-1		
18		招商期货	504		41		
19		五矿经易	392		-11		
20		华泰期货	377		-119		
总计				37,962		-32		



会员类别	总成交量	增减		
期货公司会员	81,729		18,746		

会员类别	总持买单量	增减		
期货公司会员	38,916		323		

会员类别	总持卖单量	增减		
期货公司会员	37,962		-32		

