								大连商品交易所 成交量_买持仓_卖持仓排名	

合约代码：pp2102		Date：2020-09-22	

			期货公司会员	

名次		会员简称	成交量		增减		
1		东证期货	48,150		-5,883		
2		东海期货	11,578		173		
3		光大期货	10,812		3,720		
4		华泰期货	10,568		2,769		
5		申银万国	9,474		-586		
6		中信期货	8,269		515		
7		五矿经易	7,287		-235		
8		恒泰期货	6,168		-20,036		
9		国元期货	5,574		1,495		
10		迈科期货	5,448		330		
11		东吴期货	4,714		568		
12		国海良时	4,110		-190		
13		鲁证期货	3,647		-2,576		
14		南华期货	3,192		-1,116		
15		中粮期货	2,986		-8		
16		瑞达期货	2,954		-645		
17		国富期货	2,897		-1,567		
18		国泰君安	2,539		-1,075		
19		华闻期货	2,483		814		
20		格林大华	2,442		-3,391		
总计				155,292		-26,924		

名次		会员简称	持买单量	增减		
1		华泰期货	2,024		-120		
2		恒泰期货	1,208		-84		
3		中信期货	1,166		-42		
4		南华期货	1,110		-4		
5		五矿经易	647		-2		
6		鲁证期货	636		-44		
7		申银万国	632		310		
8		东吴期货	530		-4		
9		中粮期货	412		103		
10		格林大华	309		9		
11		建信期货	150		150		
12		东证期货	140		26		
13		光大期货	116		89		
14		国金期货	109		44		
15		北京首创	105		0		
16		国海良时	103		7		
17		华闻期货	72		44		
18		锦泰期货	67		19		
19		国泰君安	62		-14		
20		中辉期货	50		48		
总计				9,648		535		

名次		会员简称	持卖单量	增减		
1		华泰期货	2,146		58		
2		中信期货	1,181		35		
3		恒泰期货	1,162		-92		
4		南华期货	1,136		-6		
5		鲁证期货	728		99		
6		五矿经易	693		-3		
7		申银万国	651		350		
8		东吴期货	518		6		
9		中粮期货	427		101		
10		格林大华	309		9		
11		东证期货	137		-2		
12		金瑞期货	129		127		
13		海通期货	112		91		
14		北京首创	106		-45		
15		国海良时	101		5		
16		国贸期货	61		0		
17		福能期货	50		-4		
18		国泰君安	47		27		
19		平安期货	47		0		
20		瑞达期货	38		-171		
总计				9,779		585		



会员类别	总成交量	增减		
期货公司会员	155,292		-26,924		

会员类别	总持买单量	增减		
期货公司会员	9,648		535		

会员类别	总持卖单量	增减		
期货公司会员	9,779		585		

