								大连商品交易所 成交量_买持仓_卖持仓排名	

合约代码：c2101		Date：2020-09-22	

			期货公司会员	

名次		会员简称	成交量		增减		
1		国泰君安	303,022		5,878		
2		东证期货	244,219		31,023		
3		华泰期货	177,082		45,681		
4		国富期货	122,111		47,642		
5		冠通期货	91,081		23,177		
6		东海期货	68,916		49,950		
7		五矿经易	63,498		42,326		
8		广州金控	56,676		21,558		
9		华闻期货	53,087		29,317		
10		永安期货	50,449		-11,481		
11		兴证期货	49,292		16,393		
12		中辉期货	45,700		21,222		
13		新湖期货	43,361		16,539		
14		中信期货	41,717		4,728		
15		徽商期货	40,856		3,553		
16		东方财富	39,794		2,581		
17		银河期货	39,774		9,797		
18		金瑞期货	39,458		-4,821		
19		浙商期货	37,142		2,662		
20		东吴期货	36,978		25,572		
总计				1,644,213	383,297		

名次		会员简称	持买单量	增减		
1		永安期货	203,765		-1,741		
2		鲁证期货	76,733		-557		
3		东证期货	71,568		4,177		
4		一德期货	69,405		148		
5		中粮期货	61,018		1,694		
6		中信期货	58,728		-393		
7		国盛期货	53,663		13,793		
8		光大期货	52,993		1,382		
9		海通期货	45,412		-1,540		
10		国投安信	45,165		4,018		
11		华融融达	41,893		-3,262		
12		国富期货	39,982		15,949		
13		北京首创	39,096		-112		
14		海证期货	33,344		-1,187		
15		国泰君安	32,789		831		
16		东吴期货	32,256		14,573		
17		华泰期货	31,253		2,283		
18		申银万国	31,108		-1,132		
19		浙商期货	25,734		-3,590		
20		中信建投	25,285		-607		
总计				1,071,190	44,727		

名次		会员简称	持卖单量	增减		
1		中粮期货	226,180		2,258		
2		永安期货	120,896		-2,262		
3		中信期货	104,463		-852		
4		南华期货	75,963		1,864		
5		光大期货	71,129		-820		
6		国投安信	65,408		-2,977		
7		中辉期货	64,359		974		
8		东证期货	43,722		672		
9		国富期货	43,470		6,952		
10		鲁证期货	41,611		-1,583		
11		北京首创	41,353		-308		
12		中国国际	39,953		43		
13		摩根大通	28,900		0		
14		银河期货	28,556		949		
15		国泰君安	26,864		-1,041		
16		广发期货	26,109		-1,284		
17		浙商期货	25,707		-6,518		
18		中金期货	25,007		0		
19		华泰期货	23,255		1,285		
20		建信期货	22,389		4,658		
总计				1,145,294	2,010		



会员类别	总成交量	增减		
期货公司会员	1,644,213	383,297		

会员类别	总持买单量	增减		
期货公司会员	1,071,190	44,727		

会员类别	总持卖单量	增减		
期货公司会员	1,145,294	2,010		

