								大连商品交易所 成交量_买持仓_卖持仓排名	

合约代码：jd2012		Date：2020-09-22	

			期货公司会员	

名次		会员简称	成交量		增减		
1		东证期货	7,288		-279		
2		方正中期	4,059		217		
3		鲁证期货	3,871		1,813		
4		福能期货	3,371		2,244		
5		国泰君安	3,331		1,187		
6		徽商期货	3,317		1,659		
7		光大期货	3,148		258		
8		南华期货	3,131		1,024		
9		瑞达期货	2,903		1,175		
10		中粮期货	2,587		804		
11		华安期货	2,457		1,140		
12		天风期货	2,147		979		
13		国富期货	1,963		465		
14		宏源期货	1,877		-846		
15		华闻期货	1,862		221		
16		中辉期货	1,626		1,237		
17		中信期货	1,615		644		
18		海通期货	1,575		518		
19		美尔雅期货	1,543		285		
20		安粮期货	1,520		848		
总计				55,191		15,593		

名次		会员简称	持买单量	增减		
1		福能期货	3,382		2,967		
2		鲁证期货	2,020		554		
3		方正中期	1,653		-1,165		
4		汇鑫期货	1,619		245		
5		中信期货	1,516		-23		
6		南华期货	1,245		-677		
7		宏源期货	1,059		-343		
8		徽商期货	775		-1		
9		中信建投	686		-152		
10		永安期货	671		111		
11		银河期货	603		451		
12		海通期货	591		328		
13		海证期货	551		220		
14		浙商期货	526		51		
15		中辉期货	511		326		
16		东兴期货	491		483		
17		瑞达期货	459		-142		
18		浙江新世纪	455		158		
19		招金期货	454		291		
20		国海良时	448		-362		
总计				19,715		3,320		

名次		会员简称	持卖单量	增减		
1		长江期货	2,011		329		
2		方正中期	1,868		-538		
3		华融融达	1,425		19		
4		永安期货	1,362		-60		
5		中信期货	1,295		86		
6		鲁证期货	1,179		-1		
7		宏源期货	931		688		
8		申银万国	862		359		
9		光大期货	839		87		
10		徽商期货	832		118		
11		中信建投	793		248		
12		华安期货	788		225		
13		国泰君安	752		538		
14		浙商期货	674		349		
15		瑞达期货	643		-75		
16		北京首创	614		0		
17		广发期货	564		66		
18		南华期货	557		46		
19		中辉期货	501		332		
20		上海大陆	439		263		
总计				18,929		3,079		



会员类别	总成交量	增减		
期货公司会员	55,191		15,593		

会员类别	总持买单量	增减		
期货公司会员	19,715		3,320		

会员类别	总持卖单量	增减		
期货公司会员	18,929		3,079		

