								大连商品交易所 成交量_买持仓_卖持仓排名	

合约代码：c2109		Date：2020-09-22	

			期货公司会员	

名次		会员简称	成交量		增减		
1		华安期货	1,350		974		
2		中投期货	1,075		441		
3		先锋期货	997		770		
4		方正中期	931		510		
5		五矿经易	767		302		
6		徽商期货	685		13		
7		东证期货	607		-341		
8		华闻期货	551		468		
9		国投安信	440		317		
10		建信期货	394		-913		
11		华融融达	343		-78		
12		华西期货	322		139		
13		一德期货	305		-63		
14		国泰君安	300		44		
15		国信期货	283		251		
16		国联期货	274		156		
17		华泰期货	271		-750		
18		国富期货	263		252		
19		东吴期货	248		-40		
20		永安期货	240		-482		
总计				10,646		1,970		

名次		会员简称	持买单量	增减		
1		华融融达	1,965		35		
2		建信期货	1,792		267		
3		中信建投	1,757		65		
4		先锋期货	1,153		-108		
5		安粮期货	1,145		0		
6		华安期货	1,089		1,000		
7		国富期货	1,058		4		
8		银河期货	990		58		
9		国投安信	897		7		
10		国贸期货	770		1		
11		中粮期货	724		11		
12		东吴期货	555		-120		
13		永安期货	548		-20		
14		招金期货	485		8		
15		华金期货	389		4		
16		华泰期货	374		31		
17		国联期货	260		178		
18		光大期货	227		-5		
19		福能期货	211		0		
20		信达期货	207		-3		
总计				16,596		1,413		

名次		会员简称	持卖单量	增减		
1		海证期货	3,743		-4		
2		东证期货	2,479		602		
3		五矿经易	1,876		705		
4		中信期货	1,420		39		
5		北京首创	1,017		-2		
6		永安期货	687		182		
7		光大期货	582		-6		
8		长江期货	566		-5		
9		中国国际	555		2		
10		国投安信	487		-295		
11		东航期货	410		10		
12		方正中期	361		18		
13		华安期货	288		-84		
14		国泰君安	272		25		
15		中投期货	249		207		
16		华泰期货	245		178		
17		中信建投	241		-9		
18		上海中期	232		170		
19		海通期货	213		-7		
20		信达期货	203		2		
总计				16,126		1,728		



会员类别	总成交量	增减		
期货公司会员	10,646		1,970		

会员类别	总持买单量	增减		
期货公司会员	16,596		1,413		

会员类别	总持卖单量	增减		
期货公司会员	16,126		1,728		

