								大连商品交易所 成交量_买持仓_卖持仓排名	

合约代码：i2105		Date：2020-09-22	

			期货公司会员	

名次		会员简称	成交量		增减		
1		光大期货	12,923		-462		
2		东证期货	9,765		-1,159		
3		中信期货	9,204		1,581		
4		申银万国	5,332		4,074		
5		渤海期货	5,274		2,161		
6		国信期货	4,790		-3,718		
7		永安期货	3,620		30		
8		南华期货	3,605		-1,346		
9		国泰君安	3,327		-302		
10		东海期货	2,827		2,326		
11		鲁证期货	2,353		1,383		
12		国富期货	2,275		258		
13		方正中期	2,181		-157		
14		天风期货	2,157		98		
15		长江期货	2,110		925		
16		华泰期货	1,972		42		
17		东吴期货	1,890		364		
18		中财期货	1,862		784		
19		宏源期货	1,776		313		
20		国海良时	1,677		1,314		
总计				80,920		8,509		

名次		会员简称	持买单量	增减		
1		国联期货	8,411		208		
2		鲁证期货	7,690		519		
3		永安期货	7,379		1,489		
4		东海期货	5,850		1,620		
5		银河期货	4,847		-9		
6		海证期货	4,586		3		
7		申银万国	4,273		3,493		
8		冠通期货	3,906		-4		
9		华泰期货	3,784		24		
10		国信期货	3,623		-53		
11		浙商期货	2,389		188		
12		英大期货	2,328		91		
13		长江期货	2,328		969		
14		中信期货	2,090		-21		
15		国贸期货	1,968		-104		
16		广发期货	1,903		99		
17		渤海期货	1,846		892		
18		上海中期	1,667		622		
19		道通期货	1,564		39		
20		光大期货	1,393		477		
总计				73,825		10,542		

名次		会员简称	持卖单量	增减		
1		五矿经易	6,221		20		
2		永安期货	5,441		313		
3		浙商期货	5,103		372		
4		鲁证期货	4,438		1,036		
5		一德期货	4,368		73		
6		海通期货	4,345		-12		
7		国投安信	3,919		865		
8		中信期货	3,659		711		
9		大地期货	3,165		7		
10		银河期货	3,144		471		
11		华泰期货	2,867		396		
12		方正中期	2,624		663		
13		大有期货	2,601		-6		
14		申银万国	2,332		1,141		
15		中信建投	2,250		253		
16		国富期货	2,099		204		
17		国海良时	2,056		1,495		
18		广发期货	1,897		18		
19		汇鑫期货	1,895		4		
20		宏源期货	1,831		-10		
总计				66,255		8,014		



会员类别	总成交量	增减		
期货公司会员	80,920		8,509		

会员类别	总持买单量	增减		
期货公司会员	73,825		10,542		

会员类别	总持卖单量	增减		
期货公司会员	66,255		8,014		

