								大连商品交易所 成交量_买持仓_卖持仓排名	

合约代码：a2105		Date：2020-09-22	

			期货公司会员	

名次		会员简称	成交量		增减		
1		华泰期货	3,132		747		
2		华安期货	2,733		1,818		
3		大有期货	1,977		620		
4		财信期货	1,503		349		
5		永安期货	1,307		1,201		
6		北京首创	1,088		851		
7		深圳金汇	917		-818		
8		金瑞期货	909		334		
9		中信期货	714		163		
10		鲁证期货	610		236		
11		一德期货	460		367		
12		国泰君安	455		24		
13		海通期货	452		-9		
14		申银万国	412		-37		
15		方正中期	402		-16		
16		徽商期货	399		59		
17		东证期货	343		59		
18		国投安信	321		198		
19		渤海期货	319		176		
20		国信期货	317		256		
总计				18,770		6,578		

名次		会员简称	持买单量	增减		
1		深圳金汇	3,933		911		
2		中信期货	820		-77		
3		永安期货	649		-81		
4		华泰期货	639		-262		
5		东吴期货	527		-89		
6		国信期货	489		295		
7		华安期货	394		26		
8		中粮期货	333		29		
9		国联期货	316		212		
10		中原期货	290		290		
11		西南期货	258		69		
12		浙商期货	247		8		
13		广州金控	201		50		
14		国泰君安	163		10		
15		方正中期	158		6		
16		光大期货	151		8		
17		国投安信	150		30		
18		锦泰期货	147		12		
19		北京金鹏	107		0		
20		宏源期货	105		1		
总计				10,077		1,448		

名次		会员简称	持卖单量	增减		
1		大有期货	2,314		965		
2		华安期货	2,248		1,155		
3		鲁证期货	1,254		243		
4		一德期货	1,163		-1		
5		华泰期货	661		182		
6		宏源期货	638		-4		
7		东吴期货	554		-11		
8		金瑞期货	360		338		
9		中原期货	340		0		
10		南华期货	229		20		
11		渤海期货	204		-189		
12		海通期货	201		-4		
13		浙江新世纪	201		-2		
14		迈科期货	199		-15		
15		永安期货	191		-894		
16		浙商期货	164		-194		
17		中信期货	157		39		
18		财信期货	147		-44		
19		广发期货	146		-10		
20		招商期货	78		28		
总计				11,449		1,602		



会员类别	总成交量	增减		
期货公司会员	18,770		6,578		

会员类别	总持买单量	增减		
期货公司会员	10,077		1,448		

会员类别	总持卖单量	增减		
期货公司会员	11,449		1,602		

