								大连商品交易所 成交量_买持仓_卖持仓排名	

合约代码：pg2012		Date：2020-09-22	

			期货公司会员	

名次		会员简称	成交量		增减		
1		华泰期货	27,128		7,334		
2		瑞达期货	4,472		2,979		
3		东证期货	4,391		53		
4		东海期货	3,650		3,105		
5		申银万国	3,592		1,574		
6		方正中期	3,102		1,085		
7		海通期货	2,961		648		
8		国海良时	2,888		860		
9		中信期货	2,706		-1,768		
10		永安期货	2,700		1,300		
11		银河期货	2,357		1,061		
12		五矿经易	2,137		859		
13		冠通期货	2,013		-157		
14		财信期货	1,941		580		
15		中信建投	1,831		339		
16		光大期货	1,717		250		
17		宝城期货	1,605		822		
18		浙商期货	1,595		684		
19		大有期货	1,276		173		
20		国投安信	1,268		784		
总计				75,330		22,565		

名次		会员简称	持买单量	增减		
1		浙商期货	3,063		323		
2		银河期货	3,009		579		
3		东证期货	1,372		-43		
4		永安期货	1,317		-912		
5		申银万国	1,292		385		
6		五矿经易	1,090		-112		
7		招商期货	1,055		58		
8		华安期货	956		80		
9		海通期货	892		-427		
10		中信期货	799		38		
11		招金期货	749		105		
12		中信建投	726		-27		
13		上海中期	684		27		
14		华泰期货	645		-269		
15		冠通期货	619		-211		
16		光大期货	601		48		
17		方正中期	588		-5		
18		先锋期货	583		-43		
19		国海良时	548		16		
20		一德期货	526		63		
总计				21,114		-327		

名次		会员简称	持卖单量	增减		
1		中信期货	15,175		82		
2		国投安信	2,640		-481		
3		永安期货	1,245		-268		
4		南华期货	1,138		-1		
5		银河期货	1,002		12		
6		东证期货	989		14		
7		五矿经易	961		-1		
8		海通期货	950		-6		
9		中信建投	890		244		
10		招商期货	866		5		
11		方正中期	845		13		
12		华泰期货	773		275		
13		申银万国	640		295		
14		浙商期货	508		-108		
15		大有期货	416		-7		
16		冠通期货	348		28		
17		国泰君安	296		-5		
18		瑞达期货	229		10		
19		长城期货	227		-7		
20		上海大陆	203		-99		
总计				30,341		-5		



会员类别	总成交量	增减		
期货公司会员	75,330		22,565		

会员类别	总持买单量	增减		
期货公司会员	21,114		-327		

会员类别	总持卖单量	增减		
期货公司会员	30,341		-5		

