								大连商品交易所 成交量_买持仓_卖持仓排名	

合约代码：eb2101		Date：2020-09-22	

			期货公司会员	

名次		会员简称	成交量		增减		
1		东证期货	31,830		3,971		
2		国富期货	15,433		5,565		
3		海通期货	11,905		2,706		
4		中信期货	9,133		3,354		
5		国泰君安	8,093		1,565		
6		华泰期货	7,303		2,381		
7		中信建投	6,857		3,158		
8		永安期货	6,027		262		
9		中辉期货	5,675		1,759		
10		徽商期货	4,767		310		
11		国投安信	3,825		1,537		
12		宏源期货	3,804		1,469		
13		南华期货	3,583		1,614		
14		银河期货	3,376		1,304		
15		兴证期货	3,298		625		
16		中州期货	3,285		1,649		
17		大地期货	3,137		1,167		
18		方正中期	2,991		-241		
19		国海良时	2,895		1,663		
20		申银万国	2,574		53		
总计				139,791		35,871		

名次		会员简称	持买单量	增减		
1		信达期货	11,492		-1,114		
2		永安期货	11,222		-830		
3		一德期货	5,360		321		
4		天风期货	4,706		342		
5		浙商期货	4,403		-4		
6		中信建投	3,442		-1,684		
7		徽商期货	3,296		-445		
8		东证期货	3,275		352		
9		北京首创	2,908		-12		
10		中信期货	2,257		-1,041		
11		国投安信	2,077		-390		
12		南华期货	1,821		875		
13		福能期货	1,611		-516		
14		银河期货	1,541		-24		
15		华融融达	1,448		-431		
16		海通期货	1,441		458		
17		大地期货	1,382		-159		
18		方正中期	1,376		-441		
19		华泰期货	1,364		-717		
20		广发期货	1,203		-550		
总计				67,625		-6,010		

名次		会员简称	持卖单量	增减		
1		永安期货	8,119		-857		
2		中信期货	7,664		396		
3		银河期货	5,460		-396		
4		国投安信	5,278		-595		
5		东证期货	5,214		-398		
6		华泰期货	4,295		-508		
7		浙商期货	4,013		-463		
8		华融融达	3,865		-218		
9		国泰君安	2,888		387		
10		中银期货	2,747		-317		
11		中财期货	2,180		73		
12		新湖期货	1,985		-1,517		
13		五矿经易	1,865		-165		
14		南华期货	1,819		-844		
15		国贸期货	1,728		-499		
16		东海期货	1,672		-225		
17		建信期货	1,608		-54		
18		兴证期货	1,607		536		
19		鲁证期货	1,434		-38		
20		国元期货	1,312		-103		
总计				66,753		-5,805		



会员类别	总成交量	增减		
期货公司会员	139,791		35,871		

会员类别	总持买单量	增减		
期货公司会员	67,625		-6,010		

会员类别	总持卖单量	增减		
期货公司会员	66,753		-5,805		

