								大连商品交易所 成交量_买持仓_卖持仓排名	

合约代码：rr2012		Date：2020-10-23	

			期货公司会员	

名次		会员简称	成交量		增减		
1		东证期货	14,263		7,444		
2		海通期货	5,172		2,830		
3		美尔雅期货	3,687		1,373		
4		鲁证期货	3,596		2,409		
5		国海良时	3,214		-402		
6		方正中期	3,196		1,070		
7		永安期货	3,102		1,240		
8		光大期货	2,989		726		
9		国泰君安	2,882		1,238		
10		浙商期货	2,557		859		
11		申银万国	2,532		522		
12		中原期货	2,317		720		
13		格林大华	2,173		911		
14		中信建投	2,067		1,248		
15		徽商期货	2,053		1,271		
16		安粮期货	2,008		1,881		
17		国投安信	1,850		1,276		
18		五矿经易	1,811		-417		
19		华安期货	1,655		1,305		
20		上海东亚	1,255		-1,021		
总计				64,379		26,483		

名次		会员简称	持买单量	增减		
1		宏源期货	1,765		-286		
2		五矿经易	1,452		-65		
3		永安期货	1,325		-295		
4		国泰君安	1,315		280		
5		方正中期	1,105		285		
6		东证期货	1,036		-423		
7		安粮期货	904		-394		
8		浙商期货	839		135		
9		国海良时	826		140		
10		津投期货	666		0		
11		中原期货	512		-3		
12		申银万国	475		143		
13		渤海期货	382		355		
14		瑞达期货	381		-10		
15		光大期货	360		-24		
16		海通期货	347		-5		
17		中信建投	342		-9		
18		东航期货	305		-21		
19		徽商期货	273		-57		
20		东方财富	240		122		
总计				14,850		-132		

名次		会员简称	持卖单量	增减		
1		五矿经易	1,777		12		
2		国投安信	1,719		-91		
3		鲁证期货	1,499		386		
4		永安期货	1,227		-145		
5		东证期货	1,189		-220		
6		渤海期货	1,110		126		
7		国泰君安	1,043		216		
8		中信期货	992		203		
9		方正中期	943		189		
10		海通期货	932		-29		
11		浙商期货	631		-2		
12		东方财富	611		95		
13		光大期货	529		13		
14		长江期货	515		-35		
15		中原期货	504		2		
16		中投期货	419		293		
17		国海良时	404		-2		
18		兴证期货	303		55		
19		东海期货	277		272		
20		华泰期货	204		-111		
总计				16,828		1,227		



会员类别	总成交量	增减		
期货公司会员	64,379		26,483		

会员类别	总持买单量	增减		
期货公司会员	14,850		-132		

会员类别	总持卖单量	增减		
期货公司会员	16,828		1,227		

