								大连商品交易所 成交量_买持仓_卖持仓排名	

合约代码：pg2011		Date：2020-10-23	

			期货公司会员	

名次		会员简称	成交量		增减		
1		华泰期货	21,379		-3,346		
2		中信期货	7,770		1,771		
3		国富期货	7,530		-1,153		
4		海通期货	5,691		-2,162		
5		兴证期货	5,294		514		
6		申银万国	4,769		-1,577		
7		东证期货	4,704		684		
8		徽商期货	4,495		-1,549		
9		东海期货	3,613		-439		
10		华闻期货	3,508		-51		
11		光大期货	3,304		-576		
12		锦泰期货	3,187		394		
13		宏源期货	2,919		902		
14		银河期货	2,890		-1,449		
15		方正中期	2,820		-689		
16		华安期货	2,537		-1,530		
17		国泰君安	2,511		69		
18		长安期货	1,999		911		
19		中辉期货	1,803		-434		
20		财信期货	1,740		-360		
总计				94,463		-10,070		

名次		会员简称	持买单量	增减		
1		永安期货	3,576		-86		
2		浙商期货	722		-117		
3		华泰期货	552		-289		
4		宏源期货	512		82		
5		中信期货	456		-56		
6		瑞达期货	433		-70		
7		光大期货	406		-92		
8		中粮期货	371		-3		
9		申银万国	367		155		
10		广发期货	356		-34		
11		国泰君安	339		-15		
12		五矿经易	320		53		
13		混沌天成	313		-11		
14		海通期货	298		74		
15		中信建投	280		-27		
16		徽商期货	280		-27		
17		方正中期	278		-288		
18		银河期货	260		-176		
19		兴证期货	242		91		
20		中辉期货	212		-4		
总计				10,573		-840		

名次		会员简称	持卖单量	增减		
1		华安期货	1,400		-38		
2		银河期货	1,100		-244		
3		永安期货	954		51		
4		兴业期货	835		-29		
5		中信期货	693		84		
6		方正中期	682		-792		
7		国泰君安	601		-6		
8		广发期货	586		154		
9		中大期货	581		9		
10		福能期货	529		-4		
11		国投安信	495		18		
12		国贸期货	445		36		
13		华泰期货	409		-284		
14		一德期货	336		51		
15		鲁证期货	316		-1		
16		平安期货	282		6		
17		东证期货	277		-249		
18		东方财富	276		2		
19		光大期货	262		64		
20		浙商期货	228		0		
总计				11,287		-1,172		



会员类别	总成交量	增减		
期货公司会员	94,463		-10,070		

会员类别	总持买单量	增减		
期货公司会员	10,573		-840		

会员类别	总持卖单量	增减		
期货公司会员	11,287		-1,172		

