								大连商品交易所 成交量_买持仓_卖持仓排名	

合约代码：pg2012		Date：2020-10-23	

			期货公司会员	

名次		会员简称	成交量		增减		
1		华泰期货	26,241		1,748		
2		东证期货	7,160		549		
3		方正中期	6,532		1,595		
4		中信期货	4,660		-56		
5		东海期货	4,347		-148		
6		光大期货	4,160		287		
7		海通期货	4,146		748		
8		锦泰期货	3,627		113		
9		宏源期货	3,616		1,916		
10		中信建投	3,177		-491		
11		国富期货	3,050		-1,340		
12		申银万国	2,737		835		
13		银河期货	2,588		-447		
14		华西期货	2,558		561		
15		徽商期货	2,371		-1,063		
16		瑞达期货	2,287		-512		
17		财信期货	2,239		-750		
18		五矿经易	2,159		55		
19		华安期货	2,154		394		
20		国泰君安	2,132		325		
总计				91,941		4,319		

名次		会员简称	持买单量	增减		
1		永安期货	2,513		-97		
2		申银万国	2,345		-195		
3		中信期货	1,847		31		
4		五矿经易	1,348		5		
5		华泰期货	1,336		679		
6		国海良时	1,236		82		
7		招金期货	1,189		187		
8		东证期货	1,111		-117		
9		方正中期	1,105		363		
10		瑞达期货	1,099		201		
11		招商期货	1,085		27		
12		中信建投	1,074		217		
13		浙商期货	985		-122		
14		华安期货	909		79		
15		银河期货	819		210		
16		一德期货	791		-69		
17		海通期货	736		-159		
18		徽商期货	697		61		
19		国泰君安	692		50		
20		宝城期货	685		476		
总计				23,602		1,909		

名次		会员简称	持卖单量	增减		
1		中信期货	12,720		185		
2		永安期货	3,705		98		
3		广发期货	2,922		-57		
4		国投安信	2,356		520		
5		申银万国	2,245		-24		
6		东证期货	1,502		75		
7		南华期货	1,369		-4		
8		五矿经易	1,284		-94		
9		银河期货	1,106		282		
10		浙商期货	989		97		
11		招商期货	941		75		
12		国泰君安	603		-62		
13		宏源期货	375		176		
14		方正中期	365		131		
15		瑞达期货	362		34		
16		冠通期货	354		14		
17		新晟期货	351		115		
18		中粮期货	342		-59		
19		海通期货	300		-33		
20		东海期货	295		109		
总计				34,486		1,578		



会员类别	总成交量	增减		
期货公司会员	91,941		4,319		

会员类别	总持买单量	增减		
期货公司会员	23,602		1,909		

会员类别	总持卖单量	增减		
期货公司会员	34,486		1,578		

