								大连商品交易所 成交量_买持仓_卖持仓排名	

合约代码：eg2101		Date：2020-10-23	

			期货公司会员	

名次		会员简称	成交量		增减		
1		东证期货	69,039		3,908		
2		国富期货	25,032		-5,149		
3		国泰君安	21,466		-1,054		
4		中信期货	20,417		-1,437		
5		华泰期货	14,508		-289		
6		东吴期货	10,210		872		
7		海通期货	8,930		-4,952		
8		方正中期	8,700		1,177		
9		浙商期货	7,211		327		
10		徽商期货	6,879		-905		
11		银河期货	6,458		-602		
12		申银万国	6,378		1,279		
13		兴证期货	5,929		1,012		
14		华安期货	5,707		677		
15		永安期货	5,400		-661		
16		新湖期货	4,860		-320		
17		华西期货	4,469		788		
18		国元期货	4,418		658		
19		中辉期货	4,360		-563		
20		宏源期货	4,191		-3		
总计				244,562		-5,237		

名次		会员简称	持买单量	增减		
1		信达期货	11,185		97		
2		通惠期货	7,408		-564		
3		永安期货	6,827		-328		
4		华泰期货	5,695		-1,709		
5		宏源期货	5,522		-295		
6		兴业期货	5,461		576		
7		建信期货	5,306		-45		
8		东证期货	5,305		-458		
9		华闻期货	5,136		-48		
10		中信期货	5,089		-422		
11		方正中期	5,055		489		
12		弘业期货	4,829		887		
13		新湖期货	4,568		-421		
14		一德期货	4,497		9		
15		国泰君安	4,419		-417		
16		中信建投	4,298		-1,105		
17		国投安信	4,246		-31		
18		华安期货	3,673		116		
19		东吴期货	3,146		21		
20		平安期货	3,137		82		
总计				104,802		-3,566		

名次		会员简称	持卖单量	增减		
1		永安期货	23,474		-206		
2		国贸期货	9,470		241		
3		瑞达期货	9,398		-74		
4		银河期货	9,267		-467		
5		中信期货	7,126		-173		
6		国泰君安	6,695		-1,045		
7		国投安信	5,800		-298		
8		宝城期货	5,765		-47		
9		东吴期货	5,581		189		
10		国元期货	4,264		-119		
11		鲁证期货	4,048		-438		
12		天风期货	3,990		-104		
13		华泰期货	3,930		-233		
14		南华期货	3,766		-16		
15		申银万国	3,761		-228		
16		兴业期货	3,499		137		
17		广州期货	3,300		-1,179		
18		国海良时	2,884		-75		
19		宏源期货	2,861		-546		
20		光大期货	2,810		-137		
总计				121,689		-4,818		



会员类别	总成交量	增减		
期货公司会员	244,562		-5,237		

会员类别	总持买单量	增减		
期货公司会员	104,802		-3,566		

会员类别	总持卖单量	增减		
期货公司会员	121,689		-4,818		

