								大连商品交易所 成交量_买持仓_卖持仓排名	

合约代码：m2107		Date：2020-10-23	

			期货公司会员	

名次		会员简称	成交量		增减		
1		国富期货	38,297		13,854		
2		申银万国	37,750		6,975		
3		银河期货	34,216		4,566		
4		徽商期货	34,201		4,838		
5		中州期货	33,935		33,793		
6		金瑞期货	30,844		12,619		
7		一德期货	27,534		15,039		
8		美尔雅期货	27,454		-1,451		
9		国泰君安	24,142		5,726		
10		冠通期货	19,327		12,618		
11		中辉期货	18,786		8,943		
12		国信期货	13,809		2,464		
13		东证期货	13,633		124		
14		兴业期货	8,862		-162		
15		光大期货	6,155		1,361		
16		华闻期货	5,980		810		
17		中天期货	5,560		-489		
18		锦泰期货	4,195		603		
19		鲁证期货	2,453		414		
20		国海良时	2,099		1,512		
总计				389,232		124,157		

名次		会员简称	持买单量	增减		
1		申银万国	3,004		-50		
2		海通期货	1,916		124		
3		国投安信	1,628		18		
4		招商期货	1,522		263		
5		鲁证期货	1,258		39		
6		新湖期货	1,106		49		
7		五矿经易	1,098		-83		
8		格林大华	1,006		1		
9		冠通期货	929		-21		
10		浙商期货	908		9		
11		徽商期货	857		-93		
12		国泰君安	827		22		
13		瑞达期货	790		-303		
14		中辉期货	673		78		
15		西南期货	663		-9		
16		中投期货	604		-27		
17		中信期货	595		-115		
18		国海良时	593		-19		
19		中州期货	531		75		
20		银河期货	529		31		
总计				21,037		-11		

名次		会员简称	持卖单量	增减		
1		安粮期货	7,117		1		
2		申银万国	2,619		-46		
3		摩根大通	2,563		218		
4		国元期货	2,281		-673		
5		海通期货	1,718		-13		
6		国投安信	1,622		17		
7		招商期货	1,523		271		
8		鲁证期货	1,170		-4		
9		五矿经易	1,071		0		
10		格林大华	1,000		0		
11		冠通期货	929		-60		
12		浙商期货	725		19		
13		平安期货	605		1		
14		国泰君安	461		16		
15		一德期货	409		55		
16		宏源期货	350		-174		
17		国海良时	318		2		
18		新湖期货	278		-4		
19		锦泰期货	249		158		
20		国富期货	134		44		
总计				27,142		-172		



会员类别	总成交量	增减		
期货公司会员	389,232		124,157		

会员类别	总持买单量	增减		
期货公司会员	21,037		-11		

会员类别	总持卖单量	增减		
期货公司会员	27,142		-172		

