								大连商品交易所 成交量_买持仓_卖持仓排名	

合约代码：c2101		Date：2020-10-23	

			期货公司会员	

名次		会员简称	成交量		增减		
1		国泰君安	134,997		-38,604		
2		华泰期货	102,708		-2,995		
3		东证期货	97,275		-19,950		
4		国富期货	46,256		7,128		
5		光大期货	42,600		-960		
6		天风期货	39,197		14,139		
7		广州金控	30,103		27,135		
8		中信建投	25,083		3,835		
9		永安期货	24,274		-625		
10		中信期货	21,961		-5,164		
11		北京首创	21,783		-2,633		
12		中辉期货	20,128		-2,248		
13		国盛期货	19,254		16,959		
14		徽商期货	17,496		-1,792		
15		冠通期货	16,578		4,612		
16		国投安信	16,156		5,019		
17		广发期货	16,074		2,943		
18		银河期货	15,849		-3,985		
19		海通期货	14,614		-18,736		
20		华西期货	14,273		-4,715		
总计				736,659		-20,637		

名次		会员简称	持买单量	增减		
1		永安期货	167,518		-1,836		
2		东证期货	73,193		-2,894		
3		国泰君安	70,542		3,254		
4		五矿经易	61,195		-1,549		
5		国投安信	52,761		-990		
6		中粮期货	50,708		-1		
7		中信期货	50,665		1,633		
8		光大期货	50,659		-1,821		
9		东兴期货	47,751		-573		
10		华融融达	44,747		137		
11		鲁证期货	32,914		-173		
12		一德期货	32,084		-1,749		
13		国富期货	30,827		203		
14		东吴期货	30,276		-828		
15		申银万国	29,123		1,363		
16		国盛期货	26,878		-18,927		
17		海证期货	26,662		-593		
18		北京首创	24,931		-11,721		
19		山西三立	23,644		-45		
20		华泰期货	19,327		1,554		
总计				946,405		-35,556		

名次		会员简称	持卖单量	增减		
1		中粮期货	202,506		-66		
2		中信期货	101,500		-338		
3		南华期货	68,647		-593		
4		光大期货	62,260		1,903		
5		国泰君安	58,472		-1,089		
6		永安期货	56,245		66		
7		国投安信	49,865		-9,172		
8		中辉期货	46,380		-10,368		
9		中国国际	40,175		97		
10		建信期货	32,541		-121		
11		国富期货	31,432		277		
12		浙商期货	29,994		-1,565		
13		广发期货	26,395		446		
14		东证期货	25,800		-2,251		
15		国贸期货	23,897		-57		
16		华泰期货	21,395		-3,506		
17		华安期货	20,783		-1,051		
18		民生期货	18,813		-198		
19		信达期货	16,525		415		
20		鲁证期货	15,935		523		
总计				949,560		-26,648		



会员类别	总成交量	增减		
期货公司会员	736,659		-20,637		

会员类别	总持买单量	增减		
期货公司会员	946,405		-35,556		

会员类别	总持卖单量	增减		
期货公司会员	949,560		-26,648		

