								大连商品交易所 成交量_买持仓_卖持仓排名	

合约代码：cs2107		Date：2021-06-08	

			期货公司会员	

名次		会员简称	成交量		增减		
1		东证期货	60,395		-15,925		
2		华泰期货	31,175		5,612		
3		中信期货	20,084		-10,682		
4		国富期货	14,739		-4,467		
5		光大期货	10,129		1,423		
6		海通期货	9,334		-11,811		
7		银河期货	8,969		-598		
8		申银万国	8,926		-4,380		
9		国泰君安	8,761		-1,663		
10		徽商期货	7,688		-528		
11		东方财富	6,644		-672		
12		兴证期货	6,058		-685		
13		华闻期货	5,746		1,287		
14		国投安信	5,437		2,588		
15		广发期货	4,915		-422		
16		东吴期货	4,461		-1,016		
17		广州金控	4,203		3,826		
18		长江期货	3,858		872		
19		宏源期货	3,854		677		
20		华安期货	3,625		-260		
总计				229,001		-36,824		

名次		会员简称	持买单量	增减		
1		中信期货	13,332		-5		
2		华泰期货	7,068		1,140		
3		国泰君安	6,995		1,117		
4		国富期货	6,003		-132		
5		中粮期货	4,799		57		
6		北京首创	4,290		1,093		
7		国投安信	4,179		2,450		
8		广发期货	3,696		2,009		
9		东证期货	3,216		-25		
10		永安期货	2,621		379		
11		银河期货	2,459		-522		
12		中融汇信	2,375		836		
13		五矿经易	2,006		216		
14		国金期货	1,790		537		
15		东兴期货	1,725		-9		
16		东吴期货	1,694		252		
17		方正中期	1,530		245		
18		上海大陆	1,493		128		
19		鲁证期货	1,161		127		
20		东方财富	1,055		114		
总计				73,487		10,007		

名次		会员简称	持卖单量	增减		
1		中信期货	11,584		817		
2		华泰期货	4,904		587		
3		国泰君安	4,591		-522		
4		国富期货	4,431		-47		
5		兴证期货	4,348		279		
6		银河期货	3,446		1,005		
7		宏源期货	3,412		1,021		
8		东证期货	2,835		-156		
9		鲁证期货	1,928		289		
10		海通期货	1,919		456		
11		东吴期货	1,846		-337		
12		上海中期	1,786		412		
13		金元期货	1,617		27		
14		东航期货	1,601		645		
15		中信建投	1,571		-26		
16		招商期货	1,487		-184		
17		海证期货	1,450		-196		
18		永安期货	1,370		256		
19		方正中期	1,357		231		
20		倍特期货	1,291		1,221		
总计				58,774		5,778		



会员类别	总成交量	增减		
期货公司会员	229,001		-36,824		

会员类别	总持买单量	增减		
期货公司会员	73,487		10,007		

会员类别	总持卖单量	增减		
期货公司会员	58,774		5,778		

