								大连商品交易所 成交量_买持仓_卖持仓排名	

合约代码：pp2111		Date：2021-06-08	

			期货公司会员	

名次		会员简称	成交量		增减		
1		国投安信	3,259		-2,499		
2		中信期货	1,883		-1,235		
3		东证期货	1,614		-695		
4		东海期货	1,606		-694		
5		五矿经易	1,074		-1,134		
6		南华期货	844		-1,557		
7		中粮期货	818		-1,242		
8		恒泰期货	782		-1,324		
9		海证期货	748		-1,292		
10		国泰君安	727		-1,307		
11		申银万国	715		-1,173		
12		国海良时	618		-1,685		
13		华闻期货	610		-567		
14		锦泰期货	603		-522		
15		国富期货	553		-367		
16		建信期货	540		540		
17		安粮期货	490		-835		
18		国信期货	432		397		
19		华泰期货	386		160		
20		英大期货	200		200		
总计				18,502		-16,831		

名次		会员简称	持买单量	增减		
1		国投安信	5,127		-2		
2		东证期货	3,993		0		
3		申银万国	3,082		-9		
4		中信期货	2,883		16		
5		南华期货	1,814		2		
6		国富期货	1,632		-51		
7		海通期货	1,526		-6		
8		国信期货	1,385		0		
9		华安期货	1,279		0		
10		海证期货	1,119		-41		
11		宏源期货	1,049		1		
12		恒泰期货	1,021		2		
13		中粮期货	966		2		
14		五矿经易	905		228		
15		华泰期货	795		0		
16		鲁证期货	793		0		
17		银河期货	732		-24		
18		华西期货	724		0		
19		光大期货	715		-13		
20		新湖期货	709		0		
总计				32,249		105		

名次		会员简称	持卖单量	增减		
1		国投安信	5,123		-3		
2		东证期货	4,041		-20		
3		申银万国	3,083		-10		
4		中信期货	2,780		-3		
5		南华期货	1,804		2		
6		海通期货	1,792		-101		
7		国富期货	1,659		-76		
8		国信期货	1,402		0		
9		海证期货	1,119		-41		
10		国海良时	1,048		364		
11		恒泰期货	1,021		2		
12		五矿经易	989		216		
13		中粮期货	967		2		
14		华泰期货	962		-70		
15		鲁证期货	788		-5		
16		华安期货	753		0		
17		安粮期货	747		204		
18		华西期货	724		0		
19		新湖期货	709		-1		
20		中财期货	633		-1		
总计				32,144		459		



会员类别	总成交量	增减		
期货公司会员	18,502		-16,831		

会员类别	总持买单量	增减		
期货公司会员	32,249		105		

会员类别	总持卖单量	增减		
期货公司会员	32,144		459		

