								大连商品交易所 成交量_买持仓_卖持仓排名	

合约代码：a2109		Date：2021-06-08	

			期货公司会员	

名次		会员简称	成交量		增减		
1		东证期货	43,158		13,039		
2		华泰期货	31,936		2,004		
3		中信期货	20,078		1,571		
4		海通期货	17,502		1,926		
5		国泰君安	16,129		2,215		
6		国富期货	13,648		3,909		
7		光大期货	13,348		3,989		
8		兴证期货	12,424		4,909		
9		南华期货	8,617		861		
10		方正中期	8,057		1,814		
11		银河期货	7,943		284		
12		东吴期货	7,748		1,701		
13		海航期货	6,759		-2,727		
14		平安期货	6,115		1,389		
15		永安期货	6,082		2,304		
16		申银万国	5,360		-80		
17		国信期货	5,145		2,251		
18		北京首创	4,188		2,263		
19		徽商期货	4,167		624		
20		宏源期货	4,098		1,499		
总计				242,502		45,745		

名次		会员简称	持买单量	增减		
1		中信期货	17,676		655		
2		东证期货	6,602		1,951		
3		国投安信	6,287		483		
4		光大期货	5,139		1,640		
5		国泰君安	4,531		-157		
6		一德期货	4,454		913		
7		信达期货	3,332		113		
8		浙商期货	2,537		117		
9		招金期货	2,202		289		
10		南华期货	2,155		93		
11		申银万国	2,102		62		
12		永安期货	2,042		279		
13		兴证期货	2,018		-266		
14		深圳金汇	2,000		0		
15		宏源期货	1,596		152		
16		瑞达期货	1,431		-6		
17		中粮期货	1,259		42		
18		银河期货	1,124		-209		
19		北京首创	945		243		
20		中辉期货	934		-68		
总计				70,366		6,326		

名次		会员简称	持卖单量	增减		
1		中信期货	9,020		1,009		
2		国泰君安	7,689		880		
3		海通期货	6,064		565		
4		银河期货	5,839		880		
5		国投安信	5,063		-116		
6		兴证期货	3,786		94		
7		华泰期货	3,687		545		
8		东证期货	3,033		-671		
9		一德期货	2,996		-44		
10		宏源期货	2,856		472		
11		永安期货	2,592		-9		
12		申银万国	1,675		-22		
13		中投期货	1,659		412		
14		东吴期货	1,648		802		
15		海证期货	1,562		300		
16		光大期货	1,443		148		
17		华安期货	1,443		-966		
18		北京首创	1,424		-35		
19		鲁证期货	1,288		162		
20		招商期货	1,196		44		
总计				65,963		4,450		



会员类别	总成交量	增减		
期货公司会员	242,502		45,745		

会员类别	总持买单量	增减		
期货公司会员	70,366		6,326		

会员类别	总持卖单量	增减		
期货公司会员	65,963		4,450		

