								大连商品交易所 成交量_买持仓_卖持仓排名	

合约代码：m2205		Date：2021-06-08	

			期货公司会员	

名次		会员简称	成交量		增减		
1		华闻期货	5,269		212		
2		迈科期货	2,338		145		
3		中信建投	1,351		562		
4		大地期货	1,037		1,030		
5		海通期货	945		176		
6		光大期货	706		-158		
7		美尔雅期货	559		-724		
8		国富期货	549		352		
9		国泰君安	430		101		
10		天风期货	394		-192		
11		徽商期货	387		86		
12		东证期货	371		209		
13		宏源期货	311		-286		
14		中信期货	304		-169		
15		安粮期货	267		-132		
16		兴证期货	250		124		
17		创元期货	214		160		
18		广发期货	207		29		
19		建信期货	200		119		
20		瑞达期货	182		18		
总计				16,271		1,662		

名次		会员简称	持买单量	增减		
1		国泰君安	1,812		278		
2		银河期货	1,603		-2		
3		财信期货	1,167		-15		
4		大地期货	1,002		1,001		
5		光大期货	843		-10		
6		山西三立	735		-20		
7		中信建投	702		-1,311		
8		海证期货	662		23		
9		宏源期货	576		-4		
10		先锋期货	538		31		
11		方正中期	426		12		
12		中粮期货	403		-62		
13		弘业期货	392		12		
14		格林大华	353		54		
15		东航期货	333		5		
16		中州期货	304		-7		
17		东海期货	275		4		
18		先融期货	274		0		
19		华安期货	251		19		
20		徽商期货	226		11		
总计				12,877		19		

名次		会员简称	持卖单量	增减		
1		广发期货	7,669		4		
2		中天期货	1,625		0		
3		东证期货	1,183		-21		
4		美尔雅期货	1,048		18		
5		国泰君安	1,046		-14		
6		一德期货	1,006		0		
7		国富期货	711		-535		
8		永安期货	626		-2		
9		五矿经易	268		-55		
10		福能期货	245		0		
11		兴证期货	209		163		
12		中信期货	202		-1		
13		华闻期货	180		-9		
14		中辉期货	152		0		
15		上海中期	142		0		
16		信达期货	135		0		
17		东航期货	118		22		
18		天风期货	110		-3		
19		瑞达期货	110		46		
20		中州期货	101		1		
总计				16,886		-386		



会员类别	总成交量	增减		
期货公司会员	16,271		1,662		

会员类别	总持买单量	增减		
期货公司会员	12,877		19		

会员类别	总持卖单量	增减		
期货公司会员	16,886		-386		

