								大连商品交易所 成交量_买持仓_卖持仓排名	

合约代码：c2203		Date：2021-06-08	

			期货公司会员	

名次		会员简称	成交量		增减		
1		国泰君安	14,257		2,860		
2		华闻期货	13,334		4,590		
3		东证期货	7,920		22		
4		南华期货	6,781		5,482		
5		中信期货	4,136		670		
6		光大期货	3,874		544		
7		海通期货	3,337		857		
8		弘业期货	3,302		-671		
9		银河期货	2,995		1,317		
10		华泰期货	2,771		1,419		
11		浙商期货	2,646		1,473		
12		五矿经易	2,528		323		
13		申银万国	2,379		354		
14		鲁证期货	1,872		293		
15		永安期货	1,726		258		
16		国富期货	1,383		-1		
17		物产中大	1,332		29		
18		国海良时	876		-177		
19		中信建投	807		786		
20		大有期货	188		-37		
总计				78,444		20,391		

名次		会员简称	持买单量	增减		
1		国泰君安	7,474		13		
2		中信期货	3,693		127		
3		浙商期货	2,547		19		
4		海通期货	2,518		4		
5		申银万国	2,435		11		
6		东证期货	2,295		-6		
7		五矿经易	2,067		153		
8		物产中大	1,911		0		
9		摩根大通	1,830		0		
10		南华期货	1,819		8		
11		弘业期货	1,814		304		
12		银河期货	1,594		4		
13		鲁证期货	1,404		427		
14		国富期货	1,362		0		
15		永安期货	1,260		25		
16		国海良时	822		-9		
17		华闻期货	571		-34		
18		兴证期货	273		4		
19		华融融达	190		0		
20		中粮期货	116		1		
总计				37,995		1,051		

名次		会员简称	持卖单量	增减		
1		国泰君安	7,478		12		
2		中信期货	3,720		149		
3		浙商期货	2,536		13		
4		海通期货	2,514		-33		
5		申银万国	2,431		14		
6		东证期货	2,324		-14		
7		弘业期货	1,992		286		
8		物产中大	1,916		0		
9		南华期货	1,821		7		
10		银河期货	1,691		7		
11		五矿经易	1,512		153		
12		鲁证期货	1,492		427		
13		永安期货	1,479		23		
14		国富期货	1,399		13		
15		国海良时	827		-1		
16		华闻期货	545		-174		
17		华泰期货	523		-42		
18		大有期货	402		172		
19		平安期货	271		0		
20		华金期货	241		-78		
总计				37,114		934		



会员类别	总成交量	增减		
期货公司会员	78,444		20,391		

会员类别	总持买单量	增减		
期货公司会员	37,995		1,051		

会员类别	总持卖单量	增减		
期货公司会员	37,114		934		

