								大连商品交易所 成交量_买持仓_卖持仓排名	

合约代码：pp2112		Date：2021-06-08	

			期货公司会员	

名次		会员简称	成交量		增减		
1		东海期货	2,488		-3,032		
2		国富期货	2,162		-567		
3		五矿经易	1,335		-890		
4		锦泰期货	1,031		-686		
5		华闻期货	891		-939		
6		南华期货	654		-642		
7		恒泰期货	603		-1,698		
8		海证期货	602		-586		
9		中粮期货	600		-634		
10		中信期货	574		-378		
11		国泰君安	532		-1,748		
12		申银万国	466		-580		
13		西南期货	277		271		
14		国信期货	264		264		
15		安粮期货	194		-171		
16		东证期货	152		144		
17		鲁证期货	142		-331		
18		银河期货	102		81		
19		一德期货	84		22		
20		格林大华	73		-136		
总计				13,226		-12,236		

名次		会员简称	持买单量	增减		
1		中信期货	3,011		250		
2		中信建投	2,205		0		
3		申银万国	1,926		234		
4		五矿经易	1,838		273		
5		国富期货	1,751		-145		
6		海证期货	1,553		73		
7		恒泰期货	1,205		4		
8		国泰君安	1,069		11		
9		南华期货	1,065		-1		
10		中粮期货	1,052		1		
11		瑞达期货	369		0		
12		宝城期货	254		0		
13		国信期货	200		0		
14		浙商期货	158		12		
15		安粮期货	125		-174		
16		永安期货	117		44		
17		方正中期	70		5		
18		金瑞期货	50		0		
19		光大期货	40		0		
20		大越期货	32		0		
总计				18,090		587		

名次		会员简称	持卖单量	增减		
1		中信期货	3,022		250		
2		中信建投	2,229		0		
3		申银万国	1,930		232		
4		五矿经易	1,893		240		
5		国富期货	1,756		-139		
6		海证期货	1,561		83		
7		恒泰期货	1,201		-1		
8		国泰君安	1,075		-1		
9		中粮期货	1,052		1		
10		南华期货	1,050		-1		
11		西南期货	362		277		
12		东航期货	277		-46		
13		国信期货	200		0		
14		方正中期	177		-32		
15		平安期货	151		0		
16		一德期货	135		-36		
17		银河期货	48		0		
18		国金期货	45		45		
19		华闻期货	45		-180		
20		东证期货	29		4		
总计				18,238		696		



会员类别	总成交量	增减		
期货公司会员	13,226		-12,236		

会员类别	总持买单量	增减		
期货公司会员	18,090		587		

会员类别	总持卖单量	增减		
期货公司会员	18,238		696		

