								大连商品交易所 成交量_买持仓_卖持仓排名	

合约代码：m2111		Date：2021-06-08	

			期货公司会员	

名次		会员简称	成交量		增减		
1		东证期货	16,627		3,765		
2		中信建投	5,301		2,043		
3		国元期货	4,876		1,182		
4		国投安信	4,413		774		
5		五矿经易	3,312		708		
6		浙商期货	3,084		710		
7		国泰君安	2,906		-904		
8		鲁证期货	2,859		136		
9		海通期货	2,011		96		
10		华闻期货	1,933		-307		
11		南华期货	1,810		348		
12		国富期货	1,794		-1,618		
13		锦泰期货	1,749		400		
14		国海良时	1,578		452		
15		华泰期货	1,467		-3,832		
16		招商期货	1,341		221		
17		申银万国	1,062		324		
18		弘业期货	1,010		190		
19		华安期货	626		271		
20		光大期货	571		-434		
总计				60,330		4,525		

名次		会员简称	持买单量	增减		
1		华泰期货	4,237		16		
2		安粮期货	3,876		5		
3		光大期货	1,925		-94		
4		中粮期货	1,136		216		
5		五矿经易	971		652		
6		申银万国	948		427		
7		鲁证期货	923		663		
8		东证期货	876		35		
9		中信建投	831		403		
10		国投安信	777		-12		
11		海通期货	717		-3		
12		国泰君安	708		-39		
13		中州期货	618		108		
14		国富期货	546		0		
15		浙商期货	463		-24		
16		摩根大通	437		0		
17		国元期货	392		21		
18		东海期货	375		0		
19		永安期货	345		163		
20		南华期货	314		7		
总计				21,415		2,544		

名次		会员简称	持卖单量	增减		
1		华泰期货	4,487		-11		
2		弘业期货	2,586		-100		
3		先锋期货	1,822		224		
4		国泰君安	1,318		-107		
5		鲁证期货	1,007		686		
6		申银万国	1,002		449		
7		五矿经易	952		652		
8		海通期货	878		-2		
9		平安期货	868		-3		
10		中信建投	820		404		
11		徽商期货	806		-4		
12		银河期货	731		-4		
13		海证期货	542		6		
14		南华期货	540		7		
15		国投安信	517		-1		
16		浙商期货	463		6		
17		招商期货	382		19		
18		东海期货	380		-7		
19		国元期货	367		1		
20		国海良时	350		-15		
总计				20,818		2,200		



会员类别	总成交量	增减		
期货公司会员	60,330		4,525		

会员类别	总持买单量	增减		
期货公司会员	21,415		2,544		

会员类别	总持卖单量	增减		
期货公司会员	20,818		2,200		

