								大连商品交易所 成交量_买持仓_卖持仓排名	

合约代码：i2202		Date：2021-06-08	

			期货公司会员	

名次		会员简称	成交量		增减		
1		东证期货	3,334		-213		
2		国泰君安	1,423		-690		
3		浙商期货	1,328		150		
4		申银万国	1,267		36		
5		中财期货	1,227		505		
6		江苏东华	1,100		-546		
7		徽商期货	1,053		926		
8		光大期货	979		-29		
9		浙江新世纪	688		499		
10		锦泰期货	664		135		
11		华融融达	644		3		
12		中信期货	640		-268		
13		平安期货	602		-266		
14		招商期货	568		-7		
15		兴证期货	556		258		
16		海通期货	534		-280		
17		国海良时	522		62		
18		华闻期货	484		-533		
19		五矿经易	482		126		
20		宏源期货	460		-318		
总计				18,555		-450		

名次		会员简称	持买单量	增减		
1		申银万国	7,399		269		
2		方正中期	5,491		48		
3		银河期货	4,829		89		
4		国泰君安	4,512		113		
5		弘业期货	4,265		207		
6		中信期货	2,914		147		
7		国信期货	2,823		129		
8		光大期货	2,681		-67		
9		国海良时	2,664		4		
10		创元期货	2,107		17		
11		冠通期货	2,030		0		
12		物产中大	2,024		10		
13		华安期货	1,990		3		
14		华融融达	1,952		15		
15		海通期货	1,921		12		
16		海证期货	1,764		-88		
17		中辉期货	1,762		-160		
18		东吴期货	1,711		97		
19		信达期货	1,694		-15		
20		新湖期货	1,648		4		
总计				58,181		834		

名次		会员简称	持卖单量	增减		
1		申银万国	7,451		94		
2		方正中期	5,474		49		
3		银河期货	4,504		-17		
4		弘业期货	4,290		207		
5		国泰君安	4,094		-38		
6		中信期货	2,811		155		
7		国信期货	2,767		129		
8		光大期货	2,747		22		
9		国海良时	2,641		6		
10		物产中大	2,032		-4		
11		创元期货	2,019		0		
12		冠通期货	2,018		0		
13		华安期货	1,970		-4		
14		华融融达	1,953		15		
15		海通期货	1,911		32		
16		浙商期货	1,831		15		
17		中辉期货	1,761		-146		
18		海证期货	1,746		-103		
19		东吴期货	1,714		68		
20		宏源期货	1,684		-1		
总计				57,418		479		



会员类别	总成交量	增减		
期货公司会员	18,555		-450		

会员类别	总持买单量	增减		
期货公司会员	58,181		834		

会员类别	总持卖单量	增减		
期货公司会员	57,418		479		

