								大连商品交易所 成交量_买持仓_卖持仓排名	

合约代码：i2204		Date：2021-06-08	

			期货公司会员	

名次		会员简称	成交量		增减		
1		银河期货	2,122		1,853		
2		中财期货	2,002		1,996		
3		海通期货	1,803		1,682		
4		东证期货	1,224		1,114		
5		徽商期货	615		561		
6		北京首创	540		231		
7		申银万国	446		88		
8		兴证期货	410		325		
9		中信期货	408		-100		
10		国富期货	402		-838		
11		国泰君安	320		-132		
12		江苏东华	320		320		
13		华闻期货	301		-712		
14		招商期货	219		-15		
15		国投安信	203		129		
16		中州期货	200		200		
17		浙商期货	181		-170		
18		国元期货	160		-148		
19		锦泰期货	141		-17		
20		永安期货	128		12		
总计				12,145		6,379		

名次		会员简称	持买单量	增减		
1		国泰君安	10,180		-12		
2		银河期货	6,309		1,052		
3		申银万国	4,880		46		
4		徽商期货	4,118		302		
5		长江期货	3,289		-2		
6		上海中期	2,873		-79		
7		国投安信	2,727		-10		
8		北京首创	2,707		-248		
9		中粮期货	2,676		0		
10		上海东亚	2,330		0		
11		兴证期货	2,280		8		
12		海通期货	2,130		804		
13		东吴期货	2,040		-1		
14		大地期货	1,952		0		
15		国联期货	1,943		-13		
16		中信期货	1,786		-5		
17		国海良时	1,763		0		
18		东证期货	1,614		600		
19		中财期货	1,436		999		
20		中国国际	1,376		0		
总计				60,409		3,441		

名次		会员简称	持卖单量	增减		
1		国泰君安	10,040		-26		
2		银河期货	6,701		1,044		
3		申银万国	5,258		36		
4		徽商期货	4,075		299		
5		长江期货	3,288		0		
6		国投安信	2,900		-121		
7		中粮期货	2,667		-15		
8		北京首创	2,533		-258		
9		兴证期货	2,425		128		
10		上海东亚	2,331		0		
11		海通期货	2,114		789		
12		大地期货	2,065		0		
13		东吴期货	2,009		-4		
14		上海中期	2,002		0		
15		中信期货	1,796		-1		
16		国海良时	1,789		-2		
17		国联期货	1,756		1		
18		东证期货	1,605		598		
19		中财期货	1,428		999		
20		国贸期货	1,370		0		
总计				60,152		3,467		



会员类别	总成交量	增减		
期货公司会员	12,145		6,379		

会员类别	总持买单量	增减		
期货公司会员	60,409		3,441		

会员类别	总持卖单量	增减		
期货公司会员	60,152		3,467		

