								大连商品交易所 成交量_买持仓_卖持仓排名	

合约代码：c2109		Date：2021-06-08	

			期货公司会员	

名次		会员简称	成交量		增减		
1		东证期货	207,774		5,548		
2		国泰君安	132,378		23,556		
3		国富期货	60,684		2,284		
4		华泰期货	57,430		-1,724		
5		中信期货	49,441		2,580		
6		徽商期货	32,337		14,499		
7		新湖期货	31,140		1,045		
8		光大期货	28,135		-6,365		
9		永安期货	26,581		9,196		
10		银河期货	26,463		10,149		
11		天风期货	25,032		-5,742		
12		申银万国	20,042		-3,800		
13		东方财富	13,348		912		
14		海通期货	12,520		-18,690		
15		兴证期货	12,399		81		
16		金元期货	11,857		9,519		
17		中信建投	11,097		4,200		
18		中粮期货	10,973		-4,669		
19		国盛期货	10,173		1,851		
20		宏源期货	8,837		-4,511		
总计				788,641		39,919		

名次		会员简称	持买单量	增减		
1		永安期货	93,473		1,788		
2		中信期货	63,008		-595		
3		中粮期货	31,274		4,437		
4		国泰君安	19,469		43		
5		国投安信	18,553		-1,209		
6		光大期货	17,660		-250		
7		银河期货	17,566		273		
8		东证期货	16,933		1,082		
9		宏源期货	14,393		1,135		
10		西部期货	11,695		4,909		
11		华泰期货	10,754		-758		
12		中信建投	10,413		-134		
13		浙商期货	9,202		520		
14		南华期货	9,127		-589		
15		申银万国	8,925		227		
16		鲁证期货	8,841		-76		
17		福能期货	7,417		556		
18		海通期货	6,975		313		
19		北京首创	6,109		-136		
20		徽商期货	5,950		-71		
总计				387,737		11,465		

名次		会员简称	持卖单量	增减		
1		中信期货	99,201		1,852		
2		国富期货	60,617		2,922		
3		国泰君安	32,737		4,429		
4		国投安信	32,167		1,984		
5		永安期货	22,977		-6,709		
6		华泰期货	18,490		202		
7		中粮期货	17,066		636		
8		国贸期货	16,206		942		
9		浙商期货	15,705		-558		
10		中国国际	15,139		51		
11		宝城期货	14,516		-120		
12		银河期货	14,455		-3,988		
13		摩根大通	13,243		-200		
14		光大期货	8,112		-183		
15		瑞达期货	6,900		-2,380		
16		华融融达	6,203		116		
17		兴证期货	6,200		685		
18		宏源期货	5,643		654		
19		广发期货	5,580		-711		
20		东证期货	5,465		-5,090		
总计				416,622		-5,466		



会员类别	总成交量	增减		
期货公司会员	788,641		39,919		

会员类别	总持买单量	增减		
期货公司会员	387,737		11,465		

会员类别	总持卖单量	增减		
期货公司会员	416,622		-5,466		

