								大连商品交易所 成交量_买持仓_卖持仓排名	

合约代码：a2111		Date：2021-06-08	

			期货公司会员	

名次		会员简称	成交量		增减		
1		华泰期货	9,801		-54		
2		东证期货	7,964		2,116		
3		华闻期货	6,095		2,633		
4		浙商期货	3,824		1,170		
5		中信期货	2,978		783		
6		宏源期货	2,331		67		
7		招商期货	1,951		513		
8		恒泰期货	1,834		68		
9		鲁证期货	1,785		-507		
10		申银万国	1,623		34		
11		方正中期	1,514		28		
12		瑞达期货	1,372		89		
13		中投期货	822		346		
14		光大期货	783		-42		
15		海通期货	645		352		
16		金瑞期货	569		-80		
17		南华期货	535		-50		
18		西南期货	475		262		
19		国富期货	410		381		
20		国泰君安	355		-130		
总计				47,666		7,979		

名次		会员简称	持买单量	增减		
1		东证期货	3,707		91		
2		鲁证期货	2,472		7		
3		宏源期货	2,388		-14		
4		招商期货	2,105		23		
5		光大期货	2,010		8		
6		瑞达期货	1,799		47		
7		恒泰期货	1,700		-10		
8		中信期货	1,640		2		
9		方正中期	1,596		4		
10		大有期货	1,581		0		
11		浙商期货	1,527		20		
12		深圳金汇	1,500		0		
13		西南期货	200		70		
14		中投期货	190		44		
15		国投安信	190		0		
16		美尔雅期货	151		-17		
17		银河期货	114		0		
18		招金期货	77		-1		
19		平安期货	74		53		
20		申银万国	69		1		
总计				25,090		328		

名次		会员简称	持卖单量	增减		
1		东证期货	4,205		139		
2		鲁证期货	2,544		-44		
3		宏源期货	2,362		-39		
4		招商期货	2,134		38		
5		光大期货	2,012		9		
6		瑞达期货	1,807		51		
7		中信期货	1,746		-8		
8		方正中期	1,714		54		
9		恒泰期货	1,701		-10		
10		浙商期货	1,523		6		
11		国泰君安	775		-84		
12		华安期货	326		0		
13		银河期货	277		-3		
14		中投期货	269		136		
15		华泰期货	182		119		
16		平安期货	178		24		
17		美尔雅期货	168		0		
18		国信期货	128		4		
19		金瑞期货	122		95		
20		海证期货	110		-3		
总计				24,283		484		



会员类别	总成交量	增减		
期货公司会员	47,666		7,979		

会员类别	总持买单量	增减		
期货公司会员	25,090		328		

会员类别	总持卖单量	增减		
期货公司会员	24,283		484		

