								大连商品交易所 成交量_买持仓_卖持仓排名	

合约代码：pp2110		Date：2021-06-08	

			期货公司会员	

名次		会员简称	成交量		增减		
1		国投安信	13,381		-8,824		
2		东证期货	8,156		-6,523		
3		五矿经易	5,691		-3,740		
4		东海期货	4,672		-4,348		
5		东吴期货	4,286		-854		
6		申银万国	4,143		-966		
7		中信期货	4,133		-1,029		
8		银河期货	3,928		-3,080		
9		华泰期货	2,904		-142		
10		锦泰期货	2,573		-1,507		
11		国富期货	2,445		-1,270		
12		安粮期货	2,096		-3,221		
13		国海良时	1,762		-4,186		
14		国泰君安	1,615		-1,268		
15		国信期货	1,243		366		
16		南华期货	1,197		-1,895		
17		华闻期货	1,077		-221		
18		恒泰期货	998		-1,325		
19		海证期货	974		-1,385		
20		中粮期货	951		-1,624		
总计				68,225		-47,042		

名次		会员简称	持买单量	增减		
1		中信期货	7,391		-19		
2		国泰君安	4,806		-13		
3		五矿经易	4,197		936		
4		国富期货	3,776		-320		
5		国投安信	3,684		-5		
6		申银万国	3,444		495		
7		海证期货	3,263		10		
8		银河期货	2,569		21		
9		南华期货	2,232		-11		
10		中粮期货	2,213		1		
11		国信期货	2,188		-1		
12		恒泰期货	2,102		-3		
13		宏源期货	1,628		-12		
14		海通期货	1,305		-8		
15		华安期货	1,070		1		
16		安粮期货	829		204		
17		东证期货	819		-5		
18		新湖期货	708		0		
19		方正中期	707		-49		
20		东吴期货	696		126		
总计				49,627		1,348		

名次		会员简称	持卖单量	增减		
1		中信期货	7,412		40		
2		国泰君安	5,019		-56		
3		五矿经易	4,038		969		
4		国富期货	3,779		-325		
5		国投安信	3,615		-6		
6		申银万国	3,594		490		
7		海证期货	3,580		72		
8		国信期货	2,614		-124		
9		南华期货	2,217		12		
10		中粮期货	2,201		-2		
11		恒泰期货	2,102		-3		
12		银河期货	1,699		-3		
13		安粮期货	1,564		-412		
14		海通期货	1,400		-5		
15		东证期货	898		-41		
16		东海期货	814		106		
17		华安期货	778		3		
18		瑞达期货	714		1		
19		新湖期货	708		1		
20		鲁证期货	692		115		
总计				49,438		832		



会员类别	总成交量	增减		
期货公司会员	68,225		-47,042		

会员类别	总持买单量	增减		
期货公司会员	49,627		1,348		

会员类别	总持卖单量	增减		
期货公司会员	49,438		832		

