								大连商品交易所 成交量_买持仓_卖持仓排名	

合约代码：pp2101		Date：2020-08-10	

			期货公司会员	

名次		会员简称	成交量		增减		
1		东证期货	40,725		4,683		
2		中信期货	11,055		1,958		
3		国富期货	7,408		-49		
4		国泰君安	5,738		-1,207		
5		华安期货	5,680		-151		
6		海通期货	5,392		-1,011		
7		华泰期货	4,754		-471		
8		宏源期货	4,320		-295		
9		徽商期货	4,127		414		
10		中粮期货	3,519		1,818		
11		东海期货	3,450		-345		
12		永安期货	3,406		-1,404		
13		光大期货	3,374		-107		
14		长江期货	3,098		892		
15		中信建投	2,810		395		
16		上海大陆	2,770		800		
17		国投安信	2,659		1,468		
18		浙商期货	2,481		-521		
19		弘业期货	2,293		824		
20		国信期货	2,132		-171		
总计				121,191		7,520		

名次		会员简称	持买单量	增减		
1		永安期货	20,871		5		
2		中信期货	16,024		2,551		
3		新湖期货	9,446		52		
4		银河期货	5,449		451		
5		浙商期货	5,064		-9		
6		东证期货	4,376		-203		
7		瑞达期货	4,145		64		
8		华泰期货	4,144		662		
9		大地期货	3,642		159		
10		摩根大通	3,587		0		
11		中粮期货	3,039		-142		
12		宏源期货	2,860		882		
13		华安期货	2,766		625		
14		申银万国	2,679		-149		
15		北京首创	2,672		3		
16		弘业期货	2,408		824		
17		方正中期	1,958		176		
18		海通期货	1,661		-1,090		
19		光大期货	1,643		33		
20		金瑞期货	1,595		147		
总计				100,029		5,041		

名次		会员简称	持卖单量	增减		
1		银河期货	10,709		28		
2		中银期货	9,050		162		
3		国投安信	8,339		227		
4		国泰君安	7,390		-75		
5		永安期货	5,489		143		
6		浙商期货	5,278		280		
7		建信期货	5,122		138		
8		宝城期货	4,813		203		
9		南华期货	3,940		36		
10		华融融达	3,884		159		
11		东证期货	3,303		26		
12		天风期货	3,167		152		
13		华泰期货	3,130		-6		
14		瑞达期货	3,110		181		
15		浙江新世纪	2,941		100		
16		国信期货	2,919		-142		
17		中财期货	2,877		-2		
18		中粮期货	2,822		1,347		
19		鲁证期货	2,649		174		
20		方正中期	2,631		6		
总计				93,563		3,137		



会员类别	总成交量	增减		
期货公司会员	121,191		7,520		

会员类别	总持买单量	增减		
期货公司会员	100,029		5,041		

会员类别	总持卖单量	增减		
期货公司会员	93,563		3,137		

