								大连商品交易所 成交量_买持仓_卖持仓排名	

合约代码：l2101		Date：2020-08-10	

			期货公司会员	

名次		会员简称	成交量		增减		
1		东证期货	47,001		6,465		
2		国泰君安	14,202		3,266		
3		中信期货	7,731		1,461		
4		光大期货	7,112		2,540		
5		华泰期货	7,002		341		
6		永安期货	6,846		1,230		
7		银河期货	5,266		686		
8		徽商期货	4,439		786		
9		长江期货	4,258		1,401		
10		国投安信	4,237		1,317		
11		建信期货	3,717		3,189		
12		申银万国	3,702		2,152		
13		鲁证期货	3,684		1,991		
14		海通期货	3,532		1,747		
15		信达期货	3,442		3,133		
16		新湖期货	3,398		178		
17		中粮期货	3,338		2,276		
18		安粮期货	3,330		-460		
19		宏源期货	3,288		530		
20		中辉期货	3,266		-239		
总计				142,791		33,990		

名次		会员简称	持买单量	增减		
1		永安期货	25,588		3,624		
2		信达期货	16,889		3,126		
3		中信期货	6,607		-161		
4		东证期货	6,535		346		
5		华泰期货	4,386		522		
6		银河期货	3,914		240		
7		大越期货	3,831		69		
8		国泰君安	3,611		-53		
9		东海期货	3,600		1,469		
10		华安期货	3,507		1,000		
11		中辉期货	3,332		480		
12		中粮期货	3,168		676		
13		南华期货	3,075		-78		
14		新湖期货	2,986		362		
15		大地期货	2,791		394		
16		方正中期	2,685		184		
17		华金期货	2,614		86		
18		浙商期货	2,600		143		
19		海通期货	2,366		455		
20		中大期货	2,169		46		
总计				106,254		12,930		

名次		会员简称	持卖单量	增减		
1		光大期货	10,491		1,230		
2		华泰期货	8,870		94		
3		建信期货	8,696		871		
4		银河期货	8,422		-738		
5		永安期货	7,473		-570		
6		中银期货	6,842		20		
7		国海良时	6,548		148		
8		中国国际	5,940		320		
9		方正中期	5,662		-527		
10		浙商期货	5,187		903		
11		上海中期	5,061		191		
12		申银万国	4,924		1,928		
13		和合期货	4,761		100		
14		东证期货	3,966		513		
15		中信期货	3,814		918		
16		兴业期货	3,699		32		
17		中财期货	3,027		162		
18		国信期货	2,830		-137		
19		南华期货	2,709		415		
20		新湖期货	2,707		-54		
总计				111,629		5,819		



会员类别	总成交量	增减		
期货公司会员	142,791		33,990		

会员类别	总持买单量	增减		
期货公司会员	106,254		12,930		

会员类别	总持卖单量	增减		
期货公司会员	111,629		5,819		

