								大连商品交易所 成交量_买持仓_卖持仓排名	

合约代码：a2101		Date：2020-08-10	

			期货公司会员	

名次		会员简称	成交量		增减		
1		华泰期货	20,657		1,692		
2		中信期货	4,952		-1,435		
3		深圳金汇	4,245		3,257		
4		徽商期货	3,883		-314		
5		海通期货	3,575		-339		
6		东证期货	3,205		-880		
7		华安期货	3,037		-948		
8		国富期货	2,958		1,215		
9		国泰君安	2,747		-328		
10		招金期货	2,715		838		
11		申银万国	2,633		-670		
12		国投安信	2,423		-77		
13		永安期货	2,377		-349		
14		新纪元期货	2,294		1,737		
15		银河期货	2,248		-152		
16		方正中期	2,214		994		
17		宏源期货	2,073		511		
18		安粮期货	2,066		218		
19		南华期货	1,691		596		
20		中信建投	1,644		636		
总计				73,637		6,202		

名次		会员简称	持买单量	增减		
1		中信期货	7,183		208		
2		信达期货	5,107		-60		
3		国投安信	3,488		-3		
4		新湖期货	3,245		258		
5		中粮期货	2,164		-73		
6		宏源期货	1,743		84		
7		方正中期	1,376		-51		
8		深圳金汇	1,358		-2,088		
9		海证期货	1,204		145		
10		华泰期货	1,070		317		
11		鲁证期货	1,046		171		
12		永安期货	973		-726		
13		瑞达期货	972		-19		
14		招金期货	932		725		
15		五矿经易	882		-44		
16		国泰君安	823		-4		
17		平安期货	820		193		
18		大地期货	812		52		
19		中财期货	787		58		
20		银河期货	785		74		
总计				36,770		-783		

名次		会员简称	持卖单量	增减		
1		国投安信	6,586		-298		
2		永安期货	4,107		-169		
3		鲁证期货	4,081		17		
4		华安期货	3,685		-305		
5		一德期货	3,135		-322		
6		银河期货	2,935		-34		
7		北京首创	2,395		-13		
8		国泰君安	2,312		269		
9		浙商期货	1,843		113		
10		金元期货	1,640		-150		
11		天风期货	1,634		46		
12		广州金控	1,632		-1		
13		广发期货	1,520		-73		
14		迈科期货	1,459		-150		
15		招金期货	1,052		-732		
16		中粮期货	1,036		174		
17		徽商期货	930		-227		
18		华泰期货	927		498		
19		中信期货	879		-24		
20		光大期货	754		-9		
总计				44,542		-1,390		



会员类别	总成交量	增减		
期货公司会员	73,637		6,202		

会员类别	总持买单量	增减		
期货公司会员	36,770		-783		

会员类别	总持卖单量	增减		
期货公司会员	44,542		-1,390		

