								大连商品交易所 成交量_买持仓_卖持仓排名	

合约代码：b2009		Date：2020-08-10	

			期货公司会员	

名次		会员简称	成交量		增减		
1		华泰期货	13,506		420		
2		国泰君安	4,003		-265		
3		中信期货	3,814		300		
4		国富期货	3,321		73		
5		东证期货	2,288		-277		
6		光大期货	1,889		-75		
7		华安期货	1,345		44		
8		海通期货	1,334		137		
9		上海中期	1,254		1,122		
10		徽商期货	1,170		-552		
11		兴证期货	1,131		98		
12		中辉期货	1,113		173		
13		国贸期货	1,034		536		
14		东方财富	992		-82		
15		方正中期	956		-270		
16		海证期货	718		-200		
17		摩根大通	700		700		
18		南华期货	631		-49		
19		华闻期货	627		363		
20		宏源期货	618		-555		
总计				42,444		1,641		

名次		会员简称	持买单量	增减		
1		银河期货	1,408		194		
2		国投安信	1,180		-81		
3		中辉期货	843		-282		
4		财信期货	477		-213		
5		南华期货	467		83		
6		国泰君安	397		-155		
7		新纪元期货	354		-80		
8		中信期货	335		-41		
9		光大期货	335		-29		
10		东方财富	317		2		
11		华泰期货	304		-86		
12		永安期货	236		29		
13		徽商期货	233		-33		
14		海通期货	223		12		
15		兴证期货	215		-160		
16		方正中期	186		-179		
17		国元期货	180		0		
18		中粮期货	175		22		
19		东证期货	158		-68		
20		新湖期货	146		-34		
总计				8,169		-1,099		

名次		会员简称	持卖单量	增减		
1		新湖期货	2,166		23		
2		国投安信	595		-80		
3		摩根大通	500		-700		
4		上海中期	440		-1,128		
5		兴证期货	419		157		
6		五矿经易	410		-67		
7		中天期货	395		0		
8		华闻期货	337		26		
9		中信期货	293		-21		
10		华泰期货	286		8		
11		国泰君安	278		10		
12		申银万国	246		34		
13		东证期货	241		-22		
14		弘业期货	228		-6		
15		银河期货	215		0		
16		一德期货	209		-1		
17		中辉期货	188		13		
18		永安期货	161		-22		
19		兴业期货	150		-10		
20		华安期货	139		32		
总计				7,896		-1,754		



会员类别	总成交量	增减		
期货公司会员	42,444		1,641		

会员类别	总持买单量	增减		
期货公司会员	8,169		-1,099		

会员类别	总持卖单量	增减		
期货公司会员	7,896		-1,754		

