								大连商品交易所 成交量_买持仓_卖持仓排名	

合约代码：a2009		Date：2020-08-10	

			期货公司会员	

名次		会员简称	成交量		增减		
1		华泰期货	55,871		-24,930		
2		东证期货	22,266		-8,482		
3		申银万国	19,847		-7,615		
4		中信期货	18,335		-3,874		
5		海通期货	13,134		-3,165		
6		国泰君安	12,207		-2,933		
7		华安期货	10,698		-738		
8		徽商期货	10,427		-6,862		
9		光大期货	9,195		-4,613		
10		方正中期	8,529		-1,780		
11		南华期货	7,890		-2,939		
12		银河期货	7,654		-802		
13		国金期货	6,592		4,942		
14		兴证期货	6,207		-11,289		
15		国富期货	5,741		-4,316		
16		国信期货	5,431		-1,781		
17		国投安信	4,973		-2,565		
18		安粮期货	4,891		-1,133		
19		东方财富	4,869		-1,785		
20		永安期货	4,577		-5,258		
总计				239,334		-91,918		

名次		会员简称	持买单量	增减		
1		中信期货	8,330		-1,136		
2		银河期货	5,772		-472		
3		五矿经易	5,655		10		
4		海通期货	3,938		-1,987		
5		华泰期货	2,883		-1,439		
6		广发期货	2,738		-311		
7		兴证期货	2,593		-1,468		
8		东证期货	2,589		-1,465		
9		国泰君安	2,403		-581		
10		金石期货	2,361		260		
11		申银万国	2,315		-7,522		
12		国富期货	2,026		-697		
13		天风期货	1,859		-182		
14		永安期货	1,768		159		
15		国元期货	1,716		244		
16		海证期货	1,464		392		
17		华安期货	1,342		-237		
18		方正中期	1,335		-180		
19		宏源期货	1,290		75		
20		广州金控	1,262		-256		
总计				55,639		-16,793		

名次		会员简称	持卖单量	增减		
1		东证期货	6,422		1,331		
2		永安期货	4,922		-750		
3		五矿经易	3,653		35		
4		国泰君安	3,464		-1,034		
5		中信期货	3,268		-521		
6		美尔雅期货	2,789		136		
7		海通期货	2,680		-2,123		
8		平安期货	2,511		-98		
9		国投安信	2,463		-1,810		
10		光大期货	2,005		-3,308		
11		华安期货	1,973		-149		
12		浙商期货	1,892		9		
13		南华期货	1,818		-63		
14		广发期货	1,779		-35		
15		海证期货	1,731		547		
16		华泰期货	1,728		-1,408		
17		申银万国	1,703		-7,741		
18		中财期货	1,648		-34		
19		国联期货	1,542		-33		
20		弘业期货	1,463		15		
总计				51,454		-17,034		



会员类别	总成交量	增减		
期货公司会员	239,334		-91,918		

会员类别	总持买单量	增减		
期货公司会员	55,639		-16,793		

会员类别	总持卖单量	增减		
期货公司会员	51,454		-17,034		

