								大连商品交易所 成交量_买持仓_卖持仓排名	

合约代码：eb2009		Date：2020-08-10	

			期货公司会员	

名次		会员简称	成交量		增减		
1		东证期货	31,839		-2,292		
2		中信期货	12,060		335		
3		申银万国	8,340		5,026		
4		海通期货	7,457		1,370		
5		永安期货	6,995		-765		
6		徽商期货	6,149		-2,608		
7		国泰君安	5,972		-2,784		
8		华泰期货	5,574		-1,650		
9		国富期货	5,254		-1,447		
10		华安期货	4,094		1,300		
11		方正中期	4,076		-996		
12		中信建投	3,991		-2,210		
13		银河期货	3,687		986		
14		南华期货	3,397		-2,235		
15		兴证期货	3,147		-212		
16		大地期货	2,632		611		
17		东航期货	2,603		598		
18		东吴期货	2,516		-547		
19		中辉期货	2,464		89		
20		广发期货	2,368		-315		
总计				124,615		-7,746		

名次		会员简称	持买单量	增减		
1		信达期货	10,707		-42		
2		永安期货	10,113		-785		
3		华泰期货	5,498		-6		
4		中州期货	5,421		-96		
5		银河期货	5,330		290		
6		中信建投	3,514		-5		
7		瑞达期货	3,053		-234		
8		徽商期货	3,004		-317		
9		中信期货	2,933		-108		
10		招商期货	2,178		159		
11		南华期货	2,171		282		
12		中粮期货	2,055		-9		
13		国泰君安	2,045		-61		
14		东证期货	1,992		-24		
15		大地期货	1,904		-86		
16		国投安信	1,780		-84		
17		方正中期	1,622		1		
18		海通期货	1,568		193		
19		中国国际	1,435		-86		
20		新湖期货	1,405		-444		
总计				69,728		-1,462		

名次		会员简称	持卖单量	增减		
1		永安期货	8,794		-552		
2		南华期货	5,371		-589		
3		华泰期货	5,161		-282		
4		银河期货	4,637		-181		
5		中信期货	4,283		318		
6		兴证期货	3,769		923		
7		浙商期货	3,675		0		
8		国投安信	3,603		-375		
9		中信建投	3,431		-600		
10		国泰君安	3,269		-151		
11		中财期货	2,594		-367		
12		鲁证期货	2,298		24		
13		东航期货	2,231		413		
14		天风期货	2,188		-183		
15		东证期货	2,174		-1,503		
16		国贸期货	1,955		-169		
17		兴业期货	1,870		-27		
18		宏源期货	1,698		140		
19		一德期货	1,626		151		
20		徽商期货	1,570		196		
总计				66,197		-2,814		



会员类别	总成交量	增减		
期货公司会员	124,615		-7,746		

会员类别	总持买单量	增减		
期货公司会员	69,728		-1,462		

会员类别	总持卖单量	增减		
期货公司会员	66,197		-2,814		

