								大连商品交易所 成交量_买持仓_卖持仓排名	

合约代码：c2011		Date：2020-08-10	

			期货公司会员	

名次		会员简称	成交量		增减		
1		中粮期货	4,912		2,143		
2		银河期货	3,755		-2,686		
3		中大期货	3,582		1,703		
4		海通期货	3,348		404		
5		华闻期货	3,316		1,318		
6		新湖期货	3,134		-1,237		
7		五矿经易	2,967		512		
8		鲁证期货	2,908		470		
9		中信期货	2,856		231		
10		国泰君安	2,728		275		
11		弘业期货	2,656		1,353		
12		申银万国	2,620		101		
13		国海良时	2,450		-367		
14		东证期货	2,362		-516		
15		永安期货	2,243		175		
16		西部期货	2,214		-278		
17		格林大华	1,774		-1,630		
18		浙商期货	1,283		12		
19		大通期货	1,168		1,168		
20		国投安信	1,114		393		
总计				53,390		3,544		

名次		会员简称	持买单量	增减		
1		东证期货	4,149		-509		
2		永安期货	3,979		9		
3		鲁证期货	3,642		-24		
4		中信期货	3,521		9		
5		海通期货	3,333		62		
6		五矿经易	3,304		-310		
7		新湖期货	3,039		-2		
8		中财期货	3,000		0		
9		宝城期货	2,920		316		
10		格林大华	2,684		-117		
11		浙商期货	2,516		-14		
12		中大期货	2,420		-550		
13		华安期货	2,277		7		
14		中粮期货	2,275		-49		
15		弘业期货	2,212		-8		
16		国投安信	1,792		623		
17		国海良时	803		-10		
18		一德期货	757		0		
19		国泰君安	634		-95		
20		申银万国	528		6		
总计				49,785		-656		

名次		会员简称	持卖单量	增减		
1		永安期货	6,786		-50		
2		中信期货	4,128		137		
3		东证期货	4,112		-499		
4		海通期货	3,848		-452		
5		鲁证期货	3,670		-10		
6		五矿经易	3,279		-501		
7		新湖期货	3,063		0		
8		宝城期货	2,940		334		
9		格林大华	2,699		-131		
10		浙商期货	2,661		-119		
11		中粮期货	2,639		-67		
12		中大期货	2,440		-528		
13		弘业期货	2,223		-10		
14		东兴期货	1,000		1,000		
15		国海良时	802		-12		
16		国泰君安	578		-21		
17		申银万国	576		28		
18		银河期货	417		269		
19		广州金控	400		0		
20		大通期货	332		332		
总计				48,593		-300		



会员类别	总成交量	增减		
期货公司会员	53,390		3,544		

会员类别	总持买单量	增减		
期货公司会员	49,785		-656		

会员类别	总持卖单量	增减		
期货公司会员	48,593		-300		

