								大连商品交易所 成交量_买持仓_卖持仓排名	

合约代码：y2105		Date：2020-10-13	

			期货公司会员	

名次		会员简称	成交量		增减		
1		东证期货	30,403		-8,447		
2		光大期货	21,634		-983		
3		国泰君安	7,464		403		
4		华泰期货	7,001		-1,262		
5		国富期货	6,495		1,539		
6		中信期货	5,746		1,866		
7		国投安信	5,357		-7,015		
8		海通期货	5,044		-1,299		
9		申银万国	5,042		-2,236		
10		宏源期货	4,806		-1,308		
11		中天期货	4,573		-1,473		
12		永安期货	4,232		-1,306		
13		银河期货	3,739		-593		
14		华安期货	3,204		-1,368		
15		中粮期货	3,033		-6,484		
16		天风期货	3,014		1,281		
17		招商期货	2,667		-373		
18		东吴期货	2,661		-163		
19		方正中期	2,447		-163		
20		国元期货	2,243		13		
总计				130,805		-29,371		

名次		会员简称	持买单量	增减		
1		中粮期货	30,583		522		
2		浙商期货	13,263		48		
3		五矿经易	11,992		1,030		
4		中财期货	11,965		766		
5		天风期货	11,831		235		
6		广发期货	11,795		667		
7		国投安信	11,344		580		
8		东兴期货	9,387		29		
9		中信期货	8,736		53		
10		华泰期货	8,118		178		
11		一德期货	8,011		176		
12		永安期货	7,282		305		
13		东证期货	7,131		-470		
14		国盛期货	6,874		0		
15		光大期货	6,724		290		
16		宝城期货	5,331		-9		
17		大越期货	5,265		-125		
18		银河期货	4,564		183		
19		北京首创	4,530		-32		
20		鲁证期货	3,534		365		
总计				188,260		4,791		

名次		会员简称	持卖单量	增减		
1		中粮期货	48,285		163		
2		国投安信	31,106		1,419		
3		一德期货	17,240		406		
4		中信期货	14,675		2,005		
5		摩根大通	12,063		-410		
6		平安期货	11,891		-75		
7		永安期货	10,479		-1,983		
8		新湖期货	9,249		144		
9		银河期货	8,894		2,634		
10		海通期货	6,082		0		
11		五矿经易	5,588		251		
12		国泰君安	4,955		-162		
13		宏源期货	4,440		1,153		
14		信达期货	4,274		1		
15		光大期货	4,082		-130		
16		华泰期货	3,788		119		
17		上海中期	3,781		1,825		
18		南华期货	3,448		110		
19		国富期货	3,313		-10		
20		鲁证期货	3,138		825		
总计				210,771		8,285		



会员类别	总成交量	增减		
期货公司会员	130,805		-29,371		

会员类别	总持买单量	增减		
期货公司会员	188,260		4,791		

会员类别	总持卖单量	增减		
期货公司会员	210,771		8,285		

