								大连商品交易所 成交量_买持仓_卖持仓排名	

合约代码：m2105		Date：2020-10-13	

			期货公司会员	

名次		会员简称	成交量		增减		
1		东证期货	184,590		-35,343		
2		国泰君安	50,162		-17,938		
3		中信期货	43,233		5,999		
4		光大期货	34,658		-7,832		
5		中粮期货	30,902		-5,208		
6		海通期货	26,577		-14,881		
7		永安期货	26,097		-6,432		
8		五矿经易	24,577		-3,639		
9		浙商期货	23,953		-3,599		
10		华泰期货	21,928		715		
11		国投安信	21,774		-21,010		
12		银河期货	19,207		-16,182		
13		国富期货	18,856		2,690		
14		宏源期货	15,388		3,902		
15		摩根大通	15,363		5,930		
16		格林大华	13,734		6,268		
17		弘业期货	11,316		-4,216		
18		徽商期货	11,160		-3,341		
19		广发期货	10,861		-5,945		
20		方正中期	10,850		-771		
总计				615,186		-120,833	

名次		会员简称	持买单量	增减		
1		五矿经易	68,203		9,977		
2		永安期货	67,699		1,678		
3		浙商期货	63,336		6,649		
4		宏源期货	34,070		533		
5		东证期货	29,468		1,574		
6		中粮期货	29,291		941		
7		一德期货	28,721		-319		
8		申银万国	25,829		-829		
9		银河期货	25,614		4,570		
10		国富期货	23,435		1,719		
11		光大期货	23,251		-1,292		
12		大地期货	23,042		1,999		
13		国泰君安	22,966		1,994		
14		国投安信	22,099		2,853		
15		海通期货	20,013		-887		
16		东吴期货	19,885		18		
17		华泰期货	18,760		-714		
18		摩根大通	17,475		2,256		
19		广发期货	14,970		603		
20		中信期货	14,144		1,629		
总计				592,271		34,952		

名次		会员简称	持卖单量	增减		
1		中粮期货	306,081		15,990		
2		国投安信	151,225		2,337		
3		银河期货	69,030		499		
4		广发期货	35,174		5,052		
5		海通期货	29,120		-2,579		
6		中信期货	28,478		9,027		
7		新湖期货	28,024		562		
8		鲁证期货	27,402		322		
9		平安期货	27,021		-428		
10		渤海期货	26,246		192		
11		一德期货	24,905		471		
12		南华期货	24,780		220		
13		永安期货	24,097		4,784		
14		国泰君安	21,081		-644		
15		摩根大通	19,737		-11,415		
16		北京首创	16,520		-176		
17		五矿经易	14,626		40		
18		建信期货	14,105		734		
19		宏源期货	11,713		5,412		
20		冠通期货	10,225		5,910		
总计				909,590		36,310		



会员类别	总成交量	增减		
期货公司会员	615,186		-120,833	

会员类别	总持买单量	增减		
期货公司会员	592,271		34,952		

会员类别	总持卖单量	增减		
期货公司会员	909,590		36,310		

