								大连商品交易所 成交量_买持仓_卖持仓排名	

合约代码：b2012		Date：2020-10-13	

			期货公司会员	

名次		会员简称	成交量		增减		
1		华泰期货	15,297		-9,568		
2		海通期货	3,797		-4,428		
3		渤海期货	2,587		-1,584		
4		南华期货	2,487		-1,220		
5		五矿经易	2,297		-322		
6		光大期货	2,289		78		
7		东证期货	2,157		424		
8		国海良时	1,965		-236		
9		中信期货	1,744		1,302		
10		安粮期货	1,702		815		
11		华闻期货	1,687		292		
12		弘业期货	1,644		-723		
13		方正中期	1,404		-617		
14		中原期货	1,400		-413		
15		申银万国	1,246		-1,031		
16		国投安信	1,084		-1,296		
17		东方财富	1,064		717		
18		徽商期货	1,058		222		
19		金瑞期货	961		340		
20		广发期货	919		212		
总计				48,789		-17,036		

名次		会员简称	持买单量	增减		
1		申银万国	2,750		103		
2		国投安信	1,578		171		
3		光大期货	887		-48		
4		五矿经易	760		-56		
5		摩根大通	608		0		
6		中信期货	579		-906		
7		弘业期货	544		46		
8		中原期货	540		225		
9		中信建投	524		163		
10		国海良时	454		-9		
11		渤海期货	451		10		
12		方正中期	344		-205		
13		东证期货	253		50		
14		安粮期货	221		64		
15		国泰君安	178		-179		
16		东吴期货	133		12		
17		徽商期货	133		-170		
18		东方财富	129		-337		
19		美尔雅期货	121		108		
20		宏源期货	118		64		
总计				11,305		-894		

名次		会员简称	持卖单量	增减		
1		申银万国	2,901		55		
2		上海中期	1,868		-45		
3		国投安信	1,533		187		
4		光大期货	977		75		
5		东证期货	793		-159		
6		五矿经易	776		-37		
7		中原期货	523		201		
8		国海良时	505		2		
9		弘业期货	502		-8		
10		渤海期货	477		-5		
11		新晟期货	358		-72		
12		东海期货	306		-69		
13		新湖期货	247		19		
14		中信建投	225		-39		
15		方正中期	209		-209		
16		美尔雅期货	157		-71		
17		东方财富	144		31		
18		广州期货	92		-11		
19		华闻期货	86		-71		
20		招商期货	75		-32		
总计				12,754		-258		



会员类别	总成交量	增减		
期货公司会员	48,789		-17,036		

会员类别	总持买单量	增减		
期货公司会员	11,305		-894		

会员类别	总持卖单量	增减		
期货公司会员	12,754		-258		

