								大连商品交易所 成交量_买持仓_卖持仓排名	

合约代码：jd2101		Date：2020-10-13	

			期货公司会员	

名次		会员简称	成交量		增减		
1		东证期货	15,341		-482		
2		申银万国	6,466		1,999		
3		徽商期货	4,353		-296		
4		中信期货	3,970		1,095		
5		中信建投	3,742		1,417		
6		天风期货	3,156		-150		
7		国泰君安	2,858		-543		
8		宏源期货	2,582		-441		
9		华安期货	2,500		108		
10		国富期货	2,442		189		
11		南华期货	2,106		466		
12		华泰期货	2,022		-320		
13		方正中期	1,841		-1,914		
14		海通期货	1,770		-437		
15		光大期货	1,763		-1,128		
16		银河期货	1,717		119		
17		盛达期货	1,552		836		
18		安粮期货	1,530		-298		
19		中粮期货	1,473		252		
20		广发期货	1,393		604		
总计				64,577		1,076		

名次		会员简称	持买单量	增减		
1		福能期货	4,920		146		
2		汇鑫期货	3,171		319		
3		永安期货	2,801		156		
4		中辉期货	2,507		50		
5		南华期货	2,001		1,120		
6		中信建投	1,966		-54		
7		徽商期货	1,934		89		
8		海证期货	1,738		196		
9		方正中期	1,735		-289		
10		国泰君安	1,674		-294		
11		中信期货	1,669		-552		
12		宏源期货	1,624		12		
13		光大期货	1,616		68		
14		东航期货	1,363		-34		
15		宝城期货	1,359		-25		
16		安粮期货	1,358		45		
17		华安期货	1,246		274		
18		银河期货	1,245		90		
19		华泰期货	1,230		122		
20		海通期货	1,201		-75		
总计				38,358		1,364		

名次		会员简称	持卖单量	增减		
1		徽商期货	4,102		434		
2		宏源期货	3,783		200		
3		永安期货	3,575		56		
4		中信建投	2,363		16		
5		华安期货	2,181		-8		
6		方正中期	2,145		-36		
7		国泰君安	1,974		-2		
8		东证期货	1,881		-44		
9		银河期货	1,771		199		
10		中辉期货	1,520		-107		
11		中信期货	1,517		30		
12		南华期货	1,434		116		
13		华泰期货	1,430		-208		
14		国富期货	1,412		1		
15		东航期货	1,378		11		
16		海通期货	1,321		195		
17		中粮期货	1,292		891		
18		长江期货	1,236		-102		
19		北京首创	1,071		-46		
20		瑞达期货	1,064		53		
总计				38,450		1,649		



会员类别	总成交量	增减		
期货公司会员	64,577		1,076		

会员类别	总持买单量	增减		
期货公司会员	38,358		1,364		

会员类别	总持卖单量	增减		
期货公司会员	38,450		1,649		

