								大连商品交易所 成交量_买持仓_卖持仓排名	

合约代码：cs2101		Date：2020-10-13	

			期货公司会员	

名次		会员简称	成交量		增减		
1		华泰期货	45,391		-2,274		
2		东证期货	34,398		342		
3		国泰君安	19,352		-630		
4		国富期货	16,493		495		
5		海通期货	15,548		-6,216		
6		中信期货	10,377		-2,454		
7		兴证期货	7,185		1,198		
8		华闻期货	5,082		-3,229		
9		东方财富	4,809		3,222		
10		光大期货	4,640		-668		
11		银河期货	4,536		-2,578		
12		金瑞期货	4,365		-1,549		
13		方正中期	3,615		-1,193		
14		华安期货	3,539		-47		
15		宝城期货	3,407		1,619		
16		华融融达	3,298		1,989		
17		中辉期货	3,164		-1,492		
18		徽商期货	3,103		-634		
19		国海良时	3,027		2,061		
20		东吴期货	2,843		83		
总计				198,172		-11,955		

名次		会员简称	持买单量	增减		
1		中信期货	9,181		324		
2		鲁证期货	8,678		83		
3		中粮期货	7,890		-154		
4		中信建投	6,136		-295		
5		永安期货	5,923		450		
6		华泰期货	5,644		467		
7		一德期货	5,629		153		
8		宏源期货	5,417		-118		
9		新湖期货	5,178		-219		
10		中辉期货	4,774		31		
11		弘业期货	3,571		-208		
12		东证期货	3,425		985		
13		海通期货	3,261		-75		
14		华安期货	2,627		-653		
15		东吴期货	2,370		-249		
16		兴证期货	2,230		215		
17		华融融达	2,172		12		
18		国泰君安	2,097		16		
19		中财期货	2,041		340		
20		南华期货	2,009		-408		
总计				90,253		697		

名次		会员简称	持卖单量	增减		
1		中粮期货	10,493		68		
2		中信期货	8,173		257		
3		国金期货	7,973		-10		
4		东方财富	6,367		889		
5		广发期货	6,350		341		
6		金瑞期货	6,300		3		
7		华安期货	5,538		588		
8		国泰君安	4,900		-436		
9		中融汇信	4,221		-142		
10		国富期货	4,018		-1,449		
11		永安期货	3,897		-451		
12		平安期货	3,630		13		
13		东证期货	3,563		35		
14		国投安信	3,421		16		
15		鲁证期货	3,062		200		
16		兴证期货	2,718		8		
17		华泰期货	2,583		-36		
18		美尔雅期货	2,350		42		
19		东吴期货	2,337		-424		
20		光大期货	2,289		282		
总计				94,183		-206		



会员类别	总成交量	增减		
期货公司会员	198,172		-11,955		

会员类别	总持买单量	增减		
期货公司会员	90,253		697		

会员类别	总持卖单量	增减		
期货公司会员	94,183		-206		

