								大连商品交易所 成交量_买持仓_卖持仓排名	

合约代码：eg2102		Date：2020-10-13	

			期货公司会员	

名次		会员简称	成交量		增减		
1		徽商期货	44,327		43,528		
2		银河期货	43,953		24,490		
3		东证期货	28,725		4,485		
4		国贸期货	15,840		15,840		
5		一德期货	15,370		15,370		
6		鲁证期货	15,184		15,036		
7		海通期货	10,450		-20,047		
8		中投期货	9,680		9,644		
9		宝城期货	9,628		9,627		
10		国泰君安	9,425		-18,049		
11		方正中期	8,813		-13,569		
12		国金期货	8,692		8,645		
13		申银万国	7,488		-12,364		
14		东吴期货	6,490		-13,951		
15		先融期货	5,836		5,836		
16		宏源期货	4,488		4,385		
17		华西期货	4,068		1,637		
18		山西三立	3,846		3,846		
19		五矿经易	3,680		548		
20		中衍期货	2,901		2,899		
总计				258,884		87,836		

名次		会员简称	持买单量	增减		
1		申银万国	2,811		169		
2		国投安信	2,002		1		
3		东证期货	1,012		39		
4		招商期货	1,010		308		
5		五矿经易	934		0		
6		创元期货	564		43		
7		浙商期货	445		143		
8		中粮期货	440		-121		
9		中信期货	439		8		
10		方正中期	316		5		
11		冠通期货	264		-72		
12		格林大华	206		97		
13		徽商期货	93		-65		
14		光大期货	72		6		
15		东吴期货	61		18		
16		国富期货	54		-3		
17		西南期货	46		28		
18		国金期货	45		0		
19		迈科期货	40		-10		
20		金瑞期货	39		32		
总计				10,893		626		

名次		会员简称	持卖单量	增减		
1		申银万国	2,812		197		
2		国投安信	2,022		21		
3		招商期货	1,003		303		
4		五矿经易	934		0		
5		东证期货	919		-12		
6		创元期货	545		29		
7		浙商期货	417		117		
8		中信期货	417		-28		
9		中粮期货	408		-122		
10		方正中期	313		8		
11		冠通期货	284		0		
12		格林大华	206		97		
13		天风期货	150		-4		
14		锦泰期货	150		135		
15		光大期货	111		6		
16		宏源期货	108		0		
17		迈科期货	42		-8		
18		国富期货	40		1		
19		华泰期货	34		-83		
20		东吴期货	32		-8		
总计				10,947		649		



会员类别	总成交量	增减		
期货公司会员	258,884		87,836		

会员类别	总持买单量	增减		
期货公司会员	10,893		626		

会员类别	总持卖单量	增减		
期货公司会员	10,947		649		

