								大连商品交易所 成交量_买持仓_卖持仓排名	

合约代码：v2101		Date：2020-09-11	

			期货公司会员	

名次		会员简称	成交量		增减		
1		东证期货	70,597		-65,707		
2		兴证期货	15,079		-15,902		
3		国富期货	13,352		-9,984		
4		中信期货	10,921		-4,223		
5		华金期货	9,687		-3,355		
6		海通期货	8,346		-3,112		
7		国泰君安	7,080		-11,535		
8		广发期货	6,608		2,516		
9		银河期货	6,582		-973		
10		永安期货	5,969		-9,346		
11		中辉期货	5,326		2,110		
12		徽商期货	5,188		-2,349		
13		华泰期货	4,443		-4,674		
14		华融融达	4,013		-8,294		
15		申银万国	3,849		-4,128		
16		天风期货	3,407		1,595		
17		国投安信	2,598		-2,253		
18		中信建投	2,596		-1,557		
19		华安期货	2,401		-1,012		
20		国信期货	2,348		-4,446		
总计				190,390		-146,629	

名次		会员简称	持买单量	增减		
1		永安期货	30,763		-53		
2		中信期货	23,858		-850		
3		东证期货	8,914		-439		
4		银河期货	7,517		-160		
5		国投安信	6,416		629		
6		一德期货	5,750		466		
7		国泰君安	5,334		-39		
8		南华期货	5,230		-736		
9		华泰期货	4,636		-1,313		
10		申银万国	4,293		687		
11		天风期货	4,251		-477		
12		兴证期货	4,053		484		
13		鲁证期货	3,831		182		
14		浙商期货	3,579		471		
15		中信建投	3,510		346		
16		方正中期	3,401		-180		
17		瑞达期货	3,345		-56		
18		海通期货	3,011		-944		
19		中粮期货	2,732		426		
20		中大期货	2,526		129		
总计				136,950		-1,427		

名次		会员简称	持卖单量	增减		
1		永安期货	23,075		716		
2		国贸期货	18,306		22		
3		国信期货	17,375		-548		
4		中财期货	8,350		-391		
5		浙商期货	7,889		375		
6		信达期货	6,975		-690		
7		大地期货	6,089		-474		
8		国投安信	5,955		291		
9		银河期货	5,557		58		
10		一德期货	5,382		23		
11		申银万国	5,096		100		
12		华泰期货	4,749		410		
13		中信期货	4,693		-149		
14		方正中期	4,167		-423		
15		国泰君安	4,012		-197		
16		兴证期货	3,842		719		
17		瑞达期货	3,303		-196		
18		中国国际	2,728		-20		
19		中信建投	2,677		-26		
20		西南期货	2,422		-245		
总计				142,642		-645		



会员类别	总成交量	增减		
期货公司会员	190,390		-146,629	

会员类别	总持买单量	增减		
期货公司会员	136,950		-1,427		

会员类别	总持卖单量	增减		
期货公司会员	142,642		-645		

