								大连商品交易所 成交量_买持仓_卖持仓排名	

合约代码：m2103		Date：2020-09-11	

			期货公司会员	

名次		会员简称	成交量		增减		
1		海通期货	4,532		2,853		
2		中天期货	3,402		1,404		
3		南华期货	3,014		620		
4		申银万国	2,231		506		
5		华闻期货	1,969		766		
6		中粮期货	1,809		-97		
7		国海良时	1,720		766		
8		鲁证期货	1,657		782		
9		方正中期	1,411		395		
10		格林大华	1,281		175		
11		招商期货	986		292		
12		浙商期货	966		-90		
13		安粮期货	905		757		
14		弘业期货	883		-46		
15		五矿经易	840		298		
16		国投安信	790		465		
17		宏源期货	754		162		
18		摩根大通	750		500		
19		天风期货	674		259		
20		国元期货	601		601		
总计				31,175		11,368		

名次		会员简称	持买单量	增减		
1		美尔雅期货	1,562		182		
2		浙商期货	1,131		39		
3		安粮期货	1,033		893		
4		海通期货	1,013		934		
5		国投安信	887		35		
6		鲁证期货	753		26		
7		上海中期	729		-17		
8		福能期货	657		125		
9		五矿经易	636		17		
10		鑫鼎盛期货	633		-159		
11		广发期货	545		-125		
12		招商期货	429		-27		
13		国富期货	385		-144		
14		宏源期货	360		103		
15		瑞达期货	356		67		
16		银河期货	352		-103		
17		国元期货	347		321		
18		国海良时	345		0		
19		国泰君安	340		-53		
20		中辉期货	309		12		
总计				12,802		2,126		

名次		会员简称	持卖单量	增减		
1		国泰君安	4,001		1		
2		中粮期货	2,165		115		
3		国投安信	1,699		15		
4		方正中期	1,515		-1		
5		摩根大通	1,200		750		
6		浙商期货	1,023		17		
7		海通期货	949		934		
8		广发期货	776		0		
9		鲁证期货	638		15		
10		东吴期货	600		39		
11		五矿经易	566		1		
12		国金期货	420		20		
13		弘业期货	339		3		
14		招商期货	338		-19		
15		国海良时	308		-6		
16		中衍期货	300		0		
17		格林大华	213		0		
18		一德期货	200		0		
19		银河期货	100		20		
20		中天期货	99		99		
总计				17,449		2,003		



会员类别	总成交量	增减		
期货公司会员	31,175		11,368		

会员类别	总持买单量	增减		
期货公司会员	12,802		2,126		

会员类别	总持卖单量	增减		
期货公司会员	17,449		2,003		

