								大连商品交易所 成交量_买持仓_卖持仓排名	

合约代码：a2105		Date：2020-09-11	

			期货公司会员	

名次		会员简称	成交量		增减		
1		深圳金汇	2,331		2,331		
2		宏源期货	2,219		2,201		
3		华泰期货	1,999		852		
4		财信期货	877		395		
5		国投安信	751		675		
6		大有期货	669		416		
7		华安期货	650		443		
8		金瑞期货	522		308		
9		浙商期货	515		60		
10		中信期货	402		1		
11		一德期货	385		381		
12		国泰君安	339		211		
13		冠通期货	330		253		
14		申银万国	295		182		
15		中辉期货	287		16		
16		东证期货	284		187		
17		方正中期	269		144		
18		安粮期货	264		-125		
19		海通期货	241		62		
20		东吴期货	241		205		
总计				13,870		9,198		

名次		会员简称	持买单量	增减		
1		深圳金汇	3,349		2,331		
2		安粮期货	1,074		161		
3		华泰期货	783		205		
4		中信期货	760		-29		
5		东吴期货	510		-100		
6		金瑞期货	423		83		
7		鲁证期货	233		33		
8		中粮期货	220		0		
9		国信期货	212		43		
10		光大期货	184		3		
11		永安期货	180		-5		
12		方正中期	136		2		
13		宏源期货	123		-23		
14		北京金鹏	103		0		
15		江苏东华	100		0		
16		国海良时	100		0		
17		华安期货	96		18		
18		浙商期货	89		7		
19		北京首创	83		28		
20		瑞达期货	83		0		
总计				8,841		2,757		

名次		会员简称	持卖单量	增减		
1		宏源期货	1,617		1,140		
2		一德期货	1,398		381		
3		鲁证期货	1,070		41		
4		北京首创	961		105		
5		大有期货	960		-13		
6		国投安信	668		549		
7		东吴期货	624		77		
8		华泰期货	444		200		
9		华安期货	349		300		
10		浙商期货	212		96		
11		南华期货	205		-6		
12		永安期货	204		-32		
13		银河期货	180		6		
14		浙江新世纪	177		-11		
15		海通期货	147		-4		
16		广发期货	118		-4		
17		渤海期货	117		63		
18		中信期货	101		3		
19		西南期货	96		0		
20		弘业期货	75		12		
总计				9,723		2,903		



会员类别	总成交量	增减		
期货公司会员	13,870		9,198		

会员类别	总持买单量	增减		
期货公司会员	8,841		2,757		

会员类别	总持卖单量	增减		
期货公司会员	9,723		2,903		

