								大连商品交易所 成交量_买持仓_卖持仓排名	

合约代码：c2011		Date：2020-09-11	

			期货公司会员	

名次		会员简称	成交量		增减		
1		华闻期货	18,094		-5,778		
2		光大期货	13,514		1,788		
3		方正中期	12,008		-1,961		
4		国泰君安	11,794		-1,356		
5		鲁证期货	5,812		-2,735		
6		中粮期货	5,792		-2,624		
7		银河期货	5,777		-1,839		
8		中大期货	4,830		-3,030		
9		格林大华	4,772		-1,924		
10		华泰期货	3,927		119		
11		国海良时	3,782		-245		
12		永安期货	3,210		-2,703		
13		中信期货	2,924		-8,635		
14		浙商期货	2,861		-869		
15		新湖期货	2,659		-191		
16		申银万国	2,638		-910		
17		东证期货	2,565		-1,866		
18		冠通期货	2,368		-3,378		
19		海通期货	2,335		471		
20		弘业期货	2,157		-3,098		
总计				113,819		-40,764		

名次		会员简称	持买单量	增减		
1		国投安信	11,552		337		
2		中大期货	3,052		7		
3		弘业期货	2,254		99		
4		冠通期货	1,782		1,197		
5		兴证期货	1,531		2		
6		国泰君安	907		-104		
7		中信期货	741		34		
8		永安期货	608		-398		
9		格林大华	458		0		
10		华安期货	425		-2		
11		光大期货	396		41		
12		北京首创	362		211		
13		中粮期货	357		42		
14		锦泰期货	335		183		
15		国富期货	323		-4		
16		鲁证期货	311		-681		
17		国海良时	262		62		
18		南华期货	253		4		
19		中天期货	248		236		
20		中辉期货	244		61		
总计				26,401		1,327		

名次		会员简称	持卖单量	增减		
1		民生期货	4,497		850		
2		弘业期货	2,303		4		
3		银河期货	2,210		611		
4		永安期货	1,815		-294		
5		中信期货	1,580		-212		
6		中大期货	1,547		1		
7		海通期货	1,498		236		
8		格林大华	1,468		642		
9		国泰君安	1,193		158		
10		广州金控	1,109		1		
11		国投安信	1,061		1		
12		一德期货	726		1		
13		中信建投	724		56		
14		华安期货	672		-81		
15		南华期货	661		4		
16		五矿经易	542		3		
17		中粮期货	433		-96		
18		徽商期货	400		88		
19		光大期货	385		53		
20		西部期货	370		-61		
总计				25,194		1,965		



会员类别	总成交量	增减		
期货公司会员	113,819		-40,764		

会员类别	总持买单量	增减		
期货公司会员	26,401		1,327		

会员类别	总持卖单量	增减		
期货公司会员	25,194		1,965		

