								大连商品交易所 成交量_买持仓_卖持仓排名	

合约代码：p2105		Date：2020-09-11	

			期货公司会员	

名次		会员简称	成交量		增减		
1		东证期货	10,973		1,636		
2		光大期货	9,136		-1,309		
3		国泰君安	5,700		-667		
4		兴证期货	4,646		3,668		
5		中粮期货	3,737		1,183		
6		中信期货	2,940		-486		
7		银河期货	1,734		1,412		
8		国元期货	1,452		-536		
9		浙商期货	1,450		411		
10		广发期货	1,387		-571		
11		宏源期货	1,236		-1,028		
12		华闻期货	1,116		287		
13		申银万国	1,077		-299		
14		华安期货	1,077		-74		
15		国富期货	1,067		-1,184		
16		海通期货	1,060		77		
17		方正中期	1,059		74		
18		国投安信	1,031		582		
19		安粮期货	1,012		472		
20		鲁证期货	869		711		
总计				53,759		4,359		

名次		会员简称	持买单量	增减		
1		大地期货	6,112		2		
2		国投安信	6,100		662		
3		华泰期货	5,317		58		
4		浙商期货	3,857		-291		
5		摩根大通	3,302		0		
6		永安期货	3,047		-42		
7		大越期货	2,820		815		
8		兴证期货	2,362		-2,175		
9		一德期货	2,203		1		
10		广发期货	2,067		-52		
11		华融融达	1,929		10		
12		中辉期货	1,760		131		
13		瑞达期货	1,662		1		
14		中粮期货	1,504		-209		
15		上海中期	1,388		399		
16		中信期货	1,359		-74		
17		五矿经易	1,191		92		
18		东兴期货	1,132		650		
19		光大期货	999		702		
20		南华期货	957		74		
总计				51,068		754		

名次		会员简称	持卖单量	增减		
1		国富期货	6,719		33		
2		上海中期	6,504		-49		
3		永安期货	5,666		253		
4		广发期货	5,531		1,053		
5		一德期货	5,520		-56		
6		海通期货	5,181		528		
7		摩根大通	3,821		0		
8		华融融达	3,019		-1		
9		中信期货	2,976		792		
10		银河期货	2,447		1,517		
11		兴证期货	2,061		-2,005		
12		中粮期货	1,966		718		
13		中辉期货	1,717		152		
14		鲁证期货	1,416		591		
15		国泰君安	1,267		-614		
16		国投安信	1,235		-275		
17		浙商期货	1,165		-59		
18		英大期货	1,122		0		
19		华泰期货	1,087		70		
20		安粮期货	510		499		
总计				60,930		3,147		



会员类别	总成交量	增减		
期货公司会员	53,759		4,359		

会员类别	总持买单量	增减		
期货公司会员	51,068		754		

会员类别	总持卖单量	增减		
期货公司会员	60,930		3,147		

