								大连商品交易所 成交量_买持仓_卖持仓排名	

合约代码：m2105		Date：2020-09-11	

			期货公司会员	

名次		会员简称	成交量		增减		
1		东证期货	163,042		42,703		
2		光大期货	41,756		12,668		
3		永安期货	26,574		5,469		
4		兴证期货	24,327		9,140		
5		华泰期货	22,486		5,124		
6		国泰君安	19,925		5,659		
7		中信期货	18,809		-4,301		
8		国富期货	18,004		2,894		
9		中粮期货	13,254		8,414		
10		国投安信	13,135		4,206		
11		海通期货	12,884		842		
12		银河期货	12,059		1,913		
13		方正中期	11,509		3,965		
14		一德期货	11,111		6,258		
15		格林大华	10,926		4,617		
16		摩根大通	9,810		1,598		
17		长江期货	9,744		3,368		
18		安粮期货	9,626		3,881		
19		倍特期货	9,294		4,695		
20		美尔雅期货	8,716		975		
总计				466,991		124,088		

名次		会员简称	持买单量	增减		
1		中粮期货	54,228		-153		
2		永安期货	38,244		758		
3		中信建投	30,606		1,995		
4		宏源期货	27,853		-341		
5		申银万国	26,435		400		
6		方正中期	24,181		1,673		
7		摩根大通	22,647		-5,860		
8		国富期货	21,220		1,923		
9		一德期货	20,861		-588		
10		海通期货	20,169		-90		
11		国泰君安	18,066		-1,530		
12		兴证期货	17,246		-5,770		
13		国投安信	16,646		-948		
14		东吴期货	15,973		1,746		
15		华泰期货	14,131		9		
16		银河期货	13,523		-2,742		
17		南华期货	13,368		613		
18		广发期货	12,609		1,433		
19		东证期货	12,590		-3,988		
20		浙商期货	12,428		691		
总计				433,024		-10,769		

名次		会员简称	持卖单量	增减		
1		中粮期货	245,741		947		
2		国投安信	107,007		2,881		
3		银河期货	53,188		501		
4		摩根大通	39,231		1,250		
5		广发期货	37,954		212		
6		海通期货	31,586		-566		
7		中信期货	28,066		291		
8		一德期货	24,164		3,889		
9		北京首创	22,427		727		
10		平安期货	20,513		-144		
11		永安期货	20,090		4,388		
12		新湖期货	18,615		36		
13		国泰君安	18,334		-2,119		
14		鲁证期货	16,995		513		
15		五矿经易	15,220		-104		
16		南华期货	13,168		-114		
17		建信期货	9,924		18		
18		宏源期货	8,552		-208		
19		北京金鹏	6,729		1		
20		国元期货	6,235		-413		
总计				743,739		11,986		



会员类别	总成交量	增减		
期货公司会员	466,991		124,088		

会员类别	总持买单量	增减		
期货公司会员	433,024		-10,769		

会员类别	总持卖单量	增减		
期货公司会员	743,739		11,986		

