								大连商品交易所 成交量_买持仓_卖持仓排名	

合约代码：eg2101		Date：2020-11-20	

			期货公司会员	

名次		会员简称	成交量		增减		
1		东证期货	103,090		15,976		
2		国富期货	33,237		7,493		
3		中信期货	31,759		3,020		
4		国泰君安	30,195		3,457		
5		华泰期货	24,768		1,815		
6		海通期货	23,548		2,774		
7		永安期货	22,672		10,472		
8		光大期货	17,251		9,033		
9		徽商期货	16,499		3,210		
10		国投安信	14,129		3,919		
11		申银万国	14,065		5,563		
12		银河期货	13,656		3,327		
13		方正中期	12,807		3,316		
14		兴证期货	11,037		4,550		
15		华闻期货	9,192		2,038		
16		东吴期货	8,898		1,600		
17		宏源期货	8,850		2,474		
18		新湖期货	8,296		1,954		
19		南华期货	8,090		2,535		
20		华安期货	7,966		-168		
总计				420,005		88,358		

名次		会员简称	持买单量	增减		
1		永安期货	10,301		910		
2		弘业期货	9,284		-223		
3		徽商期货	7,807		-164		
4		华泰期货	7,269		72		
5		信达期货	6,902		-720		
6		通惠期货	6,027		-1,171		
7		东证期货	5,878		-75		
8		新湖期货	4,960		322		
9		宏源期货	4,877		77		
10		国泰君安	4,774		292		
11		创元期货	4,402		-62		
12		华闻期货	4,341		-304		
13		中信期货	4,228		1,349		
14		银河期货	3,555		402		
15		建信期货	3,493		-1,220		
16		国投安信	3,253		-250		
17		美尔雅期货	3,225		2,631		
18		方正中期	3,122		-522		
19		中投期货	3,014		2,810		
20		中财期货	2,968		-1,299		
总计				103,680		2,855		

名次		会员简称	持卖单量	增减		
1		中信期货	19,957		-1,028		
2		永安期货	14,249		2,828		
3		申银万国	12,914		7,728		
4		国元期货	9,442		2,241		
5		天风期货	6,309		872		
6		宝城期货	4,924		2,659		
7		华泰期货	4,729		-992		
8		国投安信	4,378		63		
9		东证期货	4,271		-1,169		
10		国泰君安	4,218		-265		
11		瑞达期货	3,871		442		
12		新湖期货	3,848		250		
13		东海期货	3,652		485		
14		银河期货	3,544		424		
15		方正中期	3,535		423		
16		东吴期货	3,305		517		
17		国贸期货	3,000		-1,509		
18		中信建投	2,944		-612		
19		广州期货	2,767		-428		
20		南华期货	2,765		135		
总计				118,622		13,064		



会员类别	总成交量	增减		
期货公司会员	420,005		88,358		

会员类别	总持买单量	增减		
期货公司会员	103,680		2,855		

会员类别	总持卖单量	增减		
期货公司会员	118,622		13,064		

