								大连商品交易所 成交量_买持仓_卖持仓排名	

合约代码：m2108		Date：2020-11-20	

			期货公司会员	

名次		会员简称	成交量		增减		
1		华闻期货	6,066		902		
2		海通期货	3,470		-518		
3		国泰君安	2,987		1,123		
4		申银万国	2,870		93		
5		弘业期货	1,475		988		
6		南华期货	1,425		-468		
7		国富期货	1,394		-380		
8		中信期货	1,290		-123		
9		鲁证期货	1,200		176		
10		方正中期	1,111		83		
11		中天期货	964		-5		
12		招商期货	871		518		
13		五矿经易	782		-664		
14		国海良时	541		-189		
15		浙商期货	471		13		
16		国投安信	356		-33		
17		华鑫期货	294		122		
18		宏源期货	287		-37		
19		新湖期货	206		97		
20		华安期货	175		16		
总计				28,235		1,714		

名次		会员简称	持买单量	增减		
1		申银万国	2,095		-22		
2		海通期货	1,633		-3		
3		招商期货	1,574		-21		
4		国投安信	1,524		5		
5		弘业期货	894		6		
6		五矿经易	853		0		
7		鲁证期货	626		0		
8		浙商期货	561		3		
9		国海良时	502		1		
10		国富期货	501		0		
11		国泰君安	437		98		
12		南华期货	313		0		
13		一德期货	194		23		
14		华鑫期货	124		-36		
15		平安期货	122		-6		
16		东吴期货	100		0		
17		中信期货	97		16		
18		方正中期	92		-39		
19		永安期货	82		82		
20		宏源期货	62		-8		
总计				12,386		99		

名次		会员简称	持卖单量	增减		
1		申银万国	2,079		-30		
2		海通期货	1,663		-3		
3		招商期货	1,600		14		
4		国投安信	1,513		-7		
5		摩根大通	1,463		0		
6		五矿经易	795		0		
7		鲁证期货	626		0		
8		国海良时	531		2		
9		浙商期货	519		2		
10		国富期货	501		0		
11		南华期货	314		1		
12		华鑫期货	266		-16		
13		国泰君安	208		-9		
14		广州金控	135		0		
15		西南期货	93		46		
16		东证期货	67		1		
17		徽商期货	50		3		
18		新湖期货	46		-3		
19		中天期货	45		1		
20		上海中期	44		-15		
总计				12,558		-13		



会员类别	总成交量	增减		
期货公司会员	28,235		1,714		

会员类别	总持买单量	增减		
期货公司会员	12,386		99		

会员类别	总持卖单量	增减		
期货公司会员	12,558		-13		

