								大连商品交易所 成交量_买持仓_卖持仓排名	

合约代码：l2105		Date：2020-11-20	

			期货公司会员	

名次		会员简称	成交量		增减		
1		东证期货	13,111		1,987		
2		中信期货	4,436		-63		
3		浙江新世纪	2,580		2,446		
4		申银万国	2,391		-4,252		
5		国投安信	2,334		441		
6		国泰君安	1,983		369		
7		银河期货	1,813		1,216		
8		恒泰期货	1,692		1,686		
9		中信建投	1,526		263		
10		光大期货	1,504		-968		
11		冠通期货	1,484		-1,555		
12		华泰期货	1,389		-2,408		
13		锦泰期货	1,358		896		
14		华融融达	1,330		-934		
15		中粮期货	1,255		-507		
16		宏源期货	1,240		-107		
17		方正中期	1,104		-2		
18		华闻期货	1,060		-349		
19		永安期货	1,029		-1,825		
20		华安期货	971		-100		
总计				45,590		-3,766		

名次		会员简称	持买单量	增减		
1		信达期货	9,181		88		
2		东证期货	4,513		-202		
3		华泰期货	4,442		263		
4		浙商期货	3,632		118		
5		中粮期货	3,576		-9		
6		永安期货	3,297		94		
7		中信期货	3,142		411		
8		南华期货	2,888		140		
9		国投安信	2,786		460		
10		国泰君安	2,402		-29		
11		华金期货	1,800		10		
12		中辉期货	1,564		134		
13		大地期货	1,465		34		
14		方正中期	1,302		124		
15		国海良时	1,188		75		
16		光大期货	1,055		-54		
17		华安期货	1,027		68		
18		东海期货	982		120		
19		徽商期货	913		219		
20		一德期货	912		-190		
总计				52,067		1,874		

名次		会员简称	持卖单量	增减		
1		银河期货	11,055		-789		
2		申银万国	6,620		1,101		
3		建信期货	5,924		30		
4		中信期货	5,238		549		
5		宝城期货	4,648		0		
6		永安期货	3,770		79		
7		国海良时	3,625		-224		
8		国信期货	3,039		-162		
9		华泰期货	2,245		-406		
10		一德期货	2,191		9		
11		中财期货	2,029		20		
12		东吴期货	1,692		-119		
13		平安期货	1,627		135		
14		光大期货	1,324		-2		
15		浙江新世纪	1,228		1,197		
16		中粮期货	1,183		972		
17		五矿经易	1,023		76		
18		中银期货	878		-100		
19		方正中期	840		-152		
20		国投安信	737		0		
总计				60,916		2,214		



会员类别	总成交量	增减		
期货公司会员	45,590		-3,766		

会员类别	总持买单量	增减		
期货公司会员	52,067		1,874		

会员类别	总持卖单量	增减		
期货公司会员	60,916		2,214		

