								大连商品交易所 成交量_买持仓_卖持仓排名	

合约代码：cs2101		Date：2020-11-20	

			期货公司会员	

名次		会员简称	成交量		增减		
1		华泰期货	42,404		4,866		
2		东证期货	20,597		454		
3		国泰君安	17,598		-52		
4		国富期货	14,804		1,039		
5		兴证期货	7,190		1,635		
6		海通期货	6,628		2,247		
7		中信期货	6,189		-1,324		
8		宝城期货	3,774		911		
9		广发期货	3,676		1,715		
10		银河期货	3,476		1,184		
11		金瑞期货	3,413		497		
12		徽商期货	3,348		166		
13		光大期货	2,975		322		
14		新湖期货	2,714		-568		
15		东方财富	2,569		37		
16		国投安信	2,412		1,026		
17		华闻期货	2,406		175		
18		方正中期	2,145		177		
19		鲁证期货	2,046		-1,671		
20		东吴期货	1,848		-86		
总计				152,212		12,750		

名次		会员简称	持买单量	增减		
1		中信期货	7,546		331		
2		中粮期货	6,201		-583		
3		永安期货	4,712		6		
4		新湖期货	4,676		832		
5		弘业期货	4,394		-62		
6		一德期货	4,203		17		
7		鲁证期货	3,854		-245		
8		华泰期货	3,296		-563		
9		东证期货	3,219		-918		
10		广发期货	2,633		-1,753		
11		华融融达	2,488		127		
12		国泰君安	2,434		-527		
13		兴证期货	2,428		-366		
14		银河期货	2,410		807		
15		中辉期货	1,822		486		
16		天风期货	1,707		-7		
17		海证期货	1,485		-60		
18		徽商期货	1,395		240		
19		海通期货	1,367		-235		
20		中国国际	1,318		0		
总计				63,588		-2,473		

名次		会员简称	持卖单量	增减		
1		中信期货	9,274		-106		
2		国金期货	7,953		-44		
3		金瑞期货	7,606		19		
4		国泰君安	7,354		377		
5		南华期货	5,717		128		
6		广发期货	4,588		-335		
7		国投安信	4,569		375		
8		中粮期货	4,257		-8		
9		鲁证期货	3,459		-37		
10		永安期货	3,203		-428		
11		中信建投	2,764		184		
12		兴证期货	2,663		650		
13		宏源期货	2,398		85		
14		申银万国	2,388		543		
15		光大期货	2,141		174		
16		华泰期货	1,896		285		
17		方正中期	1,803		-377		
18		平安期货	1,631		-1,008		
19		东吴期货	1,458		199		
20		东证期货	1,445		103		
总计				78,567		779		



会员类别	总成交量	增减		
期货公司会员	152,212		12,750		

会员类别	总持买单量	增减		
期货公司会员	63,588		-2,473		

会员类别	总持卖单量	增减		
期货公司会员	78,567		779		

