								大连商品交易所 成交量_买持仓_卖持仓排名	

合约代码：c2103		Date：2020-11-20	

			期货公司会员	

名次		会员简称	成交量		增减		
1		方正中期	7,957		2,428		
2		弘业期货	5,976		2,916		
3		光大期货	5,762		1,395		
4		东证期货	4,898		-296		
5		华闻期货	4,809		1,680		
6		永安期货	4,592		3,225		
7		中信期货	4,322		269		
8		申银万国	3,911		3,268		
9		海通期货	3,541		1,527		
10		格林大华	3,358		1,158		
11		国泰君安	3,295		785		
12		国海良时	2,678		997		
13		五矿经易	2,582		809		
14		冠通期货	1,994		93		
15		宏源期货	1,919		186		
16		鲁证期货	1,850		161		
17		宝城期货	1,690		280		
18		徽商期货	1,234		554		
19		浙商期货	1,230		7		
20		银河期货	954		31		
总计				68,552		21,473		

名次		会员简称	持买单量	增减		
1		鲁证期货	6,437		0		
2		中信期货	4,024		-2		
3		国富期货	3,177		2		
4		东证期货	2,803		-34		
5		永安期货	2,545		69		
6		一德期货	2,503		-1		
7		海通期货	1,574		-489		
8		五矿经易	1,518		0		
9		弘业期货	1,125		4		
10		光大期货	1,074		1		
11		国投安信	1,005		0		
12		摩根大通	1,000		0		
13		中大期货	618		8		
14		申银万国	581		-923		
15		国海良时	580		7		
16		浙商期货	548		10		
17		国泰君安	260		3		
18		西部期货	225		-17		
19		迈科期货	176		3		
20		中信建投	162		15		
总计				31,935		-1,344		

名次		会员简称	持卖单量	增减		
1		华安期货	6,014		140		
2		东证期货	3,941		52		
3		中信期货	2,441		74		
4		光大期货	2,297		-9		
5		国海良时	1,768		-41		
6		北京首创	1,598		57		
7		永安期货	1,582		85		
8		五矿经易	1,565		14		
9		海通期货	1,561		-566		
10		弘业期货	1,160		4		
11		鲁证期货	880		-28		
12		华鑫期货	670		3		
13		上海中期	658		6		
14		中大期货	644		-6		
15		一德期货	639		12		
16		申银万国	599		-902		
17		兴证期货	532		0		
18		浙商期货	427		10		
19		新湖期货	320		28		
20		冠通期货	320		140		
总计				29,616		-927		



会员类别	总成交量	增减		
期货公司会员	68,552		21,473		

会员类别	总持买单量	增减		
期货公司会员	31,935		-1,344		

会员类别	总持卖单量	增减		
期货公司会员	29,616		-927		

