								大连商品交易所 成交量_买持仓_卖持仓排名	

合约代码：b2101		Date：2020-11-20	

			期货公司会员	

名次		会员简称	成交量		增减		
1		华泰期货	29,717		4,010		
2		海通期货	9,588		386		
3		南华期货	4,619		366		
4		弘业期货	2,922		868		
5		东方财富	2,581		2,026		
6		国海良时	2,567		-145		
7		渤海期货	1,837		28		
8		国投安信	1,750		-114		
9		光大期货	1,627		-569		
10		金瑞期货	1,617		847		
11		锦泰期货	1,597		-201		
12		方正中期	1,543		-79		
13		东证期货	1,302		-372		
14		安粮期货	1,162		-362		
15		国富期货	1,114		-673		
16		国信期货	1,109		312		
17		徽商期货	1,068		-383		
18		申银万国	1,001		-2,338		
19		永安期货	924		677		
20		五矿经易	870		163		
总计				70,515		4,447		

名次		会员简称	持买单量	增减		
1		国投安信	1,817		-2		
2		永安期货	1,734		430		
3		光大期货	1,299		-45		
4		国海良时	935		-48		
5		海通期货	925		13		
6		弘业期货	891		-6		
7		南华期货	821		10		
8		广发期货	718		-23		
9		摩根大通	708		0		
10		国信期货	656		-57		
11		渤海期货	589		0		
12		徽商期货	563		-285		
13		方正中期	551		-8		
14		金瑞期货	481		384		
15		五矿经易	398		-1		
16		银河期货	347		-1		
17		宏源期货	342		-62		
18		中信期货	331		-10		
19		平安期货	304		81		
20		安粮期货	283		-179		
总计				14,693		191		

名次		会员简称	持卖单量	增减		
1		摩根大通	3,000		0		
2		国投安信	1,909		24		
3		上海中期	1,607		-6		
4		光大期货	1,219		-14		
5		中信建投	951		184		
6		弘业期货	893		2		
7		南华期货	860		9		
8		国海良时	827		-21		
9		国信期货	657		-52		
10		海通期货	653		21		
11		国贸期货	646		13		
12		国富期货	604		7		
13		渤海期货	599		1		
14		方正中期	540		-25		
15		先锋期货	330		-1		
16		国泰君安	327		-40		
17		东吴期货	313		0		
18		一德期货	303		-3		
19		华安期货	294		-10		
20		五矿经易	278		-1		
总计				16,810		88		



会员类别	总成交量	增减		
期货公司会员	70,515		4,447		

会员类别	总持买单量	增减		
期货公司会员	14,693		191		

会员类别	总持卖单量	增减		
期货公司会员	16,810		88		

