								大连商品交易所 成交量_买持仓_卖持仓排名	

合约代码：p2101		Date：2020-11-20	

			期货公司会员	

名次		会员简称	成交量		增减		
1		东证期货	366,327		-10,026		
2		光大期货	193,052		51,052		
3		国富期货	164,833		30,180		
4		华西期货	133,015		-11,069		
5		中信期货	109,484		30,955		
6		国泰君安	105,730		21,501		
7		华闻期货	74,471		58,157		
8		海通期货	68,103		5,757		
9		银河期货	63,124		15,650		
10		华泰期货	51,702		11,280		
11		永安期货	48,361		15,671		
12		徽商期货	46,104		382		
13		申银万国	37,803		13,365		
14		华安期货	35,711		1,672		
15		新湖期货	34,522		631		
16		国投安信	34,127		4,152		
17		东方财富	32,802		-4,333		
18		宏源期货	30,708		10,943		
19		方正中期	30,623		339		
20		国元期货	29,821		-3,865		
总计				1,690,423	242,394		

名次		会员简称	持买单量	增减		
1		银河期货	27,150		729		
2		永安期货	20,358		-4,500		
3		中信期货	13,323		-3,623		
4		国泰君安	11,574		87		
5		国投安信	11,310		1,017		
6		东证期货	10,803		-4,496		
7		五矿经易	10,769		749		
8		海通期货	9,838		-7,229		
9		一德期货	9,057		1,866		
10		方正中期	8,918		-1,887		
11		华泰期货	8,774		-2,952		
12		浙商期货	6,289		1,191		
13		广发期货	6,242		-418		
14		上海中期	5,872		-372		
15		大地期货	5,461		83		
16		宏源期货	5,030		-95		
17		兴证期货	4,844		-1,855		
18		中粮期货	4,820		-7,393		
19		中信建投	4,724		-82		
20		金瑞期货	4,704		-268		
总计				189,860		-29,448		

名次		会员简称	持卖单量	增减		
1		中粮期货	29,389		-1,408		
2		国投安信	28,691		-1,472		
3		国富期货	16,261		-650		
4		东证期货	14,740		1,769		
5		国泰君安	13,364		6,007		
6		国贸期货	11,806		-1,749		
7		中信期货	11,727		-5,451		
8		银河期货	11,106		-7,469		
9		永安期货	10,353		1,543		
10		海通期货	8,794		-260		
11		中天期货	7,975		56		
12		弘业期货	7,939		-1,792		
13		华融融达	7,467		68		
14		华泰期货	5,787		-1,348		
15		安粮期货	5,607		514		
16		申银万国	5,348		-393		
17		徽商期货	4,751		-1,216		
18		摩根大通	4,705		0		
19		鲁证期货	4,559		590		
20		英大期货	4,486		543		
总计				214,855		-12,118		



会员类别	总成交量	增减		
期货公司会员	1,690,423	242,394		

会员类别	总持买单量	增减		
期货公司会员	189,860		-29,448		

会员类别	总持卖单量	增减		
期货公司会员	214,855		-12,118		

