								大连商品交易所 成交量_买持仓_卖持仓排名	

合约代码：y2101		Date：2020-11-20	

			期货公司会员	

名次		会员简称	成交量		增减		
1		东证期货	246,746		-36,837		
2		兴证期货	154,289		-20,450		
3		光大期货	143,632		73,303		
4		国富期货	110,068		9,440		
5		中信期货	76,100		-1,104		
6		国泰君安	68,212		5,386		
7		华西期货	61,702		56,702		
8		海通期货	59,899		8,049		
9		华泰期货	47,106		24,450		
10		银河期货	34,753		3,157		
11		国投安信	29,889		3,355		
12		申银万国	29,632		16,593		
13		徽商期货	25,023		4,804		
14		永安期货	24,688		7,410		
15		安粮期货	20,661		7,755		
16		华安期货	18,736		-1,594		
17		浙商期货	18,654		3,360		
18		中粮期货	17,174		3,990		
19		广发期货	17,046		-82		
20		平安期货	17,013		-6,114		
总计				1,221,023	161,573		

名次		会员简称	持买单量	增减		
1		一德期货	32,425		365		
2		银河期货	29,133		906		
3		国泰君安	27,087		3,440		
4		永安期货	18,357		-5,936		
5		国富期货	18,062		-290		
6		广发期货	15,991		-1,469		
7		浙商期货	15,806		251		
8		东证期货	15,726		1,193		
9		国投安信	14,564		309		
10		华泰期货	14,291		-2,066		
11		海通期货	14,113		-4,594		
12		中信期货	12,244		432		
13		大越期货	12,137		455		
14		南华期货	11,915		-484		
15		鲁证期货	11,493		-6		
16		天风期货	10,873		-363		
17		申银万国	10,723		4,957		
18		中粮期货	10,118		464		
19		东兴期货	9,541		565		
20		五矿经易	8,782		272		
总计				313,381		-1,599		

名次		会员简称	持卖单量	增减		
1		中粮期货	103,607		-4,610		
2		国投安信	52,048		-3,546		
3		国泰君安	26,527		-1,592		
4		中信期货	23,988		-2,018		
5		广发期货	19,078		-1,511		
6		银河期货	16,534		-2,117		
7		永安期货	15,372		1,838		
8		海通期货	14,803		-627		
9		摩根大通	11,394		-1,433		
10		信达期货	10,283		-83		
11		浙商期货	9,500		1,151		
12		平安期货	8,972		1,425		
13		新湖期货	8,473		-359		
14		国盛期货	7,432		743		
15		北京首创	7,085		27		
16		上海中期	6,978		478		
17		华闻期货	6,707		77		
18		一德期货	6,456		539		
19		兴证期货	6,190		272		
20		鲁证期货	5,390		-1,609		
总计				366,817		-12,955		



会员类别	总成交量	增减		
期货公司会员	1,221,023	161,573		

会员类别	总持买单量	增减		
期货公司会员	313,381		-1,599		

会员类别	总持卖单量	增减		
期货公司会员	366,817		-12,955		

