								大连商品交易所 成交量_买持仓_卖持仓排名	

合约代码：eb2101		Date：2020-11-20	

			期货公司会员	

名次		会员简称	成交量		增减		
1		海通期货	64,248		-7,544		
2		华闻期货	60,184		-86,535		
3		徽商期货	49,453		-47,348		
4		中信期货	44,494		-14,935		
5		国泰君安	43,893		-19,251		
6		东吴期货	42,430		-24,345		
7		东方财富	41,878		-30,182		
8		国富期货	36,452		-27,508		
9		华泰期货	32,373		-19,149		
10		东证期货	31,500		-23,056		
11		国投安信	28,251		-13,833		
12		方正中期	23,651		-19,612		
13		光大期货	23,218		-9,054		
14		银河期货	22,381		-19,352		
15		永安期货	22,283		-15,807		
16		华安期货	22,097		-20,252		
17		浙商期货	20,800		-10,618		
18		中信建投	18,763		-5,930		
19		申银万国	17,406		-17,659		
20		安粮期货	16,904		-7,821		
总计				662,659		-439,791	

名次		会员简称	持买单量	增减		
1		国泰君安	8,297		2,094		
2		永安期货	7,900		1,511		
3		华泰期货	7,273		1,095		
4		东证期货	7,008		1,993		
5		中信期货	5,969		-37		
6		美尔雅期货	4,355		3,540		
7		方正中期	3,798		-971		
8		国投安信	3,611		503		
9		海通期货	3,402		-306		
10		鲁证期货	3,248		-444		
11		中粮期货	3,113		482		
12		宏源期货	3,022		276		
13		浙江新世纪	2,988		129		
14		天风期货	2,761		-106		
15		华融融达	2,693		-743		
16		五矿经易	2,637		655		
17		安粮期货	2,590		-657		
18		徽商期货	2,384		-651		
19		浙商期货	2,273		-323		
20		申银万国	2,265		-584		
总计				81,587		7,456		

名次		会员简称	持卖单量	增减		
1		永安期货	13,644		-268		
2		华泰期货	10,204		288		
3		浙商期货	9,214		2,315		
4		徽商期货	5,815		1,542		
5		国泰君安	5,738		-1,407		
6		国投安信	5,581		296		
7		国海良时	4,415		243		
8		方正中期	4,050		1,450		
9		南华期货	3,969		541		
10		建信期货	3,646		344		
11		东方财富	3,497		-271		
12		银河期货	3,395		230		
13		中信期货	3,241		-1,033		
14		中粮期货	3,091		903		
15		东证期货	2,878		-2,587		
16		鲁证期货	2,708		186		
17		信达期货	2,702		986		
18		国贸期货	2,507		153		
19		中信建投	1,926		-869		
20		中州期货	1,907		767		
总计				94,128		3,809		



会员类别	总成交量	增减		
期货公司会员	662,659		-439,791	

会员类别	总持买单量	增减		
期货公司会员	81,587		7,456		

会员类别	总持卖单量	增减		
期货公司会员	94,128		3,809		

