								大连商品交易所 成交量_买持仓_卖持仓排名	

合约代码：eb2102		Date：2020-11-20	

			期货公司会员	

名次		会员简称	成交量		增减		
1		兴证期货	18,450		-3,444		
2		安粮期货	14,780		-4,792		
3		新纪元期货	12,869		11,825		
4		海通期货	10,910		-8,690		
5		徽商期货	10,599		9,262		
6		鲁证期货	9,835		9,031		
7		山西三立	9,638		9,638		
8		国金期货	9,561		9,479		
9		先融期货	9,522		9,270		
10		一德期货	9,269		9,214		
11		混沌天成	9,267		9,229		
12		宝城期货	9,204		8,992		
13		中国国际	7,773		5,760		
14		中辉期货	7,563		38		
15		上海大陆	7,472		-8,180		
16		国投安信	6,475		-4,066		
17		华金期货	6,088		4,435		
18		国泰君安	5,862		-1,963		
19		山金期货	4,426		3,350		
20		先锋期货	4,172		-1,174		
总计				183,735		67,214		

名次		会员简称	持买单量	增减		
1		中信期货	3,406		89		
2		国泰君安	2,786		72		
3		鲁证期货	2,467		15		
4		东吴期货	2,277		236		
5		信达期货	2,013		1,000		
6		永安期货	1,571		-10		
7		东证期货	1,502		-175		
8		华鑫期货	1,489		124		
9		华泰期货	1,165		35		
10		银河期货	1,084		-11		
11		海通期货	795		13		
12		中财期货	723		-60		
13		海证期货	702		-2		
14		中银期货	690		19		
15		申银万国	604		120		
16		浙江新世纪	588		0		
17		招商期货	554		-2		
18		锦泰期货	530		-287		
19		先锋期货	398		1		
20		创元期货	369		-24		
总计				25,713		1,153		

名次		会员简称	持卖单量	增减		
1		华泰期货	5,264		106		
2		银河期货	4,047		15		
3		国泰君安	2,842		6		
4		中信期货	2,370		-88		
5		华鑫期货	1,448		119		
6		国信期货	1,403		1		
7		东吴期货	1,242		0		
8		鲁证期货	1,198		16		
9		海通期货	1,192		-7		
10		先锋期货	991		73		
11		东海期货	951		-41		
12		东证期货	905		-144		
13		浙商期货	632		12		
14		天风期货	616		1		
15		海证期货	613		-6		
16		中粮期货	525		0		
17		国富期货	520		8		
18		信达期货	500		-11		
19		锦泰期货	484		-8		
20		申银万国	443		183		
总计				28,186		235		



会员类别	总成交量	增减		
期货公司会员	183,735		67,214		

会员类别	总持买单量	增减		
期货公司会员	25,713		1,153		

会员类别	总持卖单量	增减		
期货公司会员	28,186		235		

