								大连商品交易所 成交量_买持仓_卖持仓排名	

合约代码：c2101		Date：2020-11-20	

			期货公司会员	

名次		会员简称	成交量		增减		
1		华泰期货	139,102		2,177		
2		国泰君安	134,558		-29,590		
3		东证期货	89,283		7,822		
4		兴证期货	40,222		2,932		
5		天风期货	30,443		5,358		
6		中信期货	23,999		2,884		
7		国富期货	21,933		-165		
8		海通期货	17,935		5,975		
9		广州金控	17,751		7,987		
10		永安期货	14,047		1,448		
11		银河期货	13,989		3,010		
12		冠通期货	13,595		2,480		
13		宝城期货	12,807		11,901		
14		方正中期	11,895		2,607		
15		国投安信	11,861		2,861		
16		中信建投	11,124		-2,947		
17		徽商期货	10,924		1,806		
18		美尔雅期货	9,933		9,040		
19		华闻期货	9,882		932		
20		宏源期货	9,514		190		
总计				644,797		38,708		

名次		会员简称	持买单量	增减		
1		永安期货	122,693		-617		
2		东证期货	53,454		-8,956		
3		国投安信	48,273		-5,299		
4		五矿经易	43,047		-290		
5		华融融达	38,272		-140		
6		光大期货	36,852		-1,414		
7		鲁证期货	33,353		407		
8		海证期货	27,558		1,179		
9		中粮期货	25,777		-803		
10		中信期货	25,574		39		
11		国泰君安	23,933		-4,882		
12		申银万国	21,969		-1,614		
13		华泰期货	16,869		985		
14		北京首创	14,907		1,340		
15		浙商期货	12,204		-4		
16		安粮期货	10,854		-569		
17		兴证期货	10,378		-2,387		
18		美尔雅期货	9,464		124		
19		南华期货	9,181		-1,248		
20		徽商期货	8,012		160		
总计				592,624		-23,989		

名次		会员简称	持卖单量	增减		
1		中粮期货	87,904		238		
2		中信期货	70,659		-1,887		
3		光大期货	54,994		769		
4		永安期货	38,017		-72		
5		国泰君安	36,795		-3,095		
6		中国国际	24,838		25		
7		国投安信	22,959		-1,378		
8		南华期货	20,787		-2,135		
9		国贸期货	19,581		-1,079		
10		华安期货	17,092		-635		
11		银河期货	17,005		9		
12		国富期货	15,946		-4,318		
13		华泰期货	13,222		-2,313		
14		中财期货	12,488		135		
15		海通期货	12,443		-443		
16		中信建投	11,680		-1,417		
17		民生期货	11,613		-715		
18		格林大华	10,799		3		
19		瑞达期货	10,751		-52		
20		鲁证期货	10,329		316		
总计				519,902		-18,044		



会员类别	总成交量	增减		
期货公司会员	644,797		38,708		

会员类别	总持买单量	增减		
期货公司会员	592,624		-23,989		

会员类别	总持卖单量	增减		
期货公司会员	519,902		-18,044		

