								大连商品交易所 成交量_买持仓_卖持仓排名	

合约代码：y2105		Date：2020-11-20	

			期货公司会员	

名次		会员简称	成交量		增减		
1		东证期货	81,377		2,620		
2		光大期货	52,750		12,143		
3		兴证期货	40,234		9,213		
4		格林大华	36,686		2,059		
5		华泰期货	18,512		12,708		
6		中信期货	17,479		2,824		
7		永安期货	16,976		7,018		
8		银河期货	14,282		2,449		
9		宏源期货	14,236		5,154		
10		平安期货	13,977		9,990		
11		海通期货	13,638		1,358		
12		中粮期货	13,373		1,669		
13		浙商期货	12,511		2,428		
14		一德期货	10,801		4,222		
15		国元期货	9,399		-1,243		
16		申银万国	8,439		3,286		
17		国泰君安	7,251		-4,405		
18		国投安信	6,988		-3,836		
19		广发期货	6,466		-3,830		
20		国富期货	6,196		3,248		
总计				401,571		69,075		

名次		会员简称	持买单量	增减		
1		中粮期货	42,777		-2,257		
2		永安期货	37,802		4,068		
3		浙商期货	22,154		-2,143		
4		五矿经易	18,835		116		
5		天风期货	18,118		832		
6		一德期货	15,959		-947		
7		国投安信	15,761		316		
8		中信期货	14,837		-1,342		
9		国泰君安	13,012		1,132		
10		大越期货	10,617		10		
11		东兴期货	9,955		-149		
12		东证期货	9,921		323		
13		银河期货	9,715		-142		
14		申银万国	8,914		1,622		
15		国盛期货	8,253		20		
16		广发期货	6,939		-1,873		
17		华泰期货	6,834		532		
18		海通期货	6,608		860		
19		兴证期货	6,592		362		
20		国富期货	5,728		1,807		
总计				289,331		3,147		

名次		会员简称	持卖单量	增减		
1		中粮期货	64,458		1,964		
2		国投安信	59,434		2,888		
3		银河期货	33,135		1,878		
4		一德期货	29,719		-3,142		
5		中信期货	21,722		371		
6		摩根大通	21,700		-311		
7		国富期货	18,214		113		
8		国泰君安	13,269		303		
9		五矿经易	12,020		-771		
10		广发期货	9,353		1,333		
11		新湖期货	9,279		320		
12		平安期货	8,630		-2,299		
13		东证期货	8,426		426		
14		永安期货	7,386		608		
15		海通期货	7,005		-844		
16		南华期货	5,959		-242		
17		华泰期货	5,604		702		
18		中财期货	4,876		66		
19		宏源期货	4,684		527		
20		信达期货	4,302		-75		
总计				349,175		3,815		



会员类别	总成交量	增减		
期货公司会员	401,571		69,075		

会员类别	总持买单量	增减		
期货公司会员	289,331		3,147		

会员类别	总持卖单量	增减		
期货公司会员	349,175		3,815		

