								大连商品交易所 成交量_买持仓_卖持仓排名	

合约代码：v2101		Date：2020-11-20	

			期货公司会员	

名次		会员简称	成交量		增减		
1		东证期货	82,631		-38,269		
2		兴证期货	39,987		-17,227		
3		中信期货	28,932		12,786		
4		国泰君安	22,786		-11,722		
5		华金期货	17,959		-10,167		
6		海通期货	16,154		-12,910		
7		国富期货	15,354		-7,805		
8		永安期货	10,396		-9,475		
9		方正中期	6,889		-1,782		
10		华泰期货	6,520		-7,013		
11		国信期货	6,073		-10,766		
12		中财期货	5,726		1,099		
13		徽商期货	5,708		-2,115		
14		中辉期货	5,681		-8,363		
15		申银万国	5,119		-2,888		
16		华安期货	4,665		-1,861		
17		中信建投	4,411		-26,258		
18		银河期货	4,132		-3,167		
19		新湖期货	4,125		-1,403		
20		上海中期	3,666		-304		
总计				296,914		-159,610	

名次		会员简称	持买单量	增减		
1		永安期货	34,684		-2,694		
2		中信期货	18,021		-1,001		
3		国泰君安	10,545		497		
4		东证期货	9,797		1,250		
5		国投安信	9,679		131		
6		华泰期货	9,618		-1,230		
7		中粮期货	8,405		196		
8		银河期货	7,356		-337		
9		南华期货	6,581		-303		
10		申银万国	6,053		254		
11		国信期货	5,269		1,075		
12		鲁证期货	4,815		-225		
13		东航期货	4,705		341		
14		招商期货	4,704		-136		
15		兴证期货	4,634		170		
16		方正中期	4,561		-460		
17		宏源期货	4,253		-197		
18		中辉期货	4,153		-211		
19		一德期货	4,114		362		
20		瑞达期货	3,754		-642		
总计				165,701		-3,160		

名次		会员简称	持卖单量	增减		
1		永安期货	29,496		-1,216		
2		中财期货	13,475		-311		
3		国信期货	13,009		-1,080		
4		兴业期货	12,383		923		
5		建信期货	11,570		-689		
6		中国国际	10,541		86		
7		中信建投	9,230		383		
8		一德期货	8,816		-382		
9		浙商期货	8,535		145		
10		国贸期货	8,466		-83		
11		东证期货	7,745		-261		
12		方正中期	7,112		35		
13		中信期货	6,867		-1,061		
14		申银万国	6,478		415		
15		国泰君安	6,194		-163		
16		大地期货	5,041		-503		
17		宏源期货	4,878		193		
18		银河期货	4,575		-229		
19		广发期货	4,517		-273		
20		华泰期货	4,454		-14		
总计				183,382		-4,085		



会员类别	总成交量	增减		
期货公司会员	296,914		-159,610	

会员类别	总持买单量	增减		
期货公司会员	165,701		-3,160		

会员类别	总持卖单量	增减		
期货公司会员	183,382		-4,085		

