								大连商品交易所 成交量_买持仓_卖持仓排名	

合约代码：jd2102		Date：2020-11-20	

			期货公司会员	

名次		会员简称	成交量		增减		
1		东证期货	3,415		-608		
2		光大期货	1,351		-361		
3		徽商期货	1,082		-330		
4		国泰君安	942		-3		
5		申银万国	776		-216		
6		中信建投	738		-29		
7		宏源期货	718		-100		
8		华安期货	636		-217		
9		中粮期货	566		-41		
10		金瑞期货	504		35		
11		方正中期	486		58		
12		东方财富	481		-141		
13		永安期货	477		327		
14		国金期货	373		2		
15		宝城期货	347		-87		
16		先锋期货	346		-1,515		
17		中辉期货	335		-76		
18		中信期货	313		17		
19		东吴期货	288		-40		
20		广发期货	273		154		
总计				14,447		-3,171		

名次		会员简称	持买单量	增减		
1		徽商期货	1,983		26		
2		银河期货	1,577		-4		
3		汇鑫期货	1,507		63		
4		东吴期货	1,480		-91		
5		东方财富	1,427		-79		
6		国泰君安	1,357		-139		
7		美尔雅期货	1,202		-14		
8		中信建投	1,183		39		
9		中辉期货	1,124		2		
10		永安期货	1,005		65		
11		中信期货	959		88		
12		方正中期	945		14		
13		福能期货	935		4		
14		光大期货	924		-12		
15		中国国际	891		28		
16		宏源期货	870		-428		
17		中粮期货	863		339		
18		广发期货	862		175		
19		浙商期货	842		173		
20		东证期货	823		149		
总计				22,759		398		

名次		会员简称	持卖单量	增减		
1		先锋期货	5,408		222		
2		宏源期货	4,315		50		
3		光大期货	2,906		139		
4		徽商期货	2,551		176		
5		永安期货	2,198		-96		
6		国泰君安	1,703		159		
7		华安期货	1,433		-94		
8		海航期货	1,294		7		
9		中原期货	1,268		-23		
10		东海期货	1,096		-57		
11		安粮期货	1,024		44		
12		盛达期货	867		56		
13		中信建投	863		-439		
14		上海大陆	685		-18		
15		北京首创	682		23		
16		广发期货	676		0		
17		方正中期	674		32		
18		国金期货	604		266		
19		申银万国	527		3		
20		东吴期货	511		57		
总计				31,285		507		



会员类别	总成交量	增减		
期货公司会员	14,447		-3,171		

会员类别	总持买单量	增减		
期货公司会员	22,759		398		

会员类别	总持卖单量	增减		
期货公司会员	31,285		507		

