								大连商品交易所 成交量_买持仓_卖持仓排名	

合约代码：jd2101		Date：2020-11-20	

			期货公司会员	

名次		会员简称	成交量		增减		
1		东证期货	51,550		-2,281		
2		徽商期货	19,660		-5,101		
3		东吴期货	18,985		360		
4		国富期货	18,499		-1,384		
5		银河期货	17,659		-3,985		
6		国泰君安	17,179		-1,134		
7		中信期货	16,766		-2,828		
8		海通期货	15,759		3,122		
9		华安期货	15,420		-1,125		
10		宏源期货	13,001		-863		
11		方正中期	12,598		-1,460		
12		申银万国	11,447		1,987		
13		华泰期货	9,783		-2,204		
14		中信建投	9,612		-1,319		
15		光大期货	8,636		-3,217		
16		东方财富	8,266		19		
17		中辉期货	8,151		-3,987		
18		兴证期货	7,969		-158		
19		瑞达期货	7,483		514		
20		弘业期货	7,083		2,848		
总计				295,506		-22,196		

名次		会员简称	持买单量	增减		
1		华安期货	8,161		1,080		
2		徽商期货	7,107		-661		
3		宏源期货	5,530		1,024		
4		永安期货	5,428		-345		
5		汇鑫期货	4,917		1,372		
6		中信期货	4,713		-44		
7		方正中期	4,690		-1,241		
8		华泰期货	4,131		635		
9		银河期货	3,982		-833		
10		国泰君安	3,925		-299		
11		安粮期货	3,679		-533		
12		东证期货	3,518		-1,675		
13		中信建投	3,391		-509		
14		新湖期货	2,954		140		
15		长江期货	2,905		-968		
16		广发期货	2,865		178		
17		鲁证期货	2,658		-543		
18		先锋期货	2,654		-236		
19		中辉期货	2,526		-482		
20		瑞达期货	2,525		-2,524		
总计				82,259		-6,464		

名次		会员简称	持卖单量	增减		
1		国泰君安	7,769		526		
2		中信期货	7,501		-142		
3		兴证期货	7,137		207		
4		华泰期货	6,599		-1,358		
5		宏源期货	6,521		537		
6		东证期货	5,376		-457		
7		银河期货	4,552		-650		
8		方正中期	4,490		-133		
9		永安期货	4,369		62		
10		徽商期货	3,555		133		
11		中信建投	3,407		303		
12		鲁证期货	3,292		407		
13		中辉期货	3,179		-279		
14		南华期货	3,112		-633		
15		海通期货	2,814		-1,788		
16		瑞达期货	2,739		-409		
17		东吴期货	2,557		-586		
18		海证期货	2,421		-358		
19		国富期货	2,421		-972		
20		招商期货	2,404		31		
总计				86,215		-5,559		



会员类别	总成交量	增减		
期货公司会员	295,506		-22,196		

会员类别	总持买单量	增减		
期货公司会员	82,259		-6,464		

会员类别	总持卖单量	增减		
期货公司会员	86,215		-5,559		

