								大连商品交易所 成交量_买持仓_卖持仓排名	

合约代码：m2107		Date：2020-11-24	

			期货公司会员	

名次		会员简称	成交量		增减		
1		国泰君安	63,195		13,425		
2		光大期货	44,862		27,653		
3		华融融达	32,963		32,782		
4		东证期货	32,470		-17,003		
5		一德期货	27,558		6,096		
6		国富期货	24,364		-10,548		
7		徽商期货	23,719		4,187		
8		申银万国	22,774		1,549		
9		银河期货	22,284		4,439		
10		国元期货	22,249		8,305		
11		美尔雅期货	21,515		8,032		
12		中辉期货	10,142		-5,855		
13		浙商期货	8,789		945		
14		冠通期货	7,306		-5,616		
15		中信建投	6,170		-1,962		
16		中天期货	5,544		-6,411		
17		新湖期货	5,464		-1,069		
18		兴业期货	5,433		2,756		
19		中州期货	5,080		4,883		
20		华安期货	4,583		-626		
总计				396,464		65,962		

名次		会员简称	持买单量	增减		
1		国泰君安	9,433		-20		
2		申银万国	8,430		20		
3		海通期货	5,184		12		
4		招商期货	2,996		4		
5		国投安信	2,467		31		
6		南华期货	1,809		-3		
7		宝城期货	1,200		306		
8		鲁证期货	1,196		0		
9		中信期货	1,188		3		
10		冠通期货	1,131		346		
11		五矿经易	1,101		0		
12		国海良时	1,065		-37		
13		东吴期货	1,026		25		
14		新湖期货	973		2		
15		国富期货	933		-11		
16		浙商期货	912		18		
17		创元期货	782		1		
18		中粮期货	623		-2		
19		东证期货	602		20		
20		民生期货	439		-5		
总计				43,490		710		

名次		会员简称	持卖单量	增减		
1		国泰君安	9,669		-3		
2		申银万国	8,332		2		
3		安粮期货	6,806		591		
4		海通期货	4,852		-13		
5		招商期货	3,036		5		
6		摩根大通	2,657		0		
7		国投安信	2,396		29		
8		南华期货	1,805		1		
9		国元期货	1,485		698		
10		鲁证期货	1,339		0		
11		东吴期货	1,125		70		
12		五矿经易	1,084		0		
13		国富期货	975		-199		
14		浙商期货	829		19		
15		创元期货	628		1		
16		国海良时	567		23		
17		平安期货	526		0		
18		冠通期货	392		0		
19		宏源期货	332		7		
20		中大期货	300		0		
总计				49,135		1,231		



会员类别	总成交量	增减		
期货公司会员	396,464		65,962		

会员类别	总持买单量	增减		
期货公司会员	43,490		710		

会员类别	总持卖单量	增减		
期货公司会员	49,135		1,231		

