								大连商品交易所 成交量_买持仓_卖持仓排名	

合约代码：jd2102		Date：2020-11-24	

			期货公司会员	

名次		会员简称	成交量		增减		
1		东证期货	5,052		765		
2		光大期货	2,231		642		
3		徽商期货	2,122		896		
4		申银万国	1,314		246		
5		永安期货	1,207		977		
6		汇鑫期货	1,165		697		
7		中粮期货	1,061		743		
8		中信期货	1,057		652		
9		安粮期货	1,039		691		
10		中信建投	858		435		
11		国泰君安	843		-420		
12		东方财富	751		340		
13		华安期货	730		230		
14		鲁证期货	601		452		
15		浙商期货	557		156		
16		国金期货	555		171		
17		宏源期货	504		-78		
18		先锋期货	492		71		
19		盛达期货	462		364		
20		方正中期	439		58		
总计				23,040		8,088		

名次		会员简称	持买单量	增减		
1		汇鑫期货	3,012		1,049		
2		徽商期货	2,119		-131		
3		永安期货	1,793		784		
4		东吴期货	1,606		51		
5		东方财富	1,567		6		
6		银河期货	1,540		-44		
7		国泰君安	1,440		-48		
8		中信建投	1,248		52		
9		浙商期货	1,239		97		
10		中辉期货	1,137		-1		
11		福能期货	1,097		-23		
12		广发期货	1,074		69		
13		方正中期	1,027		-40		
14		中信期货	887		-155		
15		美尔雅期货	851		41		
16		中国国际	845		85		
17		光大期货	814		-34		
18		东证期货	808		-3		
19		申银万国	688		-78		
20		华安期货	682		-7		
总计				25,474		1,670		

名次		会员简称	持卖单量	增减		
1		先锋期货	5,357		70		
2		宏源期货	4,359		126		
3		光大期货	2,988		53		
4		徽商期货	2,885		135		
5		永安期货	1,931		-153		
6		国泰君安	1,680		139		
7		华安期货	1,607		73		
8		海航期货	1,512		149		
9		中原期货	1,283		-33		
10		安粮期货	1,278		204		
11		东海期货	1,234		88		
12		中信建投	1,131		94		
13		盛达期货	1,129		229		
14		鲁证期货	791		428		
15		方正中期	768		81		
16		东吴期货	702		127		
17		北京首创	684		1		
18		上海大陆	664		-20		
19		国金期货	551		-62		
20		招金期货	540		11		
总计				33,074		1,740		



会员类别	总成交量	增减		
期货公司会员	23,040		8,088		

会员类别	总持买单量	增减		
期货公司会员	25,474		1,670		

会员类别	总持卖单量	增减		
期货公司会员	33,074		1,740		

