								大连商品交易所 成交量_买持仓_卖持仓排名	

合约代码：jd2109		Date：2020-11-24	

			期货公司会员	

名次		会员简称	成交量		增减		
1		光大期货	839		-540		
2		宏源期货	767		387		
3		方正中期	492		185		
4		华安期货	441		258		
5		鲁证期货	402		228		
6		安粮期货	399		67		
7		华闻期货	392		-93		
8		华泰期货	355		137		
9		永安期货	354		170		
10		中信建投	326		188		
11		广州金控	317		310		
12		徽商期货	301		5		
13		美尔雅期货	287		109		
14		东证期货	281		-523		
15		中信期货	209		-36		
16		国投安信	193		140		
17		大地期货	186		90		
18		先锋期货	184		-86		
19		中投期货	177		-29		
20		一德期货	156		17		
总计				7,058		984		

名次		会员简称	持买单量	增减		
1		海通期货	3,020		99		
2		鲁证期货	1,902		-41		
3		徽商期货	1,802		105		
4		宏源期货	1,734		-50		
5		中信建投	1,516		-16		
6		中州期货	1,246		-15		
7		方正中期	1,235		40		
8		海证期货	1,187		-19		
9		光大期货	1,139		38		
10		华安期货	962		33		
11		永安期货	849		43		
12		中辉期货	833		-26		
13		中投期货	749		55		
14		银河期货	742		-21		
15		华泰期货	711		2		
16		中粮期货	669		11		
17		华闻期货	661		-82		
18		长江期货	617		11		
19		美尔雅期货	568		50		
20		中信期货	478		-12		
总计				22,620		205		

名次		会员简称	持卖单量	增减		
1		方正中期	5,771		140		
2		宏源期货	4,141		473		
3		国泰君安	2,672		48		
4		申银万国	2,450		7		
5		先锋期货	1,209		48		
6		招金期货	1,208		-13		
7		长江期货	881		-33		
8		永安期货	857		-127		
9		弘业期货	849		5		
10		中州期货	803		12		
11		盛达期货	790		41		
12		大地期货	759		13		
13		广发期货	639		-18		
14		中粮期货	635		-17		
15		一德期货	626		4		
16		徽商期货	621		-18		
17		华安期货	576		90		
18		中辉期货	537		6		
19		广州金控	529		311		
20		鲁证期货	527		135		
总计				27,080		1,107		



会员类别	总成交量	增减		
期货公司会员	7,058		984		

会员类别	总持买单量	增减		
期货公司会员	22,620		205		

会员类别	总持卖单量	增减		
期货公司会员	27,080		1,107		

