								大连商品交易所 成交量_买持仓_卖持仓排名	

合约代码：y2105		Date：2020-11-24	

			期货公司会员	

名次		会员简称	成交量		增减		
1		东证期货	98,070		-10,574		
2		光大期货	49,676		-4,680		
3		兴证期货	37,333		-11,621		
4		中粮期货	26,101		-2,947		
5		中信期货	25,603		-979		
6		国泰君安	23,429		-607		
7		永安期货	22,018		5,121		
8		格林大华	17,685		4,765		
9		华泰期货	16,904		8,293		
10		海通期货	16,005		-4,171		
11		宏源期货	13,360		-3,094		
12		浙商期货	12,239		-6,198		
13		国富期货	11,420		-1,000		
14		银河期货	11,162		-1,890		
15		国投安信	11,066		-2,015		
16		新湖期货	10,891		6,688		
17		五矿经易	10,350		-5,166		
18		国元期货	9,056		-95		
19		申银万国	8,200		-5,356		
20		华安期货	8,018		732		
总计				438,586		-34,794		

名次		会员简称	持买单量	增减		
1		永安期货	44,457		-1,620		
2		五矿经易	26,343		329		
3		浙商期货	23,952		1,787		
4		一德期货	18,309		1,251		
5		天风期货	17,354		-991		
6		中粮期货	16,245		-16,398		
7		国泰君安	14,092		-3,727		
8		国投安信	13,993		-1,673		
9		申银万国	12,711		448		
10		中信期货	12,141		2,856		
11		大越期货	10,466		-87		
12		东兴期货	9,944		-85		
13		东证期货	8,732		-297		
14		银河期货	8,465		-1,590		
15		华泰期货	7,624		313		
16		广发期货	6,573		-185		
17		宝城期货	5,230		-85		
18		国富期货	4,740		-564		
19		弘业期货	4,690		448		
20		兴证期货	4,640		-431		
总计				270,701		-20,301		

名次		会员简称	持卖单量	增减		
1		中粮期货	74,721		-187		
2		国投安信	60,551		-1,009		
3		银河期货	33,053		-782		
4		中信期货	20,371		-2,233		
5		摩根大通	19,350		-3,131		
6		国富期货	15,742		2,416		
7		国泰君安	15,316		822		
8		一德期货	11,785		512		
9		平安期货	9,015		-1,264		
10		新湖期货	8,830		-260		
11		永安期货	8,488		1,052		
12		海通期货	8,074		-1,282		
13		广发期货	8,017		623		
14		南华期货	6,954		-579		
15		东证期货	5,987		-2,199		
16		五矿经易	5,964		-2,691		
17		华泰期货	5,801		231		
18		宏源期货	4,816		180		
19		信达期货	4,308		8		
20		北京首创	4,145		10		
总计				331,288		-9,763		



会员类别	总成交量	增减		
期货公司会员	438,586		-34,794		

会员类别	总持买单量	增减		
期货公司会员	270,701		-20,301		

会员类别	总持卖单量	增减		
期货公司会员	331,288		-9,763		

