								大连商品交易所 成交量_买持仓_卖持仓排名	

合约代码：b2101		Date：2020-11-24	

			期货公司会员	

名次		会员简称	成交量		增减		
1		华泰期货	22,893		-5,769		
2		海通期货	6,135		-1,667		
3		南华期货	3,660		-1,741		
4		弘业期货	3,264		152		
5		国海良时	1,917		671		
6		光大期货	1,743		-403		
7		渤海期货	1,553		-510		
8		锦泰期货	1,475		-321		
9		东证期货	1,341		-666		
10		徽商期货	1,247		274		
11		国富期货	1,133		-313		
12		国投安信	1,117		-252		
13		方正中期	1,099		-116		
14		华安期货	979		-176		
15		兴证期货	940		-138		
16		先锋期货	937		324		
17		中信建投	914		406		
18		安粮期货	803		-278		
19		五矿经易	728		-920		
20		国信期货	711		-240		
总计				54,589		-11,683		

名次		会员简称	持买单量	增减		
1		永安期货	1,925		7		
2		国投安信	1,516		-299		
3		光大期货	1,300		-63		
4		南华期货	912		97		
5		国海良时	840		-94		
6		国信期货	657		3		
7		方正中期	511		-32		
8		华闻期货	510		144		
9		金瑞期货	480		-1		
10		弘业期货	470		-33		
11		五矿经易	429		31		
12		海通期货	421		-436		
13		宏源期货	416		64		
14		渤海期货	360		-30		
15		华泰期货	338		152		
16		国富期货	307		41		
17		摩根大通	300		-408		
18		安粮期货	297		-1		
19		平安期货	240		-30		
20		银河期货	238		-92		
总计				12,467		-980		

名次		会员简称	持卖单量	增减		
1		摩根大通	3,000		0		
2		国投安信	1,536		-374		
3		上海中期	1,528		-65		
4		光大期货	1,051		-246		
5		国海良时	827		5		
6		南华期货	802		-49		
7		国信期货	656		2		
8		国富期货	608		8		
9		国贸期货	607		-26		
10		方正中期	522		-21		
11		弘业期货	472		-27		
12		国泰君安	406		78		
13		渤海期货	392		-65		
14		海通期货	384		-311		
15		中信建投	317		-721		
16		五矿经易	251		-37		
17		北京首创	206		3		
18		一德期货	201		-154		
19		华安期货	158		-73		
20		先锋期货	140		-390		
总计				14,064		-2,463		



会员类别	总成交量	增减		
期货公司会员	54,589		-11,683		

会员类别	总持买单量	增减		
期货公司会员	12,467		-980		

会员类别	总持卖单量	增减		
期货公司会员	14,064		-2,463		

