								大连商品交易所 成交量_买持仓_卖持仓排名	

合约代码：p2105		Date：2020-11-24	

			期货公司会员	

名次		会员简称	成交量		增减		
1		光大期货	32,933		-875		
2		兴证期货	28,767		-2,151		
3		东证期货	23,007		-7,193		
4		国泰君安	21,932		-8,971		
5		中信期货	15,149		-3,762		
6		海通期货	13,926		-2,459		
7		宏源期货	12,310		-361		
8		浙商期货	12,137		-5,409		
9		华西期货	9,539		4,562		
10		永安期货	9,003		3,156		
11		国元期货	8,473		-1,704		
12		华泰期货	7,898		-4,590		
13		华创期货	7,536		-84		
14		华安期货	7,118		2,504		
15		申银万国	7,000		2,761		
16		国投安信	6,852		-87		
17		五矿经易	6,772		5,446		
18		中粮期货	6,709		2,665		
19		上海中期	6,661		2,665		
20		摩根大通	6,370		3,820		
总计				250,092		-10,067		

名次		会员简称	持买单量	增减		
1		永安期货	15,434		2,273		
2		国泰君安	12,867		536		
3		浙商期货	12,437		-195		
4		天风期货	9,843		-22		
5		大地期货	9,065		192		
6		国投安信	8,951		272		
7		银河期货	8,308		856		
8		海通期货	8,030		1,934		
9		大越期货	6,844		178		
10		华泰期货	6,242		128		
11		中信期货	5,620		-3,106		
12		一德期货	5,150		-438		
13		中粮期货	4,910		28		
14		中国国际	4,660		-68		
15		东证期货	3,763		-553		
16		广发期货	2,949		-517		
17		东兴期货	2,649		0		
18		光大期货	2,565		75		
19		南华期货	2,236		-225		
20		国富期货	2,221		-407		
总计				134,744		941		

名次		会员简称	持卖单量	增减		
1		一德期货	26,201		1,370		
2		中粮期货	18,811		405		
3		国投安信	11,631		1,202		
4		国贸期货	10,390		469		
5		银河期货	10,353		-269		
6		中信期货	8,833		459		
7		海通期货	8,743		1,140		
8		中融汇信	8,246		-63		
9		永安期货	8,160		-1,266		
10		东证期货	6,777		-244		
11		华融融达	6,575		1,361		
12		弘业期货	5,448		-29		
13		摩根大通	4,045		-2,850		
14		广发期货	3,801		-597		
15		申银万国	2,963		-5		
16		英大期货	2,736		-335		
17		国泰君安	2,282		466		
18		宏源期货	1,893		269		
19		五矿经易	1,822		-1,211		
20		鲁证期货	1,781		-241		
总计				151,491		31		



会员类别	总成交量	增减		
期货公司会员	250,092		-10,067		

会员类别	总持买单量	增减		
期货公司会员	134,744		941		

会员类别	总持卖单量	增减		
期货公司会员	151,491		31		

