								大连商品交易所 成交量_买持仓_卖持仓排名	

合约代码：c2103		Date：2020-11-24	

			期货公司会员	

名次		会员简称	成交量		增减		
1		东证期货	8,553		2,896		
2		中信期货	7,697		-711		
3		方正中期	7,274		448		
4		弘业期货	6,494		-728		
5		华闻期货	6,195		-469		
6		国富期货	5,973		925		
7		永安期货	5,797		-934		
8		中大期货	5,046		802		
9		国泰君安	4,913		1,308		
10		国海良时	4,799		-244		
11		冠通期货	4,424		1,511		
12		光大期货	4,160		-4,492		
13		格林大华	4,087		804		
14		五矿经易	3,570		-109		
15		鲁证期货	3,390		-492		
16		海通期货	2,774		-771		
17		华安期货	2,730		1,756		
18		宝城期货	2,652		-176		
19		国投安信	2,597		-667		
20		申银万国	2,457		822		
总计				95,582		1,479		

名次		会员简称	持买单量	增减		
1		鲁证期货	6,462		26		
2		国投安信	4,931		1,926		
3		光大期货	4,080		-14		
4		中信期货	4,026		-42		
5		国富期货	3,493		102		
6		东证期货	2,849		-19		
7		永安期货	2,591		307		
8		五矿经易	1,518		0		
9		海通期货	1,216		-307		
10		弘业期货	1,128		22		
11		摩根大通	1,000		0		
12		中大期货	614		-2		
13		国海良时	573		2		
14		浙商期货	541		0		
15		申银万国	348		319		
16		国泰君安	280		38		
17		中粮期货	270		134		
18		西部期货	207		-22		
19		华安期货	194		0		
20		迈科期货	173		-1		
总计				36,494		2,469		

名次		会员简称	持卖单量	增减		
1		华安期货	7,909		2,010		
2		东证期货	4,465		82		
3		中信期货	2,314		-87		
4		兴证期货	2,031		-3		
5		国投安信	1,915		525		
6		国海良时	1,715		-45		
7		永安期货	1,592		-26		
8		五矿经易	1,580		0		
9		光大期货	1,557		-436		
10		海通期货	1,402		-299		
11		弘业期货	1,189		-8		
12		北京首创	978		-166		
13		鲁证期货	863		-2		
14		冠通期货	643		-2		
15		中大期货	642		0		
16		上海中期	618		-29		
17		国富期货	602		101		
18		华鑫期货	518		-17		
19		浙商期货	420		-3		
20		申银万国	390		324		
总计				33,343		1,919		



会员类别	总成交量	增减		
期货公司会员	95,582		1,479		

会员类别	总持买单量	增减		
期货公司会员	36,494		2,469		

会员类别	总持卖单量	增减		
期货公司会员	33,343		1,919		

