								大连商品交易所 成交量_买持仓_卖持仓排名	

合约代码：eg2102		Date：2020-11-24	

			期货公司会员	

名次		会员简称	成交量		增减		
1		东证期货	30,347		-269		
2		方正中期	6,716		1,296		
3		华西期货	5,186		-1,929		
4		中信期货	5,154		-996		
5		海通期货	4,213		-2,765		
6		银河期货	3,865		403		
7		国泰君安	3,814		-9,274		
8		光大期货	3,781		564		
9		国富期货	2,986		-10,914		
10		宏源期货	2,510		2,473		
11		国投安信	2,462		-25,705		
12		安粮期货	2,284		2,141		
13		华闻期货	2,241		359		
14		迈科期货	2,150		-1,528		
15		锦泰期货	2,137		-217		
16		申银万国	2,125		-2,272		
17		中辉期货	1,732		-7,903		
18		五矿经易	1,519		-119		
19		华安期货	945		405		
20		浙商期货	902		-99		
总计				87,069		-56,349		

名次		会员简称	持买单量	增减		
1		国投安信	2,698		-1		
2		东证期货	1,529		-3		
3		招商期货	1,234		57		
4		申银万国	996		9		
5		五矿经易	813		-1		
6		中信期货	591		13		
7		华泰期货	581		49		
8		东吴期货	521		7		
9		方正中期	506		159		
10		创元期货	291		12		
11		国富期货	266		-6		
12		中财期货	222		219		
13		中大期货	200		0		
14		东海期货	167		11		
15		宏源期货	156		-4		
16		南华期货	119		-49		
17		新湖期货	113		24		
18		浙江新世纪	107		95		
19		金瑞期货	75		63		
20		国泰君安	69		-13		
总计				11,254		641		

名次		会员简称	持卖单量	增减		
1		国投安信	2,700		11		
2		东证期货	1,580		10		
3		招商期货	1,178		-19		
4		五矿经易	819		-32		
5		申银万国	717		26		
6		中信期货	712		-3		
7		东吴期货	557		-9		
8		华泰期货	533		3		
9		方正中期	316		155		
10		国富期货	303		2		
11		创元期货	269		0		
12		中大期货	200		0		
13		迈科期货	195		43		
14		银河期货	164		19		
15		长城期货	135		57		
16		平安期货	120		-4		
17		冠通期货	110		20		
18		大有期货	99		64		
19		中衍期货	90		-43		
20		国泰君安	78		27		
总计				10,875		327		



会员类别	总成交量	增减		
期货公司会员	87,069		-56,349		

会员类别	总持买单量	增减		
期货公司会员	11,254		641		

会员类别	总持卖单量	增减		
期货公司会员	10,875		327		

