								大连商品交易所 成交量_买持仓_卖持仓排名	

合约代码：j2101		Date：2020-11-24	

			期货公司会员	

名次		会员简称	成交量		增减		
1		国富期货	27,905		-19,133		
2		中信期货	15,582		-10,652		
3		海通期货	9,703		-3,686		
4		中辉期货	9,427		-3,050		
5		东证期货	8,813		-1,862		
6		国泰君安	8,127		-6,777		
7		光大期货	8,108		-11,271		
8		银河期货	6,760		-5,984		
9		东吴期货	6,548		-5,545		
10		华泰期货	6,277		-5,101		
11		方正中期	5,300		-5,907		
12		上海东亚	5,153		-6,944		
13		徽商期货	5,052		-4,471		
14		上海大陆	4,777		-2,891		
15		申银万国	4,724		-7,126		
16		山西三立	4,672		-8,074		
17		宏源期货	4,591		-2,850		
18		先锋期货	4,378		-837		
19		安粮期货	4,086		-5,780		
20		兴证期货	4,035		-2,837		
总计				154,018		-120,778	

名次		会员简称	持买单量	增减		
1		东证期货	15,327		-1,901		
2		安粮期货	7,810		1,042		
3		国富期货	6,535		-3,990		
4		中信期货	5,147		-402		
5		国泰君安	5,052		-477		
6		永安期货	4,700		122		
7		兴证期货	3,689		411		
8		方正中期	3,568		144		
9		海通期货	3,439		293		
10		中辉期货	3,268		697		
11		银河期货	3,229		-101		
12		一德期货	3,132		-699		
13		华泰期货	2,839		-279		
14		光大期货	2,575		-168		
15		申银万国	2,571		-259		
16		瑞达期货	2,372		427		
17		东海期货	2,276		27		
18		国投安信	2,088		-195		
19		徽商期货	1,984		-234		
20		浙商期货	1,924		199		
总计				83,525		-5,343		

名次		会员简称	持卖单量	增减		
1		东证期货	17,600		-1,706		
2		中信期货	8,693		-1,140		
3		华泰期货	7,196		-526		
4		国富期货	5,961		-4,107		
5		永安期货	4,552		312		
6		中辉期货	3,333		-38		
7		国泰君安	3,246		-42		
8		国投安信	2,841		-11		
9		天风期货	2,629		17		
10		一德期货	2,568		8		
11		光大期货	2,554		-296		
12		浙商期货	2,553		-20		
13		大越期货	2,426		7		
14		方正中期	2,323		54		
15		南华期货	2,215		-48		
16		银河期货	2,113		-457		
17		申银万国	1,903		-703		
18		中粮期货	1,850		1,564		
19		海通期货	1,828		-890		
20		鲁证期货	1,806		98		
总计				80,190		-7,924		



会员类别	总成交量	增减		
期货公司会员	154,018		-120,778	

会员类别	总持买单量	增减		
期货公司会员	83,525		-5,343		

会员类别	总持卖单量	增减		
期货公司会员	80,190		-7,924		

