								大连商品交易所 成交量_买持仓_卖持仓排名	

合约代码：i2102		Date：2020-11-24	

			期货公司会员	

名次		会员简称	成交量		增减		
1		国富期货	48,298		-23,404		
2		东证期货	40,813		-679		
3		国泰君安	29,642		1,131		
4		申银万国	28,276		3,183		
5		国信期货	22,981		-4,371		
6		银河期货	22,036		-1,580		
7		海通期货	20,814		-5,349		
8		华泰期货	16,658		-244		
9		光大期货	11,281		435		
10		徽商期货	9,447		-9,897		
11		方正中期	8,950		69		
12		中信期货	8,199		-1,284		
13		一德期货	7,958		-2,216		
14		华安期货	6,750		-3,242		
15		安粮期货	5,437		-3,700		
16		新湖期货	5,362		620		
17		国元期货	5,289		-3,858		
18		美尔雅期货	5,236		-11,800		
19		永安期货	3,689		-172		
20		浙商期货	3,061		-1,391		
总计				310,177		-67,749		

名次		会员简称	持买单量	增减		
1		国泰君安	9,910		194		
2		申银万国	6,972		-49		
3		中信期货	3,693		257		
4		招商期货	2,218		6		
5		东吴期货	2,091		-5		
6		中信建投	2,065		-1		
7		国投安信	1,599		4		
8		永安期货	1,480		-904		
9		海证期货	1,274		45		
10		冠通期货	1,223		-6		
11		国元期货	1,166		-6		
12		中辉期货	1,110		556		
13		宏源期货	1,095		17		
14		华安期货	1,085		61		
15		鲁证期货	948		-5		
16		海通期货	892		172		
17		国信期货	806		29		
18		创元期货	766		0		
19		中大期货	701		-1		
20		中金期货	673		0		
总计				41,767		364		

名次		会员简称	持卖单量	增减		
1		国泰君安	9,094		8		
2		申银万国	6,959		-125		
3		招商期货	2,353		40		
4		中信期货	2,289		-6		
5		中信建投	2,125		2		
6		东吴期货	2,101		-27		
7		国投安信	1,822		7		
8		永安期货	1,592		3		
9		海证期货	1,277		50		
10		冠通期货	1,197		0		
11		中辉期货	1,147		536		
12		方正中期	1,130		-4		
13		国元期货	1,106		1		
14		金信期货	1,100		0		
15		华安期货	1,058		41		
16		海通期货	1,052		290		
17		东海期货	1,017		2		
18		宏源期货	873		1		
19		鲁证期货	796		4		
20		中大期货	748		1		
总计				40,836		824		



会员类别	总成交量	增减		
期货公司会员	310,177		-67,749		

会员类别	总持买单量	增减		
期货公司会员	41,767		364		

会员类别	总持卖单量	增减		
期货公司会员	40,836		824		

