								大连商品交易所 成交量_买持仓_卖持仓排名	

合约代码：p2102		Date：2020-11-24	

			期货公司会员	

名次		会员简称	成交量		增减		
1		东证期货	76,516		20,482		
2		国富期货	65,649		-2,128		
3		国泰君安	48,232		-5,229		
4		国元期货	26,934		-7,166		
5		徽商期货	26,402		-13,365		
6		申银万国	24,811		-14,863		
7		海通期货	22,339		1		
8		银河期货	21,403		-7,804		
9		方正中期	16,292		748		
10		光大期货	16,015		-678		
11		华闻期货	12,557		-7,579		
12		海证期货	10,800		4,497		
13		鲁证期货	9,090		2,397		
14		迈科期货	8,223		2,869		
15		美尔雅期货	7,703		1,650		
16		兴证期货	7,560		3,480		
17		金瑞期货	6,728		-12,806		
18		中州期货	6,654		-11,944		
19		冠通期货	5,908		-12,374		
20		东吴期货	5,100		-6,612		
总计				424,916		-66,424		

名次		会员简称	持买单量	增减		
1		国泰君安	10,335		-10		
2		申银万国	5,073		3		
3		中信期货	1,851		-62		
4		招商期货	1,835		-14		
5		中信建投	1,170		-5		
6		五矿经易	1,100		0		
7		东吴期货	902		-2		
8		安粮期货	813		10		
9		鲁证期货	763		23		
10		创元期货	667		8		
11		瑞达期货	594		-11		
12		海通期货	510		64		
13		光大期货	488		-18		
14		冠通期货	472		0		
15		浙商期货	461		-9		
16		华安期货	400		10		
17		中辉期货	397		-2		
18		新湖期货	333		2		
19		中大期货	300		0		
20		徽商期货	297		264		
总计				28,761		251		

名次		会员简称	持卖单量	增减		
1		国泰君安	10,330		20		
2		申银万国	5,045		6		
3		中信期货	1,878		27		
4		招商期货	1,793		-11		
5		五矿经易	1,200		-10		
6		中信建投	1,170		-1		
7		东吴期货	902		0		
8		光大期货	873		-9		
9		安粮期货	806		1		
10		鲁证期货	777		37		
11		华泰期货	684		-16		
12		瑞达期货	625		1		
13		创元期货	622		-3		
14		海通期货	555		109		
15		冠通期货	472		0		
16		浙商期货	460		-6		
17		国投安信	410		4		
18		中辉期货	393		2		
19		华安期货	326		9		
20		新湖期货	324		1		
总计				29,645		161		



会员类别	总成交量	增减		
期货公司会员	424,916		-66,424		

会员类别	总持买单量	增减		
期货公司会员	28,761		251		

会员类别	总持卖单量	增减		
期货公司会员	29,645		161		

