								大连商品交易所 成交量_买持仓_卖持仓排名	

合约代码：eg2102		Date：2020-11-03	

			期货公司会员	

名次		会员简称	成交量		增减		
1		东证期货	32,902		-5,544		
2		国富期货	30,402		-6,568		
3		浙商期货	8,880		2,530		
4		华闻期货	5,526		-1,761		
5		五矿经易	4,403		-1,394		
6		方正中期	4,347		-3,775		
7		华西期货	4,191		-1,957		
8		华泰期货	3,879		2,851		
9		东海期货	3,677		897		
10		迈科期货	3,537		-625		
11		海通期货	3,517		-1,058		
12		中信期货	3,271		-3,815		
13		国泰君安	3,248		-686		
14		申银万国	3,158		-2,055		
15		光大期货	2,716		-1,997		
16		徽商期货	2,594		698		
17		银河期货	1,965		-346		
18		平安期货	1,901		-42		
19		招商期货	1,655		-283		
20		国投安信	1,608		488		
总计				127,377		-24,442		

名次		会员简称	持买单量	增减		
1		国投安信	2,671		110		
2		申银万国	2,010		69		
3		东证期货	1,459		11		
4		招商期货	1,203		-2		
5		华泰期货	1,042		1,005		
6		中信期货	1,009		-14		
7		五矿经易	892		-1		
8		东吴期货	604		-20		
9		方正中期	596		71		
10		创元期货	425		-2		
11		冠通期货	384		0		
12		平安期货	190		-263		
13		国泰君安	123		105		
14		国金期货	73		0		
15		国富期货	68		-14		
16		浙商期货	67		-40		
17		华安期货	66		-6		
18		海通期货	64		35		
19		南华期货	58		2		
20		中辉期货	52		-15		
总计				13,056		1,031		

名次		会员简称	持卖单量	增减		
1		国投安信	2,631		10		
2		申银万国	1,915		113		
3		东证期货	1,464		57		
4		招商期货	1,211		5		
5		华泰期货	1,143		1,004		
6		五矿经易	892		0		
7		东吴期货	610		-8		
8		方正中期	578		68		
9		中信期货	465		-35		
10		冠通期货	450		102		
11		创元期货	422		2		
12		锦泰期货	346		132		
13		北京首创	251		20		
14		平安期货	241		-136		
15		国富期货	95		-30		
16		迈科期货	90		48		
17		徽商期货	89		-413		
18		金瑞期货	88		-71		
19		银河期货	81		34		
20		浙商期货	52		10		
总计				13,114		912		



会员类别	总成交量	增减		
期货公司会员	127,377		-24,442		

会员类别	总持买单量	增减		
期货公司会员	13,056		1,031		

会员类别	总持卖单量	增减		
期货公司会员	13,114		912		

