								大连商品交易所 成交量_买持仓_卖持仓排名	

合约代码：jd2012		Date：2020-11-03	

			期货公司会员	

名次		会员简称	成交量		增减		
1		东证期货	12,341		2,770		
2		申银万国	2,965		1,051		
3		徽商期货	2,958		1,608		
4		宏源期货	2,883		-298		
5		国泰君安	2,635		-153		
6		国富期货	2,502		1,586		
7		光大期货	2,275		533		
8		中信建投	2,183		1,613		
9		方正中期	2,142		753		
10		华安期货	1,961		1,090		
11		中信期货	1,443		1,020		
12		银河期货	1,279		427		
13		天风期货	1,275		249		
14		中辉期货	1,255		537		
15		宝城期货	1,175		873		
16		中州期货	1,175		-288		
17		美尔雅期货	1,114		702		
18		南华期货	1,058		327		
19		英大期货	1,054		739		
20		海通期货	1,042		271		
总计				46,715		15,410		

名次		会员简称	持买单量	增减		
1		福能期货	5,498		-38		
2		汇鑫期货	2,570		122		
3		宏源期货	2,064		452		
4		永安期货	1,824		-54		
5		海证期货	1,519		-22		
6		鲁证期货	1,270		43		
7		华泰期货	1,006		-117		
8		中信建投	955		17		
9		中辉期货	869		-370		
10		国泰君安	832		348		
11		方正中期	740		9		
12		招金期货	644		-20		
13		光大期货	550		-118		
14		中州期货	547		486		
15		徽商期货	486		-490		
16		中信期货	485		-461		
17		东兴期货	485		-13		
18		宝城期货	465		23		
19		美尔雅期货	463		-190		
20		瑞达期货	460		-34		
总计				23,732		-427		

名次		会员简称	持卖单量	增减		
1		英大期货	3,408		687		
2		长江期货	2,065		-59		
3		中信建投	1,749		252		
4		方正中期	1,732		-567		
5		徽商期货	1,494		-18		
6		银河期货	1,271		-352		
7		永安期货	1,001		91		
8		新湖期货	851		12		
9		宏源期货	841		-387		
10		海通期货	778		251		
11		广州金控	746		-16		
12		中辉期货	726		-21		
13		光大期货	711		187		
14		建信期货	699		-22		
15		中融汇信	685		-2		
16		申银万国	647		-115		
17		弘业期货	637		84		
18		一德期货	604		-117		
19		美尔雅期货	590		-162		
20		鲁证期货	570		-377		
总计				21,805		-651		



会员类别	总成交量	增减		
期货公司会员	46,715		15,410		

会员类别	总持买单量	增减		
期货公司会员	23,732		-427		

会员类别	总持卖单量	增减		
期货公司会员	21,805		-651		

