								大连商品交易所 成交量_买持仓_卖持仓排名	

合约代码：rr2101		Date：2020-11-03	

			期货公司会员	

名次		会员简称	成交量		增减		
1		东证期货	3,872		-1,637		
2		浙商期货	3,722		-466		
3		国富期货	3,176		511		
4		华闻期货	2,827		-1,777		
5		海通期货	2,685		-1,283		
6		国泰君安	2,073		-2,281		
7		方正中期	1,309		-878		
8		国信期货	921		-981		
9		光大期货	896		-1,003		
10		鲁证期货	882		-1,115		
11		五矿经易	842		-268		
12		东海期货	823		-162		
13		申银万国	770		-382		
14		锦泰期货	757		374		
15		国海良时	741		-41		
16		永安期货	558		-897		
17		中信建投	397		-570		
18		天风期货	331		113		
19		徽商期货	331		-51		
20		国投安信	315		69		
总计				28,228		-12,725		

名次		会员简称	持买单量	增减		
1		永安期货	1,499		3		
2		海通期货	1,149		-13		
3		东证期货	1,017		17		
4		方正中期	961		44		
5		光大期货	884		147		
6		国泰君安	813		-219		
7		国信期货	784		436		
8		五矿经易	614		218		
9		国海良时	614		-1		
10		东航期货	366		0		
11		东海期货	335		61		
12		申银万国	296		60		
13		美尔雅期货	293		2		
14		浙商期货	288		17		
15		平安期货	241		-39		
16		中信建投	210		7		
17		中辉期货	166		4		
18		民生期货	150		0		
19		东方财富	146		9		
20		兴证期货	138		15		
总计				10,964		768		

名次		会员简称	持卖单量	增减		
1		海通期货	2,076		962		
2		鲁证期货	1,564		-50		
3		永安期货	1,255		-55		
4		东证期货	1,109		21		
5		北京首创	899		0		
6		天风期货	891		-330		
7		方正中期	801		1		
8		国泰君安	737		-66		
9		渤海期货	708		0		
10		国海良时	612		12		
11		五矿经易	595		50		
12		光大期货	580		77		
13		国信期货	438		411		
14		浙商期货	227		7		
15		和合期货	225		-45		
16		申银万国	183		-6		
17		中融汇信	150		0		
18		东吴期货	126		0		
19		中信建投	101		0		
20		中信期货	86		-1		
总计				13,363		988		



会员类别	总成交量	增减		
期货公司会员	28,228		-12,725		

会员类别	总持买单量	增减		
期货公司会员	10,964		768		

会员类别	总持卖单量	增减		
期货公司会员	13,363		988		

