								大连商品交易所 成交量_买持仓_卖持仓排名	

合约代码：pp2101		Date：2020-11-03	

			期货公司会员	

名次		会员简称	成交量		增减		
1		东证期货	206,650		-100,654	
2		中信期货	83,138		-24,894		
3		国泰君安	72,452		-30,032		
4		海通期货	39,025		-17,704		
5		国富期货	38,506		-7,136		
6		华泰期货	32,955		-29,491		
7		新湖期货	31,373		-3,051		
8		方正中期	31,298		-20,454		
9		国投安信	29,588		-2,868		
10		银河期货	27,564		-10,483		
11		华安期货	23,372		-8,476		
12		华闻期货	22,660		-10,161		
13		徽商期货	21,219		-11,567		
14		中信建投	21,192		-2,344		
15		兴证期货	19,908		-9,378		
16		东方财富	19,631		-1,633		
17		永安期货	18,217		-15,034		
18		广发期货	18,088		-7,266		
19		光大期货	16,523		-10,200		
20		东吴期货	16,074		-7,322		
总计				789,433		-330,148	

名次		会员简称	持买单量	增减		
1		中信期货	49,522		1,351		
2		永安期货	43,318		-121		
3		华泰期货	25,655		-1,695		
4		国泰君安	17,796		-566		
5		海通期货	16,042		-906		
6		东海期货	10,151		-197		
7		东证期货	10,046		-2,032		
8		兴证期货	9,379		-496		
9		申银万国	7,932		-547		
10		新湖期货	6,964		-158		
11		国投安信	6,905		-767		
12		银河期货	6,826		-1,050		
13		中信建投	6,643		177		
14		浙商期货	6,329		-69		
15		宏源期货	5,876		421		
16		中粮期货	5,638		-136		
17		瑞达期货	5,406		337		
18		国信期货	5,148		709		
19		海证期货	4,955		781		
20		美尔雅期货	4,898		425		
总计				255,429		-4,539		

名次		会员简称	持卖单量	增减		
1		永安期货	21,440		8		
2		浙商期货	19,878		840		
3		国泰君安	16,587		-1,394		
4		南华期货	13,968		436		
5		国投安信	13,516		-757		
6		华泰期货	12,570		-818		
7		中信期货	12,024		1,077		
8		鲁证期货	11,095		783		
9		国信期货	10,053		162		
10		方正中期	9,591		185		
11		国海良时	9,576		581		
12		瑞达期货	9,300		151		
13		广发期货	8,240		-178		
14		银河期货	7,789		-420		
15		中大期货	7,762		-764		
16		长江期货	7,580		-57		
17		信达期货	7,536		-87		
18		华安期货	6,977		-642		
19		中信建投	6,740		-941		
20		建信期货	6,711		202		
总计				218,933		-1,633		



会员类别	总成交量	增减		
期货公司会员	789,433		-330,148	

会员类别	总持买单量	增减		
期货公司会员	255,429		-4,539		

会员类别	总持卖单量	增减		
期货公司会员	218,933		-1,633		

