								大连商品交易所 成交量_买持仓_卖持仓排名	

合约代码：c2103		Date：2020-11-03	

			期货公司会员	

名次		会员简称	成交量		增减		
1		华闻期货	4,788		-214		
2		光大期货	2,954		-2,578		
3		五矿经易	2,732		462		
4		格林大华	2,469		212		
5		东证期货	2,460		-935		
6		方正中期	2,336		-2,139		
7		海通期货	2,332		-1,669		
8		申银万国	2,320		-476		
9		弘业期货	2,161		-776		
10		中大期货	2,144		-502		
11		国富期货	2,076		440		
12		宏源期货	1,969		-1,141		
13		鲁证期货	1,839		-1,288		
14		宝城期货	1,763		-265		
15		国海良时	1,676		-135		
16		银河期货	1,650		-1,981		
17		中信期货	1,511		-3,327		
18		永安期货	1,189		-3,156		
19		国泰君安	1,129		112		
20		西部期货	1,053		-1,337		
总计				42,551		-20,693		

名次		会员简称	持买单量	增减		
1		鲁证期货	6,531		20		
2		中信期货	5,140		630		
3		海通期货	3,031		18		
4		永安期货	2,968		1		
5		一德期货	2,500		0		
6		申银万国	1,863		39		
7		东证期货	1,654		238		
8		五矿经易	1,605		697		
9		中大期货	1,316		0		
10		弘业期货	1,091		-30		
11		光大期货	1,077		-7		
12		国富期货	1,059		338		
13		宝城期货	1,057		345		
14		摩根大通	1,000		0		
15		浙商期货	668		29		
16		格林大华	532		1		
17		国投安信	501		52		
18		国海良时	259		-108		
19		迈科期货	173		0		
20		西部期货	164		64		
总计				34,189		2,327		

名次		会员简称	持卖单量	增减		
1		华安期货	6,235		34		
2		海通期货	3,178		20		
3		中信期货	3,121		625		
4		东证期货	2,764		318		
5		光大期货	2,084		199		
6		申银万国	1,871		21		
7		五矿经易	1,607		697		
8		永安期货	1,488		0		
9		安粮期货	1,411		10		
10		中大期货	1,346		0		
11		弘业期货	1,129		-21		
12		国海良时	1,094		-102		
13		宝城期货	1,074		344		
14		国富期货	1,057		330		
15		鲁证期货	962		-11		
16		浙商期货	552		29		
17		格林大华	513		-20		
18		一德期货	392		8		
19		国元期货	316		-1		
20		宏源期货	305		-14		
总计				32,499		2,466		



会员类别	总成交量	增减		
期货公司会员	42,551		-20,693		

会员类别	总持买单量	增减		
期货公司会员	34,189		2,327		

会员类别	总持卖单量	增减		
期货公司会员	32,499		2,466		

