								大连商品交易所 成交量_买持仓_卖持仓排名	

合约代码：m2103		Date：2020-11-03	

			期货公司会员	

名次		会员简称	成交量		增减		
1		美尔雅期货	3,049		1,538		
2		申银万国	2,959		-336		
3		弘业期货	2,539		1,310		
4		锦泰期货	2,278		-101		
5		海通期货	2,176		-480		
6		东证期货	1,955		-502		
7		五矿经易	1,899		65		
8		国投安信	1,840		347		
9		安粮期货	1,763		890		
10		国泰君安	1,631		-801		
11		国富期货	1,518		108		
12		国海良时	1,398		550		
13		招商期货	1,201		409		
14		华闻期货	1,018		-386		
15		浙商期货	992		335		
16		光大期货	976		-108		
17		鲁证期货	824		5		
18		宏源期货	792		-90		
19		南华期货	716		-235		
20		方正中期	623		-854		
总计				32,147		1,664		

名次		会员简称	持买单量	增减		
1		海通期货	2,402		429		
2		南华期货	2,281		44		
3		招商期货	2,251		-7		
4		安粮期货	1,701		241		
5		美尔雅期货	1,554		329		
6		永安期货	1,416		7		
7		中信期货	1,250		-11		
8		五矿经易	990		28		
9		鲁证期货	910		-4		
10		中粮期货	859		263		
11		国投安信	847		-119		
12		瑞达期货	831		4		
13		福能期货	791		203		
14		一德期货	740		0		
15		格林大华	719		0		
16		中辉期货	576		89		
17		弘业期货	546		9		
18		银河期货	476		0		
19		国富期货	458		-682		
20		华融融达	446		10		
总计				22,044		833		

名次		会员简称	持卖单量	增减		
1		国泰君安	4,091		1		
2		中信期货	2,802		305		
3		中粮期货	2,787		109		
4		海通期货	2,358		431		
5		招商期货	2,138		-4		
6		南华期货	1,514		-2		
7		广发期货	1,119		1		
8		方正中期	1,118		-4		
9		金瑞期货	1,029		1		
10		弘业期货	831		12		
11		国投安信	821		79		
12		鲁证期货	792		-36		
13		东吴期货	650		0		
14		申银万国	641		-29		
15		五矿经易	633		-1		
16		摩根大通	568		0		
17		永安期货	482		0		
18		信达期货	397		0		
19		中融汇信	391		0		
20		浙商期货	368		20		
总计				25,530		883		



会员类别	总成交量	增减		
期货公司会员	32,147		1,664		

会员类别	总持买单量	增减		
期货公司会员	22,044		833		

会员类别	总持卖单量	增减		
期货公司会员	25,530		883		

