								大连商品交易所 成交量_买持仓_卖持仓排名	

合约代码：a2101		Date：2020-11-03	

			期货公司会员	

名次		会员简称	成交量		增减		
1		华泰期货	73,222		-31,044		
2		国富期货	19,627		-9,740		
3		中信期货	18,132		-4,981		
4		方正中期	17,666		-9,083		
5		申银万国	17,636		-6,925		
6		东证期货	17,613		-14,663		
7		光大期货	14,461		-8,635		
8		海通期货	13,163		-2,373		
9		国泰君安	12,591		-5,319		
10		东方财富	10,153		-2,882		
11		徽商期货	10,125		-1,626		
12		华安期货	7,549		-3,117		
13		南华期货	6,189		-5,167		
14		兴证期货	6,071		-4,592		
15		中辉期货	5,867		-988		
16		中信建投	5,763		-3,474		
17		国投安信	5,701		-2,357		
18		先锋期货	5,252		-835		
19		美尔雅期货	5,145		-4,957		
20		国信期货	4,987		-3,827		
总计				276,913		-126,585	

名次		会员简称	持买单量	增减		
1		中信期货	7,616		-469		
2		兴证期货	6,744		-834		
3		国投安信	6,093		1,932		
4		国泰君安	5,262		-515		
5		华泰期货	4,518		-146		
6		永安期货	3,652		-221		
7		中信建投	3,451		412		
8		国富期货	3,433		864		
9		宏源期货	3,103		-26		
10		东证期货	2,979		-2,600		
11		招金期货	2,936		222		
12		新湖期货	2,929		98		
13		南华期货	2,774		-357		
14		中粮期货	2,644		260		
15		申银万国	2,534		-363		
16		浙商期货	2,363		94		
17		海航期货	2,212		1		
18		东航期货	2,052		91		
19		方正中期	2,002		-269		
20		安粮期货	1,944		146		
总计				71,241		-1,680		

名次		会员简称	持卖单量	增减		
1		五矿经易	10,594		-132		
2		永安期货	8,712		278		
3		一德期货	7,217		-312		
4		弘业期货	7,036		4		
5		北京首创	4,338		177		
6		光大期货	3,994		-245		
7		中信期货	3,787		67		
8		南华期货	2,877		-82		
9		银河期货	2,823		31		
10		中粮期货	2,775		314		
11		东海期货	2,644		-1		
12		东证期货	2,589		613		
13		国投安信	2,565		173		
14		格林大华	2,549		-255		
15		东方财富	2,531		-240		
16		徽商期货	2,469		493		
17		鲁证期货	2,285		145		
18		国泰君安	2,136		172		
19		国盛期货	1,984		24		
20		方正中期	1,947		-85		
总计				77,852		1,139		



会员类别	总成交量	增减		
期货公司会员	276,913		-126,585	

会员类别	总持买单量	增减		
期货公司会员	71,241		-1,680		

会员类别	总持卖单量	增减		
期货公司会员	77,852		1,139		

