								大连商品交易所 成交量_买持仓_卖持仓排名	

合约代码：l2105		Date：2020-11-03	

			期货公司会员	

名次		会员简称	成交量		增减		
1		东证期货	5,705		-270		
2		中信期货	3,626		971		
3		方正中期	1,481		836		
4		银河期货	1,359		-3,924		
5		宏源期货	1,295		185		
6		永安期货	1,224		-1,575		
7		南华期货	1,124		639		
8		国泰君安	1,103		-304		
9		华泰期货	1,032		-1,528		
10		美尔雅期货	830		-156		
11		鲁证期货	752		615		
12		中国国际	735		-515		
13		北京首创	716		353		
14		国元期货	696		347		
15		华安期货	640		-1,442		
16		东吴期货	600		451		
17		国投安信	589		-954		
18		国信期货	559		-1,961		
19		中信建投	504		8		
20		天风期货	504		199		
总计				25,074		-8,025		

名次		会员简称	持买单量	增减		
1		国投安信	2,295		108		
2		华金期货	2,103		-5		
3		东证期货	1,981		112		
4		永安期货	1,877		851		
5		中粮期货	1,545		89		
6		华泰期货	1,469		-15		
7		中信期货	1,463		5		
8		鲁证期货	1,030		-436		
9		银河期货	1,018		87		
10		华安期货	964		-24		
11		信达期货	922		-5		
12		大地期货	827		8		
13		方正中期	795		343		
14		一德期货	785		-14		
15		中辉期货	770		0		
16		南华期货	736		581		
17		浙商期货	623		-13		
18		海通期货	616		-84		
19		国泰君安	593		-9		
20		东航期货	587		4		
总计				22,999		1,583		

名次		会员简称	持卖单量	增减		
1		银河期货	5,200		818		
2		中信期货	4,437		327		
3		国信期货	3,766		395		
4		华泰期货	1,891		87		
5		东海期货	1,526		4		
6		光大期货	1,452		5		
7		中粮期货	1,260		-131		
8		一德期货	1,132		-38		
9		中国国际	1,029		95		
10		方正中期	1,021		-36		
11		平安期货	984		5		
12		永安期货	748		-49		
13		美尔雅期货	729		187		
14		建信期货	700		6		
15		信达期货	691		7		
16		先锋期货	538		29		
17		中信建投	535		2		
18		东吴期货	432		418		
19		申银万国	408		49		
20		国海良时	386		39		
总计				28,865		2,219		



会员类别	总成交量	增减		
期货公司会员	25,074		-8,025		

会员类别	总持买单量	增减		
期货公司会员	22,999		1,583		

会员类别	总持卖单量	增减		
期货公司会员	28,865		2,219		

