								大连商品交易所 成交量_买持仓_卖持仓排名	

合约代码：y2101		Date：2020-11-03	

			期货公司会员	

名次		会员简称	成交量		增减		
1		东证期货	314,400		-71,464		
2		光大期货	143,412		-5,891		
3		兴证期货	140,428		-32,237		
4		国富期货	96,935		-1,850		
5		中信期货	91,305		27,106		
6		国泰君安	78,751		7,624		
7		申银万国	39,030		8,480		
8		海通期货	38,563		-1,304		
9		永安期货	38,309		20,436		
10		银河期货	37,834		-10,710		
11		华泰期货	33,434		1,593		
12		国投安信	32,791		-9,066		
13		方正中期	30,893		-2,959		
14		中粮期货	30,177		14,814		
15		徽商期货	23,508		5,542		
16		华安期货	22,369		3,215		
17		一德期货	22,146		7,647		
18		华西期货	20,656		-241		
19		五矿经易	20,297		9,572		
20		华闻期货	19,411		2,727		
总计				1,274,649	-26,966		

名次		会员简称	持买单量	增减		
1		永安期货	45,746		9,878		
2		五矿经易	32,262		-5,124		
3		一德期货	27,749		-10,366		
4		国泰君安	23,887		7,651		
5		浙商期货	21,925		-1,609		
6		银河期货	20,278		-3,737		
7		广发期货	17,974		1,044		
8		大越期货	16,878		-1,264		
9		东证期货	16,715		5,398		
10		华泰期货	16,583		4,251		
11		海通期货	16,255		7,133		
12		天风期货	15,181		1,392		
13		国投安信	14,286		-578		
14		中信期货	14,278		2,175		
15		大地期货	14,171		115		
16		南华期货	12,702		614		
17		海证期货	9,812		704		
18		美尔雅期货	9,272		2,691		
19		国富期货	8,786		626		
20		北京首创	7,947		1,567		
总计				362,687		22,561		

名次		会员简称	持卖单量	增减		
1		中粮期货	121,395		9,817		
2		国投安信	61,898		2,299		
3		国泰君安	34,094		-2,474		
4		广发期货	27,717		1,626		
5		中信期货	26,195		-1,392		
6		银河期货	19,893		1,069		
7		摩根大通	19,010		0		
8		永安期货	15,804		451		
9		海通期货	11,398		-1,216		
10		信达期货	11,347		193		
11		新湖期货	10,530		-927		
12		华闻期货	8,893		765		
13		一德期货	8,787		956		
14		鲁证期货	8,365		-1,326		
15		平安期货	8,215		1,605		
16		上海中期	6,072		-186		
17		南华期货	5,934		-12		
18		浙商期货	5,303		539		
19		宏源期货	5,292		2,495		
20		五矿经易	4,986		323		
总计				421,128		14,605		



会员类别	总成交量	增减		
期货公司会员	1,274,649	-26,966		

会员类别	总持买单量	增减		
期货公司会员	362,687		22,561		

会员类别	总持卖单量	增减		
期货公司会员	421,128		14,605		

