								大连商品交易所 成交量_买持仓_卖持仓排名	

合约代码：c2107		Date：2020-11-03	

			期货公司会员	

名次		会员简称	成交量		增减		
1		国富期货	59,667		-6,520		
2		华泰期货	38,020		-7,430		
3		国泰君安	29,355		-764		
4		海通期货	20,066		-2,074		
5		东证期货	12,370		3,434		
6		光大期货	11,705		-3,272		
7		弘业期货	7,695		1,746		
8		方正中期	7,467		-4,966		
9		冠通期货	6,703		-5,483		
10		五矿经易	6,402		2,292		
11		中辉期货	6,264		-5,104		
12		中大期货	6,130		-160		
13		申银万国	5,617		1,356		
14		鲁证期货	5,500		-728		
15		浙商期货	5,019		-1,080		
16		创元期货	4,940		1,049		
17		华闻期货	4,581		-3,946		
18		中天期货	4,476		1,908		
19		国海良时	4,283		-481		
20		格林大华	4,231		-1,896		
总计				250,491		-32,119		

名次		会员简称	持买单量	增减		
1		鲁证期货	28,846		3		
2		一德期货	12,491		-40		
3		中信建投	9,343		-5		
4		中州期货	9,003		1		
5		国泰君安	5,972		994		
6		中辉期货	3,423		3		
7		中信期货	3,296		5		
8		永安期货	3,026		94		
9		海通期货	2,810		58		
10		混沌天成	1,600		0		
11		中大期货	1,528		0		
12		华泰期货	1,523		46		
13		东证期货	1,365		-43		
14		申银万国	1,156		20		
15		海证期货	1,087		295		
16		东吴期货	1,080		0		
17		浙商期货	1,064		24		
18		国富期货	1,040		-32		
19		华闻期货	919		403		
20		华安期货	723		-5		
总计				91,295		1,821		

名次		会员简称	持卖单量	增减		
1		光大期货	12,634		16		
2		东证期货	12,287		3,317		
3		中信期货	12,083		6		
4		金瑞期货	8,404		263		
5		国投安信	6,657		0		
6		鲁证期货	5,973		-13		
7		徽商期货	4,372		-183		
8		海证期货	3,618		3		
9		海通期货	3,088		114		
10		永安期货	2,376		-5		
11		中大期货	2,016		0		
12		东吴期货	2,002		-376		
13		长江期货	1,892		5		
14		华安期货	1,643		3		
15		北京首创	1,337		-1,892		
16		浙商期货	1,239		-17		
17		国泰君安	1,234		995		
18		国富期货	1,167		-21		
19		申银万国	1,112		21		
20		中辉期货	1,054		3		
总计				86,188		2,239		



会员类别	总成交量	增减		
期货公司会员	250,491		-32,119		

会员类别	总持买单量	增减		
期货公司会员	91,295		1,821		

会员类别	总持卖单量	增减		
期货公司会员	86,188		2,239		

