								大连商品交易所 成交量_买持仓_卖持仓排名	

合约代码：eb2101		Date：2020-11-03	

			期货公司会员	

名次		会员简称	成交量		增减		
1		东证期货	68,074		-23,408		
2		国富期货	40,959		-3,832		
3		海通期货	19,808		-1,569		
4		华泰期货	18,390		-6,368		
5		国泰君安	18,020		-8,266		
6		中信期货	15,565		-5,624		
7		徽商期货	14,016		-7,334		
8		方正中期	11,693		-8,056		
9		永安期货	8,847		-4,725		
10		东吴期货	8,220		-3,668		
11		华安期货	8,033		-2,027		
12		申银万国	7,872		-4,131		
13		东方财富	7,286		-2,899		
14		中信建投	6,671		-5,793		
15		光大期货	6,391		-2,421		
16		国投安信	6,330		-2,626		
17		华闻期货	6,176		-4,314		
18		银河期货	6,133		-2,448		
19		南华期货	5,476		-1,162		
20		兴证期货	5,301		-2,285		
总计				289,261		-102,956	

名次		会员简称	持买单量	增减		
1		永安期货	14,465		559		
2		信达期货	6,628		-248		
3		浙商期货	6,142		-693		
4		方正中期	5,773		-58		
5		国投安信	4,851		218		
6		国泰君安	4,817		-635		
7		中信期货	4,573		252		
8		申银万国	4,234		-290		
9		中财期货	3,656		-147		
10		东航期货	3,558		-176		
11		天风期货	3,556		-389		
12		中信建投	3,543		-271		
13		华泰期货	3,540		-408		
14		鲁证期货	3,177		35		
15		南华期货	2,886		-195		
16		宏源期货	2,884		32		
17		一德期货	2,865		408		
18		徽商期货	2,857		-239		
19		瑞达期货	2,796		63		
20		银河期货	2,769		358		
总计				89,570		-1,824		

名次		会员简称	持卖单量	增减		
1		永安期货	11,508		-394		
2		银河期货	10,848		93		
3		华泰期货	9,753		-88		
4		国投安信	7,609		-198		
5		浙商期货	6,998		-223		
6		建信期货	6,925		-152		
7		天风期货	6,440		-140		
8		东海期货	6,132		364		
9		东证期货	5,559		-174		
10		国泰君安	3,819		-171		
11		华融融达	3,733		-1,219		
12		中财期货	3,438		-100		
13		东吴期货	3,170		76		
14		国海良时	2,731		-1,048		
15		一德期货	2,689		-253		
16		五矿经易	2,486		27		
17		南华期货	2,397		-479		
18		国贸期货	2,350		-230		
19		方正中期	2,332		-523		
20		徽商期货	2,311		-285		
总计				103,228		-5,117		



会员类别	总成交量	增减		
期货公司会员	289,261		-102,956	

会员类别	总持买单量	增减		
期货公司会员	89,570		-1,824		

会员类别	总持卖单量	增减		
期货公司会员	103,228		-5,117		

