								大连商品交易所 成交量_买持仓_卖持仓排名	

合约代码：y2105		Date：2020-11-03	

			期货公司会员	

名次		会员简称	成交量		增减		
1		东证期货	57,880		1,938		
2		光大期货	32,416		3,786		
3		中粮期货	11,672		4,310		
4		国泰君安	10,733		-1,913		
5		一德期货	7,998		2,006		
6		国投安信	7,984		4,262		
7		宏源期货	7,815		-1,036		
8		华泰期货	7,263		-1,099		
9		申银万国	6,428		369		
10		国元期货	5,763		-557		
11		华安期货	5,695		464		
12		海通期货	4,835		-2,704		
13		中信期货	4,583		67		
14		美尔雅期货	3,374		1,208		
15		国富期货	3,178		871		
16		浙商期货	3,129		1,849		
17		中信建投	3,013		407		
18		兴证期货	2,975		-782		
19		方正中期	2,804		327		
20		金瑞期货	2,790		1,407		
总计				192,328		15,180		

名次		会员简称	持买单量	增减		
1		中粮期货	52,493		2,012		
2		浙商期货	17,548		2,608		
3		国投安信	14,045		-69		
4		广发期货	12,896		174		
5		中财期货	12,400		112		
6		中信期货	12,043		103		
7		永安期货	11,775		-438		
8		五矿经易	11,652		-857		
9		天风期货	11,084		-150		
10		一德期货	10,190		-486		
11		东兴期货	9,712		75		
12		光大期货	9,496		199		
13		东证期货	7,387		-734		
14		华泰期货	6,839		-45		
15		国盛期货	6,246		782		
16		宝城期货	5,584		21		
17		大越期货	5,305		-3		
18		银河期货	4,304		310		
19		北京首创	3,507		1,429		
20		金瑞期货	3,363		293		
总计				227,869		5,336		

名次		会员简称	持卖单量	增减		
1		中粮期货	56,549		-1,554		
2		国投安信	37,991		-819		
3		一德期货	28,268		4,284		
4		银河期货	17,733		550		
5		中信期货	15,717		-234		
6		摩根大通	14,101		70		
7		国泰君安	12,388		-455		
8		平安期货	12,373		-273		
9		新湖期货	10,214		418		
10		永安期货	6,810		331		
11		海通期货	6,589		750		
12		五矿经易	6,141		-47		
13		国富期货	6,067		-34		
14		广发期货	5,939		-138		
15		南华期货	4,898		-25		
16		上海中期	4,884		975		
17		美尔雅期货	4,624		423		
18		信达期货	4,120		-7		
19		东证期货	4,071		68		
20		宏源期货	3,523		-81		
总计				263,000		4,202		



会员类别	总成交量	增减		
期货公司会员	192,328		15,180		

会员类别	总持买单量	增减		
期货公司会员	227,869		5,336		

会员类别	总持卖单量	增减		
期货公司会员	263,000		4,202		

