								大连商品交易所 成交量_买持仓_卖持仓排名	

合约代码：m2105		Date：2020-11-03	

			期货公司会员	

名次		会员简称	成交量		增减		
1		东证期货	158,429		-34,232		
2		国泰君安	44,427		-7,032		
3		中信期货	33,683		7,398		
4		新湖期货	31,826		-9,048		
5		申银万国	26,623		10,157		
6		浙商期货	22,218		-9,509		
7		光大期货	18,417		-14,593		
8		海通期货	17,766		-7,437		
9		华泰期货	13,529		-10,810		
10		国富期货	12,500		-1,840		
11		五矿经易	11,847		9,076		
12		永安期货	11,721		-14,393		
13		广发期货	11,527		2,022		
14		格林大华	11,442		2,441		
15		银河期货	11,344		-6,215		
16		国投安信	8,956		-206		
17		中粮期货	8,879		138		
18		美尔雅期货	8,484		2,740		
19		弘业期货	8,444		-2,724		
20		安粮期货	7,806		-21		
总计				479,868		-84,088		

名次		会员简称	持买单量	增减		
1		永安期货	92,441		2,775		
2		银河期货	58,545		1,697		
3		浙商期货	40,077		1,805		
4		宏源期货	35,981		358		
5		东证期货	34,302		4,471		
6		摩根大通	32,632		-1,835		
7		东吴期货	32,406		-962		
8		国泰君安	31,753		-1,268		
9		光大期货	31,255		268		
10		申银万国	30,317		-7,951		
11		五矿经易	28,292		6,405		
12		中信期货	25,651		3,226		
13		国投安信	24,948		1,194		
14		华泰期货	23,141		2,368		
15		中粮期货	22,838		-826		
16		一德期货	22,411		-341		
17		海通期货	20,626		-410		
18		宝城期货	18,426		933		
19		美尔雅期货	17,986		38		
20		国富期货	16,142		-92		
总计				640,170		11,853		

名次		会员简称	持卖单量	增减		
1		中粮期货	289,704		-469		
2		国投安信	190,919		-918		
3		银河期货	87,943		-547		
4		广发期货	58,725		4,280		
5		海通期货	44,266		4,626		
6		中信期货	44,242		1,207		
7		国泰君安	37,567		4,203		
8		永安期货	33,739		-912		
9		北京首创	30,766		1,069		
10		新湖期货	28,617		360		
11		一德期货	28,433		1,907		
12		南华期货	27,210		-484		
13		渤海期货	26,806		5		
14		鲁证期货	25,988		-387		
15		平安期货	19,755		-1,576		
16		摩根大通	17,675		1,985		
17		五矿经易	14,029		-220		
18		建信期货	13,904		-140		
19		宏源期货	11,459		-119		
20		冠通期货	10,998		564		
总计				1,042,745	14,434		



会员类别	总成交量	增减		
期货公司会员	479,868		-84,088		

会员类别	总持买单量	增减		
期货公司会员	640,170		11,853		

会员类别	总持卖单量	增减		
期货公司会员	1,042,745	14,434		

