								大连商品交易所 成交量_买持仓_卖持仓排名	

合约代码：a2109		Date：2021-06-11	

			期货公司会员	

名次		会员简称	成交量		增减		
1		东证期货	33,953		-734		
2		华泰期货	32,005		-13,618		
3		国泰君安	26,060		-22,244		
4		中信期货	21,019		-3,838		
5		光大期货	11,502		-2,240		
6		国富期货	11,140		-1,950		
7		海通期货	10,450		397		
8		银河期货	9,144		381		
9		申银万国	8,054		4,014		
10		兴证期货	7,664		-2,379		
11		东吴期货	6,672		908		
12		南华期货	6,472		-939		
13		美尔雅期货	6,268		1,922		
14		方正中期	5,981		-1,477		
15		永安期货	4,756		32		
16		宏源期货	4,073		1,418		
17		先锋期货	4,038		1,562		
18		徽商期货	3,629		-142		
19		格林大华	3,624		-471		
20		国投安信	3,379		-511		
总计				219,883		-39,909		

名次		会员简称	持买单量	增减		
1		中信期货	17,370		-177		
2		国投安信	7,964		224		
3		东证期货	6,238		-1,193		
4		一德期货	5,808		307		
5		国泰君安	5,776		704		
6		光大期货	5,435		209		
7		信达期货	3,550		-20		
8		南华期货	3,408		48		
9		永安期货	3,239		216		
10		浙商期货	3,063		232		
11		兴证期货	2,946		252		
12		招金期货	2,806		230		
13		海航期货	2,777		-11		
14		美尔雅期货	2,617		995		
15		银河期货	2,319		269		
16		申银万国	2,194		-427		
17		深圳金汇	2,000		0		
18		宏源期货	1,952		207		
19		中粮期货	1,801		-14		
20		安粮期货	1,698		322		
总计				84,961		2,373		

名次		会员简称	持卖单量	增减		
1		中信期货	13,493		1,890		
2		国泰君安	9,068		114		
3		银河期货	7,030		585		
4		兴证期货	5,449		392		
5		华泰期货	4,990		204		
6		东证期货	4,760		-452		
7		国投安信	4,022		211		
8		中投期货	3,862		649		
9		永安期货	3,635		600		
10		海通期货	3,493		-1,653		
11		一德期货	3,080		54		
12		宏源期货	2,984		20		
13		海证期货	2,483		201		
14		申银万国	2,346		355		
15		招商期货	2,096		200		
16		上海中期	1,910		758		
17		东吴期货	1,895		-68		
18		中信建投	1,764		250		
19		光大期货	1,645		89		
20		方正中期	1,509		173		
总计				81,514		4,572		



会员类别	总成交量	增减		
期货公司会员	219,883		-39,909		

会员类别	总持买单量	增减		
期货公司会员	84,961		2,373		

会员类别	总持卖单量	增减		
期货公司会员	81,514		4,572		

