								大连商品交易所 成交量_买持仓_卖持仓排名	

合约代码：i2109		Date：2021-06-11	

			期货公司会员	

名次		会员简称	成交量		增减		
1		海通期货	51,492		3,835		
2		华闻期货	48,057		5,200		
3		国富期货	41,247		2,264		
4		中信期货	38,194		9,575		
5		国泰君安	33,272		9,706		
6		方正中期	31,261		5,498		
7		银河期货	24,847		9,882		
8		永安期货	23,195		578		
9		广发期货	20,197		386		
10		申银万国	18,333		2,446		
11		东证期货	17,858		5,312		
12		光大期货	17,718		-484		
13		中辉期货	17,208		8,295		
14		东吴期货	16,948		-3,555		
15		华泰期货	16,630		3,272		
16		徽商期货	16,470		1,863		
17		一德期货	14,870		6,224		
18		国信期货	13,216		2,471		
19		兴证期货	12,655		2,778		
20		南华期货	12,389		4,897		
总计				486,057		80,443		

名次		会员简称	持买单量	增减		
1		中信期货	34,098		1,485		
2		国泰君安	26,141		2,503		
3		华泰期货	24,704		1,651		
4		海通期货	22,790		-1,488		
5		永安期货	20,927		973		
6		乾坤期货	17,539		310		
7		方正中期	14,218		-5,273		
8		银河期货	13,874		458		
9		华闻期货	13,856		436		
10		国富期货	13,337		1,423		
11		摩根大通	12,933		759		
12		国投安信	12,463		-178		
13		东证期货	11,255		785		
14		瑞达期货	11,214		-303		
15		兴证期货	10,602		241		
16		一德期货	9,892		-90		
17		广发期货	9,617		-1,301		
18		光大期货	8,490		3,008		
19		海证期货	8,433		981		
20		申银万国	8,078		-423		
总计				304,461		5,957		

名次		会员简称	持卖单量	增减		
1		浙商期货	27,843		-315		
2		国泰君安	22,771		533		
3		华泰期货	18,962		463		
4		广发期货	17,721		-216		
5		海通期货	16,230		1,362		
6		银河期货	15,976		-267		
7		中信期货	15,688		-1,247		
8		大地期货	15,650		-106		
9		中辉期货	14,519		1,715		
10		方正中期	14,414		1,358		
11		永安期货	14,221		652		
12		一德期货	14,081		-326		
13		华闻期货	13,745		27		
14		南华期货	12,783		934		
15		国富期货	11,177		886		
16		天风期货	10,504		-1,091		
17		东证期货	10,360		-293		
18		瑞达期货	9,928		-793		
19		东海期货	9,095		729		
20		大越期货	8,760		70		
总计				294,428		4,075		



会员类别	总成交量	增减		
期货公司会员	486,057		80,443		

会员类别	总持买单量	增减		
期货公司会员	304,461		5,957		

会员类别	总持卖单量	增减		
期货公司会员	294,428		4,075		

