								大连商品交易所 成交量_买持仓_卖持仓排名	

合约代码：l2112		Date：2021-06-11	

			期货公司会员	

名次		会员简称	成交量		增减		
1		华闻期货	3,049		44		
2		国泰君安	692		-74		
3		国海良时	650		-157		
4		中信期货	605		305		
5		方正中期	602		68		
6		五矿经易	567		41		
7		国元期货	527		-304		
8		海证期货	442		-31		
9		东证期货	428		85		
10		浙商期货	426		49		
11		申银万国	423		-372		
12		长江期货	416		-57		
13		招商期货	413		-27		
14		光大期货	400		-335		
15		金石期货	267		181		
16		安粮期货	110		-73		
17		海通期货	104		-2		
18		平安期货	102		19		
19		锦泰期货	79		16		
20		弘业期货	72		71		
总计				10,374		-553		

名次		会员简称	持买单量	增减		
1		申银万国	1,953		62		
2		浙商期货	1,727		-3		
3		东证期货	1,599		2		
4		招商期货	1,599		106		
5		五矿经易	1,528		-14		
6		海证期货	1,474		3		
7		国泰君安	1,230		-19		
8		国海良时	1,147		-4		
9		国元期货	980		-3		
10		锦泰期货	961		1		
11		长江期货	953		0		
12		方正中期	897		-10		
13		宏源期货	136		-7		
14		平安期货	98		-43		
15		中信期货	42		6		
16		国投安信	38		0		
17		光大期货	33		-1		
18		安粮期货	33		-3		
19		华闻期货	21		-31		
20		先锋期货	21		10		
总计				16,470		52		

名次		会员简称	持卖单量	增减		
1		申银万国	1,953		53		
2		浙商期货	1,700		-1		
3		东证期货	1,599		-8		
4		招商期货	1,587		87		
5		五矿经易	1,528		-15		
6		海证期货	1,471		-17		
7		国泰君安	1,199		-1		
8		国海良时	1,147		-198		
9		国元期货	964		6		
10		长江期货	951		0		
11		锦泰期货	923		-2		
12		方正中期	894		-8		
13		金石期货	178		164		
14		兴证期货	107		-9		
15		安粮期货	100		65		
16		瑞达期货	79		-5		
17		美尔雅期货	77		-7		
18		华泰期货	58		-30		
19		新湖期货	49		3		
20		平安期货	36		-31		
总计				16,600		46		



会员类别	总成交量	增减		
期货公司会员	10,374		-553		

会员类别	总持买单量	增减		
期货公司会员	16,470		52		

会员类别	总持卖单量	增减		
期货公司会员	16,600		46		

