								大连商品交易所 成交量_买持仓_卖持仓排名	

合约代码：m2111		Date：2021-06-11	

			期货公司会员	

名次		会员简称	成交量		增减		
1		东证期货	30,115		14,036		
2		华泰期货	21,421		7,472		
3		国元期货	10,673		4,297		
4		国泰君安	9,832		3,370		
5		五矿经易	8,079		4,170		
6		浙商期货	7,485		4,795		
7		鲁证期货	6,924		3,425		
8		申银万国	5,216		4,003		
9		中信建投	5,063		895		
10		光大期货	3,820		2,428		
11		国富期货	3,672		1,567		
12		南华期货	3,184		1,334		
13		招商期货	3,040		1,322		
14		海通期货	3,024		449		
15		锦泰期货	2,517		403		
16		国投安信	2,479		-1,236		
17		金瑞期货	2,326		919		
18		国海良时	2,270		188		
19		华安期货	1,760		1,186		
20		华闻期货	1,529		-677		
总计				134,429		54,346		

名次		会员简称	持买单量	增减		
1		华泰期货	4,149		132		
2		安粮期货	3,194		-37		
3		永安期货	1,399		431		
4		中粮期货	1,186		0		
5		美尔雅期货	1,107		263		
6		海通期货	1,070		58		
7		国投安信	1,045		219		
8		鲁证期货	951		6		
9		申银万国	866		-85		
10		中信建投	839		8		
11		国泰君安	736		91		
12		南华期货	667		204		
13		中州期货	662		19		
14		国富期货	635		57		
15		浙商期货	560		6		
16		东海期货	525		0		
17		华闻期货	450		92		
18		宏源期货	446		42		
19		福能期货	442		131		
20		摩根大通	437		0		
总计				21,366		1,637		

名次		会员简称	持卖单量	增减		
1		华泰期货	4,259		65		
2		弘业期货	2,701		0		
3		先锋期货	2,100		1		
4		国泰君安	1,870		383		
5		海通期货	1,154		14		
6		永安期货	1,106		190		
7		鲁证期货	1,052		32		
8		平安期货	1,011		52		
9		银河期货	963		0		
10		申银万国	921		-81		
11		中信建投	834		-123		
12		徽商期货	812		-19		
13		东海期货	599		7		
14		南华期货	534		-12		
15		国信期货	525		76		
16		国投安信	514		-10		
17		海证期货	507		2		
18		浙商期货	483		5		
19		东航期货	477		9		
20		招商期货	461		-3		
总计				22,883		588		



会员类别	总成交量	增减		
期货公司会员	134,429		54,346		

会员类别	总持买单量	增减		
期货公司会员	21,366		1,637		

会员类别	总持卖单量	增减		
期货公司会员	22,883		588		

