								大连商品交易所 成交量_买持仓_卖持仓排名	

合约代码：c2107		Date：2021-06-11	

			期货公司会员	

名次		会员简称	成交量		增减		
1		光大期货	7,640		7,259		
2		国投安信	5,390		5,284		
3		国泰君安	2,682		1,948		
4		中信期货	2,634		-1,900		
5		国富期货	1,149		682		
6		中粮期货	1,055		1,016		
7		徽商期货	775		-86		
8		华闻期货	512		-364		
9		海通期货	483		152		
10		宏源期货	389		-94		
11		中辉期货	384		74		
12		国海良时	351		1		
13		东吴期货	304		235		
14		创元期货	299		-74		
15		长安期货	294		-11		
16		国信期货	247		-85		
17		中信建投	232		-216		
18		华泰期货	222		-145		
19		华安期货	221		-189		
20		永安期货	191		83		
总计				25,454		13,570		

名次		会员简称	持买单量	增减		
1		中信期货	7,614		-1,656		
2		平安期货	2,131		0		
3		光大期货	1,908		-301		
4		永安期货	1,840		-98		
5		金瑞期货	1,602		-106		
6		国投安信	1,021		-4,595		
7		一德期货	1,008		-27		
8		银河期货	909		-37		
9		摩根大通	800		0		
10		福能期货	424		-6		
11		东证期货	401		1		
12		中辉期货	384		106		
13		中信建投	362		-71		
14		瑞达期货	359		0		
15		中粮期货	324		-50		
16		南华期货	313		-94		
17		中国国际	269		-1		
18		宏源期货	248		197		
19		东吴期货	219		213		
20		国泰君安	197		-614		
总计				22,333		-7,139		

名次		会员简称	持卖单量	增减		
1		中粮期货	4,556		1,001		
2		中信期货	4,173		-886		
3		国投安信	3,382		719		
4		金瑞期货	1,600		0		
5		国泰君安	1,245		-1,776		
6		银河期货	1,078		-34		
7		鲁证期货	1,061		-35		
8		先锋期货	724		-167		
9		光大期货	652		-4,007		
10		广州金控	606		0		
11		国富期货	510		-1,102		
12		徽商期货	410		8		
13		天风期货	364		-177		
14		中信建投	346		-161		
15		华泰期货	271		-44		
16		永安期货	254		-17		
17		一德期货	250		0		
18		华安期货	245		-1		
19		方正中期	224		0		
20		东航期货	187		0		
总计				22,138		-6,679		



会员类别	总成交量	增减		
期货公司会员	25,454		13,570		

会员类别	总持买单量	增减		
期货公司会员	22,333		-7,139		

会员类别	总持卖单量	增减		
期货公司会员	22,138		-6,679		

