								大连商品交易所 成交量_买持仓_卖持仓排名	

合约代码：y2201		Date：2021-06-11	

			期货公司会员	

名次		会员简称	成交量		增减		
1		东证期货	22,815		2,658		
2		华泰期货	16,573		821		
3		中信期货	12,729		2,898		
4		光大期货	9,981		702		
5		国泰君安	9,838		1,928		
6		国富期货	9,209		-578		
7		一德期货	4,372		2,137		
8		国投安信	4,218		2,875		
9		五矿经易	3,268		2,465		
10		广发期货	3,246		1,273		
11		华闻期货	2,948		1,797		
12		锦泰期货	2,830		840		
13		中粮期货	2,739		1,770		
14		宏源期货	2,733		979		
15		弘业期货	2,167		1,862		
16		国元期货	2,000		1,197		
17		华安期货	1,581		595		
18		申银万国	1,573		-3,536		
19		格林大华	1,472		285		
20		海通期货	1,396		10		
总计				117,688		22,978		

名次		会员简称	持买单量	增减		
1		广发期货	9,224		-399		
2		银河期货	7,321		-3		
3		中信期货	6,087		-6		
4		中粮期货	5,582		1,709		
5		国投安信	5,361		354		
6		摩根大通	4,948		29		
7		新湖期货	4,816		464		
8		北京首创	4,765		169		
9		国泰君安	4,297		-654		
10		光大期货	4,121		-138		
11		中金期货	3,447		0		
12		招商期货	2,346		303		
13		创元期货	2,163		0		
14		浙商期货	2,044		44		
15		申银万国	1,716		5		
16		西部期货	1,709		-50		
17		宏源期货	1,665		-30		
18		华融融达	1,551		-307		
19		东证期货	1,529		15		
20		建信期货	1,024		151		
总计				75,716		1,656		

名次		会员简称	持卖单量	增减		
1		一德期货	23,007		-400		
2		国富期货	14,188		1,085		
3		中粮期货	8,009		-84		
4		国泰君安	7,351		-386		
5		国投安信	4,760		1,288		
6		中信建投	4,155		31		
7		摩根大通	4,129		883		
8		东证期货	3,942		-780		
9		新湖期货	2,344		3		
10		永安期货	2,335		14		
11		中信期货	2,269		725		
12		中财期货	1,541		39		
13		北京首创	1,281		42		
14		五矿经易	1,249		-487		
15		建信期货	1,171		0		
16		北京金鹏	1,003		1		
17		平安期货	880		12		
18		东吴期货	713		141		
19		申银万国	711		-54		
20		银河期货	679		-298		
总计				85,717		1,775		



会员类别	总成交量	增减		
期货公司会员	117,688		22,978		

会员类别	总持买单量	增减		
期货公司会员	75,716		1,656		

会员类别	总持卖单量	增减		
期货公司会员	85,717		1,775		

