								大连商品交易所 成交量_买持仓_卖持仓排名	

合约代码：pp2109		Date：2021-06-11	

			期货公司会员	

名次		会员简称	成交量		增减		
1		国投安信	146,809		8,104		
2		东证期货	101,232		-15,118		
3		中信期货	81,612		11,464		
4		国泰君安	69,076		-247		
5		海通期货	68,698		-2,846		
6		国富期货	48,156		4,479		
7		银河期货	29,759		3,196		
8		华泰期货	27,055		325		
9		新湖期货	21,379		-334		
10		徽商期货	20,603		938		
11		华西期货	19,251		-381		
12		华安期货	18,355		631		
13		永安期货	17,900		1,116		
14		方正中期	16,428		1,758		
15		兴证期货	15,471		1,172		
16		宏源期货	14,897		-317		
17		东吴期货	14,770		-650		
18		华闻期货	14,525		-4,247		
19		南华期货	14,369		-4,515		
20		光大期货	14,261		-3,946		
总计				774,606		582		

名次		会员简称	持买单量	增减		
1		永安期货	45,020		-215		
2		中信期货	33,417		-927		
3		华泰期货	18,429		-990		
4		国泰君安	14,740		1,920		
5		国海良时	12,712		-1,510		
6		国投安信	9,902		-218		
7		建信期货	8,259		-224		
8		方正中期	8,091		-1,228		
9		东证期货	7,830		-620		
10		光大期货	7,826		-656		
11		南华期货	7,772		-35		
12		广发期货	7,717		-426		
13		海通期货	6,976		-435		
14		瑞达期货	6,427		-143		
15		弘业期货	6,420		-1,617		
16		五矿经易	6,213		-43		
17		华安期货	6,103		-906		
18		鲁证期货	6,051		305		
19		中粮期货	5,989		-147		
20		英大期货	5,916		-97		
总计				231,810		-8,212		

名次		会员简称	持卖单量	增减		
1		永安期货	35,894		221		
2		中信期货	31,410		-2,213		
3		华泰期货	25,067		-1,417		
4		国泰君安	23,179		-6,904		
5		东证期货	13,122		-3,814		
6		银河期货	11,846		-108		
7		方正中期	10,828		-442		
8		海通期货	9,002		-4,219		
9		广发期货	8,298		-451		
10		国投安信	7,752		-975		
11		兴证期货	7,500		-1,144		
12		宏源期货	7,358		-103		
13		浙商期货	6,975		352		
14		新湖期货	6,729		-248		
15		申银万国	6,524		43		
16		瑞达期货	6,293		-915		
17		中信建投	6,131		356		
18		中投期货	5,574		-1,291		
19		东航期货	5,470		-305		
20		中财期货	5,045		22		
总计				239,997		-23,555		



会员类别	总成交量	增减		
期货公司会员	774,606		582		

会员类别	总持买单量	增减		
期货公司会员	231,810		-8,212		

会员类别	总持卖单量	增减		
期货公司会员	239,997		-23,555		

