								大连商品交易所 成交量_买持仓_卖持仓排名	

合约代码：eb2110		Date：2021-06-11	

			期货公司会员	

名次		会员简称	成交量		增减		
1		华泰期货	1,639		1,400		
2		华闻期货	1,342		538		
3		中粮期货	1,254		1,191		
4		中信期货	841		475		
5		光大期货	720		592		
6		国泰君安	647		343		
7		国富期货	537		274		
8		永安期货	528		193		
9		中信建投	449		252		
10		五矿经易	376		250		
11		长江期货	307		148		
12		宏源期货	196		188		
13		国投安信	183		118		
14		徽商期货	109		40		
15		安粮期货	88		76		
16		华安期货	68		55		
17		天风期货	60		59		
18		海通期货	56		40		
19		方正中期	53		51		
20		银河期货	49		30		
总计				9,502		6,313		

名次		会员简称	持买单量	增减		
1		华泰期货	2,923		819		
2		国泰君安	2,289		9		
3		五矿经易	2,088		33		
4		永安期货	2,067		263		
5		国富期货	1,855		80		
6		中信期货	1,548		5		
7		中信建投	1,528		-8		
8		长江期货	1,253		51		
9		国投安信	1,173		88		
10		中粮期货	586		-592		
11		红塔期货	200		0		
12		徽商期货	195		93		
13		天风期货	108		0		
14		方正中期	100		50		
15		一德期货	90		-5		
16		银河期货	75		25		
17		冠通期货	62		0		
18		大地期货	60		10		
19		大有期货	60		0		
20		锦泰期货	50		0		
总计				18,310		921		

名次		会员简称	持卖单量	增减		
1		华泰期货	2,919		818		
2		永安期货	2,557		261		
3		国泰君安	2,207		0		
4		五矿经易	2,088		33		
5		国富期货	1,845		65		
6		中信期货	1,727		204		
7		中信建投	1,524		-5		
8		长江期货	1,254		50		
9		国投安信	1,143		93		
10		中粮期货	591		-592		
11		东证期货	236		2		
12		浙商期货	150		0		
13		中财期货	67		5		
14		天风期货	61		60		
15		海证期货	55		20		
16		恒泰期货	40		40		
17		迈科期货	39		-1		
18		宝城期货	31		0		
19		国金期货	29		0		
20		南华期货	26		0		
总计				18,589		1,053		



会员类别	总成交量	增减		
期货公司会员	9,502		6,313		

会员类别	总持买单量	增减		
期货公司会员	18,310		921		

会员类别	总持卖单量	增减		
期货公司会员	18,589		1,053		

