								大连商品交易所 成交量_买持仓_卖持仓排名	

合约代码：p2110		Date：2021-06-11	

			期货公司会员	

名次		会员简称	成交量		增减		
1		东证期货	6,498		-2,977		
2		华泰期货	5,661		432		
3		中信期货	4,282		-809		
4		国泰君安	3,666		-1,931		
5		锦泰期货	2,874		-191		
6		浙商期货	2,427		582		
7		华安期货	1,861		-2,867		
8		鲁证期货	1,814		-285		
9		申银万国	1,345		131		
10		华闻期货	852		332		
11		光大期货	760		-135		
12		五矿经易	630		-210		
13		招商期货	558		130		
14		方正中期	471		325		
15		南华期货	264		-100		
16		国投安信	231		53		
17		国联期货	168		-17		
18		兴证期货	152		17		
19		东海期货	151		151		
20		东吴期货	150		-20		
总计				34,815		-7,389		

名次		会员简称	持买单量	增减		
1		中信期货	2,700		21		
2		国投安信	2,580		-1		
3		国泰君安	2,326		49		
4		五矿经易	1,862		-1		
5		光大期货	1,834		-3		
6		华泰期货	1,630		54		
7		鲁证期货	1,473		-1		
8		招商期货	1,211		4		
9		新湖期货	1,195		0		
10		浙商期货	763		9		
11		海通期货	719		2		
12		永安期货	556		2		
13		乾坤期货	527		0		
14		宝城期货	500		0		
15		国元期货	500		0		
16		东吴期货	444		4		
17		中信建投	380		17		
18		创元期货	354		0		
19		华西期货	237		1		
20		大地期货	220		0		
总计				22,011		157		

名次		会员简称	持卖单量	增减		
1		国泰君安	2,962		141		
2		中信期货	2,635		9		
3		光大期货	1,838		-3		
4		五矿经易	1,805		-1		
5		华泰期货	1,590		81		
6		国信期货	1,496		-68		
7		鲁证期货	1,479		-7		
8		新湖期货	1,198		-1		
9		招商期货	1,196		-2		
10		华闻期货	1,100		74		
11		浙商期货	762		8		
12		海通期货	723		5		
13		永安期货	555		1		
14		国元期货	501		-1		
15		宝城期货	500		0		
16		东吴期货	406		6		
17		中信建投	369		16		
18		创元期货	357		1		
19		锦泰期货	354		-152		
20		华西期货	235		0		
总计				22,061		107		



会员类别	总成交量	增减		
期货公司会员	34,815		-7,389		

会员类别	总持买单量	增减		
期货公司会员	22,011		157		

会员类别	总持卖单量	增减		
期货公司会员	22,061		107		

