								大连商品交易所 成交量_买持仓_卖持仓排名	

合约代码：jd2201		Date：2021-06-11	

			期货公司会员	

名次		会员简称	成交量		增减		
1		东证期货	731		176		
2		中信期货	543		336		
3		南华期货	463		184		
4		中投期货	348		253		
5		宝城期货	301		280		
6		方正中期	252		152		
7		海通期货	239		26		
8		弘业期货	217		190		
9		华安期货	212		58		
10		徽商期货	198		98		
11		美尔雅期货	192		109		
12		东吴期货	187		18		
13		国富期货	186		113		
14		华闻期货	175		40		
15		中辉期货	163		144		
16		中州期货	157		137		
17		宏源期货	146		95		
18		上海大陆	139		-172		
19		英大期货	137		135		
20		上海中期	121		92		
总计				5,107		2,464		

名次		会员简称	持买单量	增减		
1		方正中期	1,932		33		
2		中辉期货	1,438		-23		
3		汇鑫期货	1,361		-20		
4		弘业期货	1,218		-96		
5		安粮期货	1,191		-7		
6		国泰君安	1,001		-23		
7		上海大陆	946		42		
8		中信建投	939		-6		
9		美尔雅期货	910		-102		
10		银河期货	804		-29		
11		永安期货	566		3		
12		徽商期货	561		-96		
13		创元期货	559		4		
14		南华期货	556		88		
15		冠通期货	512		0		
16		五矿经易	508		-40		
17		格林大华	442		-24		
18		华融融达	420		-11		
19		东证期货	383		-26		
20		平安期货	350		2		
总计				16,597		-331		

名次		会员简称	持卖单量	增减		
1		中信建投	2,215		46		
2		方正中期	2,113		-51		
3		北京首创	1,916		0		
4		中财期货	1,420		3		
5		永安期货	1,398		44		
6		中州期货	1,328		20		
7		中辉期货	1,205		-4		
8		弘业期货	1,180		-99		
9		中衍期货	1,058		0		
10		国泰君安	918		11		
11		中信期货	822		-159		
12		美尔雅期货	773		0		
13		安粮期货	664		3		
14		广发期货	580		0		
15		九州期货	542		0		
16		冠通期货	508		0		
17		创元期货	450		0		
18		瑞达期货	396		-33		
19		西南期货	359		0		
20		盛达期货	353		0		
总计				20,198		-219		



会员类别	总成交量	增减		
期货公司会员	5,107		2,464		

会员类别	总持买单量	增减		
期货公司会员	16,597		-331		

会员类别	总持卖单量	增减		
期货公司会员	20,198		-219		

