								大连商品交易所 成交量_买持仓_卖持仓排名	

合约代码：i2204		Date：2021-06-11	

			期货公司会员	

名次		会员简称	成交量		增减		
1		国泰君安	3,469		3,227		
2		建信期货	2,014		14		
3		银河期货	1,236		1,037		
4		中信期货	789		259		
5		南华期货	738		628		
6		中粮期货	516		-1,306		
7		北京首创	488		165		
8		华闻期货	479		4		
9		国联期货	353		327		
10		海通期货	345		38		
11		申银万国	297		20		
12		永安期货	259		128		
13		招商期货	238		35		
14		徽商期货	229		-887		
15		中国国际	222		211		
16		宏源期货	200		57		
17		方正中期	185		103		
18		上海中期	151		108		
19		浙商期货	137		17		
20		长安期货	122		120		
总计				12,467		4,305		

名次		会员简称	持买单量	增减		
1		国泰君安	8,739		-1,438		
2		徽商期货	5,961		103		
3		银河期货	5,725		-502		
4		申银万国	4,718		-88		
5		中粮期货	4,363		122		
6		长江期货	3,289		0		
7		国投安信	2,949		-28		
8		上海中期	2,913		69		
9		建信期货	2,847		992		
10		北京首创	2,530		-7		
11		上海东亚	2,331		1		
12		兴证期货	2,279		-2		
13		东吴期货	2,031		-11		
14		大地期货	1,952		0		
15		国联期货	1,894		-42		
16		海通期货	1,893		-121		
17		中信期货	1,837		20		
18		中财期货	1,821		0		
19		国海良时	1,735		-27		
20		南华期货	1,661		316		
总计				63,468		-643		

名次		会员简称	持卖单量	增减		
1		国泰君安	8,568		-1,457		
2		银河期货	6,188		-420		
3		徽商期货	5,940		114		
4		申银万国	5,143		-81		
5		中粮期货	4,359		114		
6		长江期货	3,288		0		
7		国投安信	3,053		-26		
8		建信期货	2,848		996		
9		兴证期货	2,425		-2		
10		上海东亚	2,331		0		
11		北京首创	2,227		-153		
12		东吴期货	2,006		0		
13		上海中期	2,002		0		
14		中信期货	1,960		129		
15		大地期货	1,950		-69		
16		海通期货	1,901		-106		
17		中财期货	1,879		70		
18		国海良时	1,754		-18		
19		国联期货	1,692		-67		
20		南华期货	1,662		316		
总计				63,176		-660		



会员类别	总成交量	增减		
期货公司会员	12,467		4,305		

会员类别	总持买单量	增减		
期货公司会员	63,468		-643		

会员类别	总持卖单量	增减		
期货公司会员	63,176		-660		

