								大连商品交易所 成交量_买持仓_卖持仓排名	

合约代码：m2107		Date：2020-09-16	

			期货公司会员	

名次		会员简称	成交量		增减		
1		东证期货	8,651		-135		
2		国富期货	8,360		5,129		
3		光大期货	6,594		1,846		
4		华闻期货	6,337		1,539		
5		方正中期	5,983		-510		
6		申银万国	5,849		2,637		
7		国泰君安	5,545		1,883		
8		银河期货	4,318		3,588		
9		冠通期货	3,922		3,879		
10		海通期货	3,902		340		
11		海证期货	3,745		3,738		
12		一德期货	3,216		3,057		
13		美尔雅期货	3,128		3,126		
14		鲁证期货	2,635		425		
15		浙商期货	2,367		246		
16		招商期货	2,321		926		
17		华西期货	2,028		762		
18		南华期货	1,947		-130		
19		格林大华	1,728		-52		
20		中粮期货	1,704		-4		
总计				84,280		32,290		

名次		会员简称	持买单量	增减		
1		申银万国	5,537		1,589		
2		国投安信	1,460		5		
3		东吴期货	1,250		0		
4		鲁证期货	1,067		0		
5		海通期货	1,067		56		
6		五矿经易	951		-1		
7		中投期货	950		-50		
8		招商期货	805		-10		
9		冠通期货	776		0		
10		浙商期货	515		-4		
11		光大期货	462		26		
12		瑞达期货	430		-10		
13		国海良时	365		1		
14		新湖期货	341		75		
15		东证期货	340		4		
16		格林大华	322		-79		
17		中衍期货	262		7		
18		中信建投	211		7		
19		上海中期	211		-113		
20		西南期货	176		-12		
总计				17,498		1,491		

名次		会员简称	持卖单量	增减		
1		申银万国	5,449		1,590		
2		国投安信	1,453		8		
3		东吴期货	1,332		2		
4		安粮期货	1,216		130		
5		鲁证期货	1,079		-1		
6		海通期货	1,065		58		
7		五矿经易	950		0		
8		招商期货	802		-3		
9		冠通期货	786		10		
10		国元期货	629		75		
11		摩根大通	557		0		
12		浙商期货	503		-25		
13		国海良时	358		-2		
14		国泰君安	348		-2		
15		新湖期货	321		70		
16		格林大华	308		-99		
17		宏源期货	250		0		
18		中衍期货	250		0		
19		中信期货	177		100		
20		东证期货	91		-11		
总计				17,924		1,900		



会员类别	总成交量	增减		
期货公司会员	84,280		32,290		

会员类别	总持买单量	增减		
期货公司会员	17,498		1,491		

会员类别	总持卖单量	增减		
期货公司会员	17,924		1,900		

