								大连商品交易所 成交量_买持仓_卖持仓排名	

合约代码：m2109		Date：2020-09-16	

			期货公司会员	

名次		会员简称	成交量		增减		
1		银河期货	5,024		4,728		
2		摩根大通	4,512		-2,321		
3		长江期货	1,274		-383		
4		美尔雅期货	1,243		147		
5		华安期货	891		66		
6		宏源期货	861		-659		
7		国元期货	825		494		
8		光大期货	754		463		
9		中粮期货	752		94		
10		中国国际	723		470		
11		徽商期货	651		-87		
12		民生期货	640		611		
13		中财期货	629		-229		
14		格林大华	629		-2,883		
15		华金期货	594		-419		
16		华闻期货	504		491		
17		中信建投	500		418		
18		国泰君安	431		-808		
19		东证期货	421		-399		
20		长城期货	410		-869		
总计				22,268		-1,075		

名次		会员简称	持买单量	增减		
1		格林大华	3,976		579		
2		长江期货	2,879		1,248		
3		美尔雅期货	2,206		1,228		
4		国富期货	1,632		100		
5		华金期货	1,575		594		
6		华鑫期货	1,211		31		
7		中财期货	1,103		312		
8		金元期货	960		222		
9		金石期货	869		250		
10		中辉期货	859		99		
11		国海良时	780		67		
12		北京首创	705		0		
13		中粮期货	613		297		
14		民生期货	611		603		
15		华闻期货	500		500		
16		华西期货	500		300		
17		徽商期货	492		349		
18		中国国际	467		382		
19		新湖期货	448		123		
20		永安期货	421		92		
总计				22,807		7,376		

名次		会员简称	持卖单量	增减		
1		摩根大通	11,345		4,512		
2		银河期货	5,038		4,934		
3		北京首创	2,514		-23		
4		新湖期货	2,400		0		
5		一德期货	2,303		251		
6		国泰君安	941		183		
7		五矿经易	901		11		
8		宏源期货	897		56		
9		海证期货	785		207		
10		国元期货	768		700		
11		东证期货	600		1		
12		中天期货	410		305		
13		中粮期货	323		87		
14		华安期货	312		201		
15		浙商期货	304		43		
16		中国国际	221		183		
17		平安期货	214		0		
18		华泰期货	206		3		
19		中航期货	200		0		
20		招商期货	100		0		
总计				30,782		11,654		



会员类别	总成交量	增减		
期货公司会员	22,268		-1,075		

会员类别	总持买单量	增减		
期货公司会员	22,807		7,376		

会员类别	总持卖单量	增减		
期货公司会员	30,782		11,654		

