								大连商品交易所 成交量_买持仓_卖持仓排名	

合约代码：y2101		Date：2020-09-16	

			期货公司会员	

名次		会员简称	成交量		增减		
1		东证期货	213,062		29,657		
2		国泰君安	132,516		30,099		
3		国富期货	99,011		12,645		
4		中信期货	76,051		16,221		
5		光大期货	68,844		15,189		
6		兴证期货	65,233		7,299		
7		申银万国	58,771		13,723		
8		华闻期货	38,170		9,085		
9		海通期货	36,764		8,615		
10		华泰期货	30,953		9,582		
11		银河期货	21,719		-6,227		
12		徽商期货	21,436		3,065		
13		平安期货	20,084		15,539		
14		华安期货	19,421		3,017		
15		方正中期	19,368		2,184		
16		永安期货	16,057		3,638		
17		宏源期货	15,173		2,665		
18		中粮期货	15,116		4,062		
19		安粮期货	14,142		4,632		
20		中财期货	13,011		6,194		
总计				994,902		190,884		

名次		会员简称	持买单量	增减		
1		永安期货	48,796		1,113		
2		国泰君安	38,320		660		
3		一德期货	32,683		1,715		
4		广发期货	29,664		169		
5		银河期货	28,971		2,359		
6		中粮期货	28,309		-693		
7		五矿经易	28,138		2,147		
8		浙商期货	22,940		706		
9		华泰期货	19,944		-2,307		
10		中信期货	18,898		-659		
11		大越期货	16,998		5		
12		申银万国	16,228		1,072		
13		国投安信	15,054		44		
14		东证期货	14,398		-786		
15		大地期货	14,018		44		
16		天风期货	13,905		-678		
17		海通期货	12,943		2,999		
18		光大期货	12,029		-315		
19		方正中期	10,105		56		
20		美尔雅期货	9,893		906		
总计				432,234		8,557		

名次		会员简称	持卖单量	增减		
1		中粮期货	120,873		-2,057		
2		国投安信	73,538		2,502		
3		中信期货	34,108		-2,710		
4		信达期货	31,918		-90		
5		银河期货	29,761		-342		
6		国泰君安	26,302		40		
7		摩根大通	24,703		0		
8		一德期货	22,355		2,255		
9		永安期货	20,980		10		
10		广发期货	18,347		583		
11		南华期货	16,963		892		
12		海通期货	12,868		-1,035		
13		上海中期	12,134		1,364		
14		浙商期货	9,988		-457		
15		新湖期货	9,329		193		
16		东证期货	9,263		1,526		
17		华泰期货	9,059		688		
18		鲁证期货	8,361		-1,829		
19		五矿经易	8,045		48		
20		中大期货	7,724		69		
总计				506,619		1,650		



会员类别	总成交量	增减		
期货公司会员	994,902		190,884		

会员类别	总持买单量	增减		
期货公司会员	432,234		8,557		

会员类别	总持卖单量	增减		
期货公司会员	506,619		1,650		

