								大连商品交易所 成交量_买持仓_卖持仓排名	

合约代码：m2105		Date：2020-09-16	

			期货公司会员	

名次		会员简称	成交量		增减		
1		东证期货	138,279		11,686		
2		国泰君安	41,930		29,761		
3		光大期货	36,706		5,520		
4		永安期货	31,180		18,189		
5		银河期货	27,048		13,379		
6		中信期货	23,183		6,024		
7		华泰期货	21,894		7,497		
8		兴证期货	19,908		562		
9		海通期货	17,249		3,624		
10		国投安信	14,265		-15,638		
11		摩根大通	12,910		-5,368		
12		国盛期货	10,875		8,908		
13		浙商期货	10,678		5,439		
14		招金期货	10,500		2,834		
15		国富期货	10,175		1,618		
16		宏源期货	9,843		5,536		
17		中粮期货	9,754		-10,214		
18		长江期货	9,034		2,259		
19		方正中期	9,033		1,014		
20		新湖期货	8,621		4,141		
总计				473,065		96,771		

名次		会员简称	持买单量	增减		
1		中粮期货	58,006		1,781		
2		永安期货	49,080		3,403		
3		中信建投	33,195		-662		
4		宏源期货	30,337		244		
5		申银万国	27,782		-1,021		
6		方正中期	25,927		-224		
7		摩根大通	24,780		5,507		
8		一德期货	24,737		-431		
9		国富期货	24,674		-649		
10		兴证期货	20,798		1,076		
11		国泰君安	20,475		558		
12		银河期货	19,223		2,203		
13		浙商期货	18,946		440		
14		国投安信	18,576		3,255		
15		海通期货	18,250		-1,211		
16		华泰期货	17,704		-713		
17		东吴期货	15,977		280		
18		五矿经易	13,653		460		
19		东证期货	13,222		-1,861		
20		华融融达	13,218		-303		
总计				488,560		12,132		

名次		会员简称	持卖单量	增减		
1		中粮期货	257,534		1,363		
2		国投安信	123,260		4,756		
3		银河期货	57,801		1,869		
4		摩根大通	39,682		-6,203		
5		广发期货	36,769		-277		
6		海通期货	31,696		-152		
7		中信期货	29,599		2,415		
8		平安期货	27,817		749		
9		永安期货	25,826		5,321		
10		国泰君安	24,107		2,150		
11		南华期货	23,462		-36		
12		一德期货	23,394		853		
13		新湖期货	21,648		5,394		
14		北京首创	19,502		2,063		
15		鲁证期货	17,300		190		
16		五矿经易	15,372		156		
17		建信期货	12,380		18		
18		北京金鹏	8,713		71		
19		国元期货	8,188		-874		
20		宏源期货	7,694		137		
总计				811,744		19,963		



会员类别	总成交量	增减		
期货公司会员	473,065		96,771		

会员类别	总持买单量	增减		
期货公司会员	488,560		12,132		

会员类别	总持卖单量	增减		
期货公司会员	811,744		19,963		

