								大连商品交易所 成交量_买持仓_卖持仓排名	

合约代码：pp2101		Date：2020-09-16	

			期货公司会员	

名次		会员简称	成交量		增减		
1		东证期货	187,442		-13,921		
2		中信期货	68,793		4,443		
3		国泰君安	58,497		-2,502		
4		海通期货	42,733		-7,970		
5		方正中期	36,755		2,658		
6		国富期货	34,323		4,281		
7		华泰期货	33,724		-464		
8		银河期货	27,623		2,119		
9		徽商期货	25,046		2,338		
10		华安期货	24,017		1,063		
11		永安期货	23,778		3,996		
12		兴证期货	22,294		-2,089		
13		国信期货	18,270		3,336		
14		东海期货	16,268		3,825		
15		浙商期货	14,968		3,872		
16		中辉期货	14,626		3,149		
17		东方财富	14,400		832		
18		光大期货	14,293		273		
19		中信建投	13,933		2,756		
20		申银万国	13,825		-3,973		
总计				705,608		8,022		

名次		会员简称	持买单量	增减		
1		永安期货	54,351		3,058		
2		中信期货	33,268		1,997		
3		银河期货	19,055		-1,445		
4		华泰期货	13,265		3,878		
5		东证期货	12,203		972		
6		东海期货	9,152		69		
7		瑞达期货	8,407		-152		
8		新湖期货	8,373		49		
9		国泰君安	7,276		1,646		
10		国投安信	6,823		771		
11		海通期货	5,294		2,739		
12		华安期货	5,133		-1,103		
13		申银万国	4,723		268		
14		福能期货	4,519		0		
15		宏源期货	4,166		489		
16		方正中期	4,155		-1,337		
17		兴证期货	3,997		1,537		
18		浙江新世纪	3,885		118		
19		徽商期货	3,865		-57		
20		东吴期货	3,834		-179		
总计				215,744		13,318		

名次		会员简称	持卖单量	增减		
1		浙商期货	18,668		2,506		
2		永安期货	18,109		2,564		
3		国泰君安	13,878		1,717		
4		国投安信	11,957		560		
5		南华期货	11,450		885		
6		中信期货	11,445		234		
7		鲁证期货	11,114		1,150		
8		国信期货	11,041		240		
9		中银期货	10,068		592		
10		瑞达期货	9,881		121		
11		华泰期货	9,624		-3,212		
12		建信期货	7,833		-20		
13		东证期货	6,175		-1,860		
14		中信建投	5,936		-746		
15		广发期货	5,933		862		
16		银河期货	5,749		-24		
17		信达期货	5,485		1,565		
18		方正中期	5,465		450		
19		兴证期货	5,348		-133		
20		国海良时	4,908		491		
总计				190,067		7,942		



会员类别	总成交量	增减		
期货公司会员	705,608		8,022		

会员类别	总持买单量	增减		
期货公司会员	215,744		13,318		

会员类别	总持卖单量	增减		
期货公司会员	190,067		7,942		

