								大连商品交易所 成交量_买持仓_卖持仓排名	

合约代码：eg2101		Date：2020-09-16	

			期货公司会员	

名次		会员简称	成交量		增减		
1		东证期货	88,113		8,361		
2		中信期货	26,143		6,004		
3		华泰期货	24,000		6,732		
4		国富期货	23,141		1,245		
5		国泰君安	21,372		-724		
6		海通期货	16,204		660		
7		方正中期	14,139		3,297		
8		永安期货	11,363		-4,564		
9		徽商期货	10,006		1,731		
10		一德期货	9,866		5,138		
11		中信建投	9,402		3,629		
12		银河期货	9,218		1,798		
13		华安期货	8,802		2,866		
14		东吴期货	8,802		1,277		
15		兴证期货	8,496		3,957		
16		华闻期货	7,754		1,480		
17		光大期货	7,368		-435		
18		中辉期货	6,585		1,581		
19		申银万国	5,988		1,744		
20		浙商期货	5,918		618		
总计				322,680		46,395		

名次		会员简称	持买单量	增减		
1		通惠期货	13,257		-134		
2		信达期货	12,353		132		
3		华泰期货	9,025		-4,768		
4		中信期货	8,871		-477		
5		永安期货	8,744		-898		
6		新湖期货	8,441		-107		
7		一德期货	7,336		-381		
8		弘业期货	6,372		413		
9		宏源期货	6,093		-108		
10		浙商期货	6,075		33		
11		天风期货	5,214		297		
12		东证期货	5,206		-2,598		
13		华安期货	5,194		1,428		
14		方正中期	4,904		-171		
15		国投安信	4,320		234		
16		华闻期货	4,137		-266		
17		兴证期货	3,824		509		
18		海通期货	3,813		-701		
19		国泰君安	3,722		346		
20		东吴期货	3,671		-1,006		
总计				130,572		-8,223		

名次		会员简称	持卖单量	增减		
1		永安期货	42,825		-3,537		
2		中信期货	31,582		1,668		
3		国贸期货	12,597		-2,041		
4		宝城期货	6,855		16		
5		国泰君安	6,595		-1,244		
6		国元期货	5,928		-246		
7		天风期货	5,313		-218		
8		中信建投	5,306		4,093		
9		华泰期货	5,304		-464		
10		五矿经易	5,188		-170		
11		北京首创	5,133		-139		
12		申银万国	4,504		658		
13		浙商期货	4,240		-1,077		
14		瑞达期货	4,182		-355		
15		光大期货	4,073		-15		
16		国投安信	3,905		-68		
17		建信期货	3,708		259		
18		中粮期货	3,541		336		
19		鲁证期货	3,521		-1,068		
20		银河期货	3,327		-343		
总计				167,627		-3,955		



会员类别	总成交量	增减		
期货公司会员	322,680		46,395		

会员类别	总持买单量	增减		
期货公司会员	130,572		-8,223		

会员类别	总持卖单量	增减		
期货公司会员	167,627		-3,955		

