								大连商品交易所 成交量_买持仓_卖持仓排名	

合约代码：jd2101		Date：2020-09-16	

			期货公司会员	

名次		会员简称	成交量		增减		
1		东证期货	10,791		-2,852		
2		徽商期货	5,975		943		
3		申银万国	4,529		545		
4		宏源期货	4,230		1,106		
5		华安期货	4,121		189		
6		方正中期	3,326		98		
7		永安期货	3,268		126		
8		海通期货	3,148		1,384		
9		华泰期货	2,963		1,368		
10		光大期货	2,765		-542		
11		中信期货	2,442		-557		
12		中信建投	2,245		-1,064		
13		南华期货	2,210		22		
14		国泰君安	2,167		-1,430		
15		美尔雅期货	2,032		727		
16		广发期货	2,027		403		
17		国富期货	1,553		177		
18		国海良时	1,459		225		
19		创元期货	1,451		855		
20		金瑞期货	1,356		-93		
总计				64,058		1,630		

名次		会员简称	持买单量	增减		
1		福能期货	5,004		-137		
2		海通期货	3,247		765		
3		永安期货	3,107		-311		
4		方正中期	2,193		-232		
5		中信期货	2,154		-132		
6		中辉期货	2,085		-9		
7		国泰君安	2,018		380		
8		中信建投	1,866		-32		
9		海证期货	1,858		-30		
10		徽商期货	1,762		-36		
11		光大期货	1,522		-108		
12		华安期货	1,494		-87		
13		宏源期货	1,467		-295		
14		新湖期货	1,461		51		
15		银河期货	1,381		-122		
16		东航期货	1,355		-19		
17		汇鑫期货	1,245		212		
18		申银万国	1,205		-41		
19		中粮期货	1,168		-68		
20		东证期货	1,136		-83		
总计				38,728		-334		

名次		会员简称	持卖单量	增减		
1		宏源期货	5,102		575		
2		华安期货	3,636		120		
3		徽商期货	3,269		811		
4		永安期货	2,959		-863		
5		广州金控	2,759		273		
6		中信建投	2,609		435		
7		方正中期	2,528		260		
8		国泰君安	2,274		627		
9		南华期货	1,794		837		
10		先锋期货	1,793		-39		
11		申银万国	1,783		284		
12		中辉期货	1,676		252		
13		招金期货	1,507		140		
14		东航期货	1,485		74		
15		国海良时	1,433		1		
16		华泰期货	1,357		-1,159		
17		英大期货	1,256		54		
18		北京首创	1,221		-172		
19		鑫鼎盛期货	1,147		-3		
20		东证期货	1,054		-6		
总计				42,642		2,501		



会员类别	总成交量	增减		
期货公司会员	64,058		1,630		

会员类别	总持买单量	增减		
期货公司会员	38,728		-334		

会员类别	总持卖单量	增减		
期货公司会员	42,642		2,501		

