								大连商品交易所 成交量_买持仓_卖持仓排名	

合约代码：rr2012		Date：2020-09-16	

			期货公司会员	

名次		会员简称	成交量		增减		
1		东证期货	5,493		-4,021		
2		国海良时	4,230		758		
3		海通期货	1,739		-1,554		
4		上海东亚	1,628		64		
5		五矿经易	1,565		-880		
6		中信建投	1,512		-306		
7		申银万国	1,363		-104		
8		中原期货	1,180		-683		
9		国泰君安	1,027		-1,820		
10		光大期货	926		-489		
11		永安期货	909		-764		
12		金元期货	897		632		
13		方正中期	858		-895		
14		格林大华	822		-1,143		
15		浙商期货	784		-735		
16		华安期货	692		-128		
17		中信期货	661		-623		
18		天风期货	626		146		
19		华闻期货	554		-9		
20		东海期货	513		-137		
总计				27,979		-12,691		

名次		会员简称	持买单量	增减		
1		宏源期货	1,734		12		
2		东证期货	1,445		432		
3		五矿经易	1,245		0		
4		永安期货	1,119		41		
5		国泰君安	1,074		152		
6		安粮期货	853		-21		
7		江西瑞奇	651		46		
8		浙商期货	574		98		
9		光大期货	561		3		
10		海通期货	559		-8		
11		国海良时	516		-1		
12		中原期货	320		-5		
13		徽商期货	317		27		
14		申银万国	273		-2		
15		中信建投	249		-13		
16		方正中期	239		-130		
17		瑞达期货	220		49		
18		广发期货	193		1		
19		东方财富	191		-32		
20		中国国际	190		6		
总计				12,523		655		

名次		会员简称	持卖单量	增减		
1		北京首创	1,741		0		
2		东证期货	1,424		371		
3		五矿经易	1,215		5		
4		国泰君安	964		-91		
5		海通期货	844		-31		
6		东海期货	757		424		
7		中信期货	690		-187		
8		渤海期货	647		0		
9		永安期货	539		32		
10		浙商期货	532		72		
11		光大期货	530		9		
12		鲁证期货	461		66		
13		国海良时	402		-1		
14		国投安信	399		-40		
15		申银万国	392		-461		
16		中投期货	340		0		
17		华安期货	316		24		
18		金元期货	309		309		
19		中原期货	308		-3		
20		东方财富	281		-1		
总计				13,091		497		



会员类别	总成交量	增减		
期货公司会员	27,979		-12,691		

会员类别	总持买单量	增减		
期货公司会员	12,523		655		

会员类别	总持卖单量	增减		
期货公司会员	13,091		497		

