								大连商品交易所 成交量_买持仓_卖持仓排名	

合约代码：jd2011		Date：2020-09-16	

			期货公司会员	

名次		会员简称	成交量		增减		
1		东证期货	40,190		-19,582		
2		徽商期货	18,050		-4,925		
3		国泰君安	13,543		-5,996		
4		国富期货	13,164		-1,353		
5		宏源期货	13,062		1,173		
6		华安期货	11,788		-4,267		
7		光大期货	10,791		-3,666		
8		方正中期	10,141		-2,359		
9		海通期货	9,677		2,080		
10		银河期货	9,097		146		
11		中信建投	8,731		-1,435		
12		永安期货	8,721		376		
13		申银万国	8,334		-1,700		
14		安粮期货	8,312		2,751		
15		中辉期货	7,856		-623		
16		弘业期货	7,158		1,910		
17		华泰期货	7,148		-2,190		
18		南华期货	6,777		1,882		
19		中信期货	6,058		-2,826		
20		东吴期货	5,902		-1,520		
总计				224,500		-42,124		

名次		会员简称	持买单量	增减		
1		永安期货	7,313		1,200		
2		徽商期货	6,484		497		
3		中信期货	5,174		346		
4		方正中期	5,076		-1		
5		银河期货	4,882		-405		
6		中信建投	4,452		-28		
7		福能期货	3,875		1,388		
8		华安期货	3,573		-239		
9		国泰君安	3,549		204		
10		海通期货	3,472		-892		
11		华泰期货	3,155		508		
12		东证期货	3,125		-738		
13		宏源期货	3,030		229		
14		广发期货	2,846		-98		
15		东方财富	2,818		-356		
16		光大期货	2,564		5		
17		弘业期货	2,483		328		
18		南华期货	2,470		133		
19		美尔雅期货	2,366		44		
20		东吴期货	2,288		156		
总计				74,995		2,281		

名次		会员简称	持卖单量	增减		
1		方正中期	9,027		-1,500		
2		国泰君安	7,095		943		
3		五矿经易	5,854		-645		
4		永安期货	5,560		-415		
5		宏源期货	4,516		603		
6		招金期货	4,505		424		
7		中信建投	4,383		-167		
8		美尔雅期货	3,207		-1,627		
9		东证期货	3,146		2,002		
10		先锋期货	3,069		162		
11		徽商期货	3,003		-723		
12		申银万国	2,954		-126		
13		中州期货	2,932		941		
14		银河期货	2,815		84		
15		华安期货	2,753		111		
16		长江期货	2,741		238		
17		瑞达期货	2,706		-329		
18		中信期货	2,684		470		
19		英大期货	2,679		80		
20		北京首创	2,604		-28		
总计				78,233		498		



会员类别	总成交量	增减		
期货公司会员	224,500		-42,124		

会员类别	总持买单量	增减		
期货公司会员	74,995		2,281		

会员类别	总持卖单量	增减		
期货公司会员	78,233		498		

