								大连商品交易所 成交量_买持仓_卖持仓排名	

合约代码：y2109		Date：2021-06-28	

			期货公司会员	

名次		会员简称	成交量		增减		
1		东证期货	318,297		50,564		
2		中信期货	215,217		30,310		
3		华泰期货	214,310		-9,094		
4		光大期货	174,920		48,461		
5		国富期货	147,184		43,199		
6		海通期货	138,347		45,999		
7		国泰君安	101,731		29,577		
8		兴证期货	97,713		33,469		
9		华西期货	76,011		4,650		
10		银河期货	51,625		23,234		
11		国投安信	44,609		7,480		
12		永安期货	41,993		22,915		
13		徽商期货	39,791		14,854		
14		申银万国	39,441		17,614		
15		东吴期货	37,828		23,356		
16		方正中期	34,532		9,201		
17		中粮期货	32,610		16,083		
18		华安期货	31,186		10,628		
19		华闻期货	29,595		4,627		
20		浙商期货	25,230		8,826		
总计				1,892,170	435,953		

名次		会员简称	持买单量	增减		
1		永安期货	35,959		-2,207		
2		中信期货	28,613		-2,623		
3		一德期货	24,976		-105		
4		国泰君安	23,374		1,121		
5		西部期货	20,793		436		
6		国富期货	17,611		-785		
7		银河期货	17,436		-818		
8		东证期货	15,989		4,423		
9		中粮期货	15,658		2,063		
10		国投安信	14,352		-1,559		
11		华泰期货	12,015		1,668		
12		海通期货	10,929		-1,952		
13		兴证期货	7,410		-945		
14		北京首创	7,346		-343		
15		申银万国	6,708		-269		
16		浙商期货	6,606		-1		
17		汇鑫期货	6,120		264		
18		中信建投	6,001		-86		
19		五矿期货	5,685		1,506		
20		光大期货	5,444		-879		
总计				289,025		-1,091		

名次		会员简称	持卖单量	增减		
1		中粮期货	81,554		565		
2		国投安信	27,623		-852		
3		摩根大通	26,269		-159		
4		永安期货	22,722		-4,140		
5		中信期货	22,194		-1,344		
6		东证期货	16,201		2,994		
7		五矿期货	15,361		773		
8		国泰君安	15,348		-2,314		
9		一德期货	11,840		-66		
10		南华期货	11,338		-238		
11		鲁证期货	11,260		1,892		
12		宏源期货	10,540		1,135		
13		国富期货	10,249		-1,107		
14		广发期货	9,263		178		
15		海通期货	8,463		-451		
16		银河期货	7,351		-991		
17		新湖期货	6,550		-55		
18		信达期货	6,034		-55		
19		华泰期货	4,993		-2		
20		中信建投	4,200		-583		
总计				329,353		-4,820		



会员类别	总成交量	增减		
期货公司会员	1,892,170	435,953		

会员类别	总持买单量	增减		
期货公司会员	289,025		-1,091		

会员类别	总持卖单量	增减		
期货公司会员	329,353		-4,820		

