								大连商品交易所 成交量_买持仓_卖持仓排名	

合约代码：pg2109		Date：2021-06-28	

			期货公司会员	

名次		会员简称	成交量		增减		
1		华泰期货	5,757		1,396		
2		东证期货	3,518		-1,846		
3		中信期货	3,137		656		
4		招商期货	1,588		295		
5		国富期货	1,444		321		
6		浙商期货	1,417		249		
7		锦泰期货	1,204		1,026		
8		申银万国	1,134		34		
9		方正中期	1,084		505		
10		国信期货	932		-462		
11		光大期货	918		31		
12		兴证期货	799		-10		
13		中衍期货	764		41		
14		瑞达期货	744		-180		
15		徽商期货	676		-15		
16		中信建投	673		130		
17		永安期货	606		-254		
18		长江期货	545		18		
19		华闻期货	543		-83		
20		金瑞期货	524		219		
总计				28,007		2,071		

名次		会员简称	持买单量	增减		
1		中信期货	2,966		297		
2		招商期货	1,738		6		
3		国泰君安	1,392		150		
4		瑞达期货	1,181		308		
5		永安期货	1,036		-271		
6		东证期货	1,030		-18		
7		中信建投	927		-13		
8		申银万国	868		102		
9		方正中期	843		19		
10		五矿期货	809		-14		
11		浙商期货	781		432		
12		兴证期货	457		-29		
13		华泰期货	445		118		
14		长江期货	403		48		
15		上海东亚	327		27		
16		金瑞期货	193		110		
17		锦泰期货	191		1		
18		东吴期货	179		-17		
19		华融融达	175		0		
20		大地期货	161		0		
总计				16,102		1,256		

名次		会员简称	持卖单量	增减		
1		中信期货	3,461		240		
2		招商期货	1,717		28		
3		东证期货	1,163		34		
4		方正中期	1,155		-29		
5		浙商期货	1,033		385		
6		中信建投	884		-6		
7		永安期货	819		-157		
8		五矿期货	787		-3		
9		申银万国	709		114		
10		兴证期货	489		-40		
11		长江期货	451		45		
12		瑞达期货	388		-52		
13		华泰期货	350		41		
14		南华期货	300		13		
15		锦泰期货	268		75		
16		银河期货	263		59		
17		东方财富	211		-10		
18		广发期货	181		0		
19		徽商期货	169		-10		
20		国泰君安	166		-3		
总计				14,964		724		



会员类别	总成交量	增减		
期货公司会员	28,007		2,071		

会员类别	总持买单量	增减		
期货公司会员	16,102		1,256		

会员类别	总持卖单量	增减		
期货公司会员	14,964		724		

