								大连商品交易所 成交量_买持仓_卖持仓排名	

合约代码：v2110		Date：2021-06-28	

			期货公司会员	

名次		会员简称	成交量		增减		
1		国投安信	9,926		1,741		
2		东证期货	5,099		-6,690		
3		中天期货	1,992		-321		
4		申银万国	1,615		-120		
5		鲁证期货	1,581		-115		
6		中信建投	1,457		1,028		
7		五矿期货	1,256		-496		
8		浙商期货	1,227		-929		
9		海证期货	1,198		69		
10		长江期货	1,059		119		
11		中辉期货	800		-187		
12		中信期货	761		-1,020		
13		银河期货	715		153		
14		金瑞期货	698		-489		
15		徽商期货	658		-133		
16		光大期货	616		-342		
17		国泰君安	608		-236		
18		海通期货	592		18		
19		国富期货	525		385		
20		中投期货	480		89		
总计				32,863		-7,476		

名次		会员简称	持买单量	增减		
1		中信期货	6,138		449		
2		浙商期货	5,415		10		
3		五矿期货	5,081		260		
4		申银万国	4,244		1		
5		海证期货	4,131		-73		
6		锦泰期货	3,589		-2		
7		鲁证期货	3,376		1		
8		长江期货	2,938		-69		
9		东证期货	2,099		-80		
10		国富期货	1,321		0		
11		新湖期货	730		0		
12		银河期货	722		216		
13		国信期货	552		0		
14		华金期货	550		0		
15		东航期货	355		1		
16		华安期货	317		-35		
17		东海期货	284		-5		
18		华闻期货	231		-5		
19		大地期货	211		-185		
20		安粮期货	209		-110		
总计				42,493		374		

名次		会员简称	持卖单量	增减		
1		中信期货	6,080		214		
2		浙商期货	5,427		5		
3		五矿期货	4,581		260		
4		申银万国	4,204		-32		
5		海证期货	4,145		-15		
6		锦泰期货	3,570		22		
7		鲁证期货	3,384		-78		
8		长江期货	2,932		-70		
9		东证期货	2,282		37		
10		国富期货	1,306		-51		
11		新湖期货	723		2		
12		银河期货	707		169		
13		中投期货	554		-95		
14		华金期货	550		0		
15		兴业期货	500		-1		
16		国泰君安	413		47		
17		华安期货	350		43		
18		东航期货	339		-3		
19		国信期货	322		-10		
20		东海期货	233		0		
总计				42,602		444		



会员类别	总成交量	增减		
期货公司会员	32,863		-7,476		

会员类别	总持买单量	增减		
期货公司会员	42,493		374		

会员类别	总持卖单量	增减		
期货公司会员	42,602		444		

