								大连商品交易所 成交量_买持仓_卖持仓排名	

合约代码：v2109		Date：2021-06-28	

			期货公司会员	

名次		会员简称	成交量		增减		
1		国富期货	148,472		-1,205		
2		东证期货	146,787		-57,920		
3		国投安信	111,292		6,106		
4		新湖期货	76,852		-2,092		
5		中信期货	65,284		11,287		
6		五矿期货	49,960		23,210		
7		申银万国	45,687		11,003		
8		国泰君安	34,589		3,441		
9		永安期货	33,683		-2,061		
10		海通期货	33,274		15		
11		浙商期货	26,287		2,391		
12		华泰期货	21,138		7,087		
13		华金期货	19,342		-1,232		
14		光大期货	19,244		386		
15		广发期货	13,042		3,348		
16		东海期货	12,491		9,032		
17		银河期货	12,211		-2,320		
18		东吴期货	11,316		1,150		
19		国海良时	9,949		-2,733		
20		徽商期货	9,904		-1,833		
总计				900,804		7,060		

名次		会员简称	持买单量	增减		
1		永安期货	60,900		-9,358		
2		中信期货	51,178		2,274		
3		国泰君安	22,975		811		
4		东证期货	12,090		2,856		
5		瑞达期货	10,978		287		
6		银河期货	10,663		-1,641		
7		申银万国	10,070		-1,377		
8		平安期货	9,488		-161		
9		海证期货	8,948		-434		
10		中投期货	8,316		846		
11		华泰期货	7,828		644		
12		中粮期货	7,009		-2,381		
13		国海良时	6,566		1,515		
14		光大期货	6,293		-389		
15		盛达期货	6,149		108		
16		招商期货	5,926		257		
17		海通期货	5,349		1,297		
18		国信期货	5,276		194		
19		南华期货	5,274		-2,965		
20		中辉期货	5,033		-1,203		
总计				266,309		-8,820		

名次		会员简称	持卖单量	增减		
1		东证期货	28,671		1,309		
2		一德期货	21,848		861		
3		永安期货	21,760		3,943		
4		建信期货	17,804		613		
5		国泰君安	17,484		-1,388		
6		申银万国	13,871		7,720		
7		东海期货	12,533		-3,458		
8		五矿期货	11,862		4,992		
9		中国国际	11,549		245		
10		华融融达	11,543		43		
11		中信期货	11,092		-12,050		
12		华金期货	10,437		5,175		
13		信达期货	8,883		-438		
14		方正中期	8,698		-46		
15		广发期货	8,657		3,826		
16		浙商期货	8,642		-996		
17		兴业期货	7,441		68		
18		大地期货	7,241		2,985		
19		中财期货	6,834		923		
20		新湖期货	6,494		-729		
总计				253,344		13,598		



会员类别	总成交量	增减		
期货公司会员	900,804		7,060		

会员类别	总持买单量	增减		
期货公司会员	266,309		-8,820		

会员类别	总持卖单量	增减		
期货公司会员	253,344		13,598		

