								大连商品交易所 成交量_买持仓_卖持仓排名	

合约代码：eb2108		Date：2021-06-28	

			期货公司会员	

名次		会员简称	成交量		增减		
1		国投安信	86,394		7,757		
2		海通期货	29,587		-10,174		
3		中信期货	29,161		3,820		
4		国泰君安	23,978		1,639		
5		银河期货	21,468		-337		
6		国富期货	18,542		20		
7		华泰期货	18,198		1,219		
8		方正中期	16,142		-132		
9		东证期货	15,794		-1,459		
10		东吴期货	14,311		5,302		
11		徽商期货	14,083		1,752		
12		申银万国	13,108		1,372		
13		华闻期货	11,029		942		
14		光大期货	9,793		-2,569		
15		永安期货	9,398		2,198		
16		兴证期货	9,208		-722		
17		国信期货	8,458		-25		
18		财信期货	7,664		2,020		
19		华安期货	7,509		2,208		
20		锦泰期货	7,174		1,487		
总计				370,999		16,318		

名次		会员简称	持买单量	增减		
1		中信期货	15,327		821		
2		国泰君安	15,116		8		
3		东证期货	14,848		1,065		
4		华泰期货	10,954		-188		
5		银河期货	10,827		1,511		
6		海通期货	8,103		778		
7		中信建投	4,940		419		
8		永安期货	4,698		-829		
9		申银万国	4,631		420		
10		兴证期货	4,057		1,160		
11		中投期货	3,582		737		
12		华闻期货	3,130		355		
13		国投安信	3,058		-1,572		
14		东吴期货	3,051		1,498		
15		国富期货	2,859		-324		
16		招商期货	2,798		280		
17		中粮期货	2,717		79		
18		长江期货	2,636		-97		
19		光大期货	2,600		57		
20		瑞达期货	2,587		1,121		
总计				122,519		7,299		

名次		会员简称	持卖单量	增减		
1		东证期货	17,827		-369		
2		国泰君安	13,065		1,648		
3		银河期货	8,896		1,475		
4		海通期货	7,218		417		
5		华泰期货	7,070		-542		
6		南华期货	5,492		459		
7		国海良时	5,298		934		
8		中信建投	4,906		169		
9		信达期货	4,733		50		
10		中信期货	4,589		-232		
11		浙商期货	4,500		-52		
12		永安期货	4,425		-863		
13		一德期货	4,368		811		
14		弘业期货	3,925		-184		
15		方正中期	3,882		430		
16		东海期货	3,541		54		
17		东吴期货	3,103		897		
18		大有期货	3,061		744		
19		中粮期货	2,887		144		
20		华闻期货	2,865		106		
总计				115,651		6,096		



会员类别	总成交量	增减		
期货公司会员	370,999		16,318		

会员类别	总持买单量	增减		
期货公司会员	122,519		7,299		

会员类别	总持卖单量	增减		
期货公司会员	115,651		6,096		

