								大连商品交易所 成交量_买持仓_卖持仓排名	

合约代码：l2201		Date：2021-06-28	

			期货公司会员	

名次		会员简称	成交量		增减		
1		国投安信	9,065		3,202		
2		国富期货	7,893		3,288		
3		东证期货	4,907		-1,373		
4		中信期货	4,697		1,246		
5		申银万国	2,333		103		
6		华泰期货	2,005		514		
7		广发期货	1,848		271		
8		永安期货	1,752		943		
9		创元期货	1,561		1,280		
10		光大期货	1,466		304		
11		华闻期货	1,280		535		
12		国元期货	1,255		954		
13		弘业期货	1,224		957		
14		中天期货	1,159		672		
15		国泰君安	1,106		130		
16		中辉期货	1,096		253		
17		南华期货	1,066		444		
18		金瑞期货	965		780		
19		徽商期货	860		204		
20		中信建投	816		230		
总计				48,354		14,937		

名次		会员简称	持买单量	增减		
1		永安期货	3,758		902		
2		华泰期货	2,771		-607		
3		银河期货	1,424		-350		
4		中粮期货	1,016		-109		
5		南华期货	922		-577		
6		国泰君安	752		68		
7		浙商期货	750		-7		
8		中信期货	730		387		
9		广州期货	708		-227		
10		弘业期货	656		355		
11		海证期货	646		-115		
12		信达期货	630		-102		
13		瑞达期货	622		-38		
14		海通期货	621		-46		
15		中财期货	618		-13		
16		华安期货	545		-64		
17		徽商期货	540		-333		
18		新湖期货	502		-29		
19		天风期货	501		-6		
20		国信期货	490		-77		
总计				19,202		-988		

名次		会员简称	持卖单量	增减		
1		东证期货	4,238		-328		
2		华泰期货	3,201		-516		
3		上海中期	2,115		-7		
4		光大期货	1,857		292		
5		物产中大	1,593		364		
6		国泰君安	1,422		-386		
7		中银期货	1,403		0		
8		招商期货	1,150		-18		
9		民生期货	1,029		0		
10		中信期货	837		-20		
11		大地期货	817		15		
12		中信建投	811		11		
13		国海良时	656		-22		
14		国投安信	592		-2		
15		申银万国	534		49		
16		浙商期货	500		17		
17		永安期货	483		-58		
18		中财期货	474		10		
19		宏源期货	463		31		
20		格林大华	448		2		
总计				24,623		-566		



会员类别	总成交量	增减		
期货公司会员	48,354		14,937		

会员类别	总持买单量	增减		
期货公司会员	19,202		-988		

会员类别	总持卖单量	增减		
期货公司会员	24,623		-566		

