								大连商品交易所 成交量_买持仓_卖持仓排名	

合约代码：eg2109		Date：2021-06-28	

			期货公司会员	

名次		会员简称	成交量		增减		
1		国投安信	102,552		-32,316		
2		中信期货	43,517		-14,654		
3		东证期货	33,401		-7,914		
4		海通期货	32,002		-5,153		
5		国泰君安	31,134		-4,062		
6		国富期货	22,166		-6,583		
7		浙商期货	19,383		-3,219		
8		银河期货	16,155		-4,816		
9		华泰期货	14,381		-2,801		
10		申银万国	13,325		-1,321		
11		方正中期	13,313		-4,468		
12		新湖期货	11,604		-5,886		
13		华闻期货	10,743		-1,359		
14		徽商期货	9,361		-3,485		
15		东吴期货	9,236		-4,679		
16		光大期货	8,798		-4,963		
17		兴证期货	8,401		-3,093		
18		永安期货	7,489		-1,397		
19		金瑞期货	6,845		3,049		
20		弘业期货	6,422		1,023		
总计				420,228		-108,097	

名次		会员简称	持买单量	增减		
1		中信期货	22,256		-483		
2		国泰君安	13,970		1,371		
3		华泰期货	11,830		409		
4		永安期货	9,553		-648		
5		东证期货	8,552		-1,186		
6		建信期货	7,491		-307		
7		瑞达期货	7,419		-252		
8		东吴期货	6,637		-631		
9		银河期货	5,964		-172		
10		兴证期货	4,972		831		
11		上海中期	4,894		61		
12		南华期货	4,886		67		
13		海通期货	4,540		1,052		
14		中投期货	4,302		-64		
15		通惠期货	4,018		-51		
16		国元期货	3,899		-13		
17		中辉期货	3,891		60		
18		方正中期	3,828		341		
19		宏源期货	3,686		-332		
20		国富期货	3,596		117		
总计				140,184		170		

名次		会员简称	持卖单量	增减		
1		永安期货	21,228		-1,727		
2		银河期货	14,385		805		
3		国泰君安	13,717		857		
4		中信期货	9,050		-146		
5		宝城期货	7,845		-327		
6		五矿期货	7,785		325		
7		天风期货	7,688		550		
8		东证期货	6,741		351		
9		新湖期货	6,647		167		
10		格林大华	6,579		-309		
11		中粮期货	5,826		862		
12		浙商期货	5,516		-837		
13		南华期货	5,438		-384		
14		东海期货	5,117		487		
15		申银万国	4,768		-601		
16		东吴期货	4,534		55		
17		创元期货	4,119		259		
18		信达期货	3,734		93		
19		国富期货	3,706		-475		
20		弘业期货	3,698		77		
总计				148,121		82		



会员类别	总成交量	增减		
期货公司会员	420,228		-108,097	

会员类别	总持买单量	增减		
期货公司会员	140,184		170		

会员类别	总持卖单量	增减		
期货公司会员	148,121		82		

