								大连商品交易所 成交量_买持仓_卖持仓排名	

合约代码：c2201		Date：2021-06-28	

			期货公司会员	

名次		会员简称	成交量		增减		
1		东证期货	34,548		15,833		
2		国泰君安	30,459		24,260		
3		中信期货	20,961		10,550		
4		华泰期货	12,201		1,994		
5		国富期货	10,648		6,256		
6		华金期货	6,418		3,021		
7		北京首创	5,047		4,674		
8		光大期货	4,289		470		
9		国海良时	3,873		3,021		
10		银河期货	3,504		1,650		
11		中信建投	3,398		2,859		
12		浙商期货	3,394		-551		
13		宏源期货	3,218		1,935		
14		中州期货	3,059		2,935		
15		徽商期货	2,977		2,381		
16		平安期货	2,871		2,463		
17		宝城期货	2,756		2,696		
18		长江期货	2,641		566		
19		申银万国	2,600		135		
20		南华期货	2,504		1,574		
总计				161,366		88,722		

名次		会员简称	持买单量	增减		
1		永安期货	21,789		-484		
2		北京首创	18,389		-2,554		
3		中粮期货	16,881		128		
4		南华期货	16,572		-111		
5		光大期货	11,191		-103		
6		摩根大通	8,840		0		
7		国投安信	8,243		-69		
8		东证期货	7,721		-66		
9		中信期货	7,571		-954		
10		五矿期货	6,318		-1,241		
11		华泰期货	6,005		-111		
12		华融融达	5,180		695		
13		西部期货	4,757		-425		
14		中融汇信	4,199		506		
15		东兴期货	3,928		-6		
16		国泰君安	3,213		-1,566		
17		招金期货	2,819		-90		
18		中辉期货	2,798		-46		
19		和合期货	2,756		-49		
20		国富期货	2,743		521		
总计				161,913		-6,025		

名次		会员简称	持卖单量	增减		
1		中信期货	21,708		-1,231		
2		光大期货	18,356		58		
3		国投安信	14,550		634		
4		国泰君安	14,543		-10,559		
5		宝城期货	8,434		2,706		
6		浙商期货	5,992		890		
7		华泰期货	5,886		756		
8		国富期货	5,767		155		
9		中粮期货	4,473		834		
10		北京首创	4,185		95		
11		国贸期货	3,862		-817		
12		先锋期货	3,316		47		
13		永安期货	2,954		122		
14		南华期货	2,876		1,003		
15		东证期货	2,856		-1,035		
16		平安期货	2,754		646		
17		招商期货	2,428		94		
18		中辉期货	2,298		95		
19		银河期货	2,192		-310		
20		五矿期货	2,185		46		
总计				131,615		-5,771		



会员类别	总成交量	增减		
期货公司会员	161,366		88,722		

会员类别	总持买单量	增减		
期货公司会员	161,913		-6,025		

会员类别	总持卖单量	增减		
期货公司会员	131,615		-5,771		

