								大连商品交易所 成交量_买持仓_卖持仓排名	

合约代码：y2112		Date：2021-06-28	

			期货公司会员	

名次		会员简称	成交量		增减		
1		中信期货	2,541		356		
2		国泰君安	2,302		1,245		
3		海通期货	1,941		-1,997		
4		浙商期货	1,194		749		
5		中天期货	921		263		
6		华融融达	660		660		
7		国投安信	510		-384		
8		南华期货	466		-702		
9		华安期货	375		-127		
10		华闻期货	354		229		
11		光大期货	337		121		
12		鲁证期货	336		-138		
13		招商期货	328		11		
14		华泰期货	291		55		
15		东证期货	267		-1,414		
16		中信建投	235		234		
17		国贸期货	202		100		
18		五矿期货	192		-80		
19		方正中期	137		-202		
20		锦泰期货	99		-20		
总计				13,688		-1,041		

名次		会员简称	持买单量	增减		
1		中信期货	9,630		856		
2		海通期货	9,274		951		
3		东证期货	7,627		-1		
4		国泰君安	4,999		69		
5		华泰期货	4,521		0		
6		光大期货	3,881		70		
7		国盛期货	3,600		0		
8		国富期货	3,215		0		
9		南华期货	2,487		233		
10		浙商期货	1,936		403		
11		鲁证期货	1,901		0		
12		方正中期	1,581		2		
13		申银万国	1,500		0		
14		招商期货	1,385		1		
15		中粮期货	1,363		49		
16		五矿期货	1,298		95		
17		华闻期货	1,251		-1		
18		华西期货	1,200		0		
19		弘业期货	1,102		0		
20		新湖期货	1,091		1		
总计				64,842		2,728		

名次		会员简称	持卖单量	增减		
1		中信期货	9,628		863		
2		海通期货	9,299		948		
3		东证期货	7,628		0		
4		国泰君安	5,011		67		
5		华泰期货	4,543		-5		
6		光大期货	3,882		71		
7		国盛期货	3,601		1		
8		国富期货	3,208		1		
9		南华期货	2,486		231		
10		浙商期货	1,936		403		
11		鲁证期货	1,898		0		
12		方正中期	1,579		5		
13		申银万国	1,501		0		
14		招商期货	1,404		3		
15		中粮期货	1,363		49		
16		五矿期货	1,297		97		
17		华闻期货	1,250		-3		
18		华西期货	1,200		0		
19		弘业期货	1,104		0		
20		新湖期货	1,084		0		
总计				64,902		2,731		



会员类别	总成交量	增减		
期货公司会员	13,688		-1,041		

会员类别	总持买单量	增减		
期货公司会员	64,842		2,728		

会员类别	总持卖单量	增减		
期货公司会员	64,902		2,731		

