								大连商品交易所 成交量_买持仓_卖持仓排名	

合约代码：l2109		Date：2021-06-28	

			期货公司会员	

名次		会员简称	成交量		增减		
1		东证期货	176,201		-58,240		
2		国富期货	159,128		-58,509		
3		国投安信	146,694		31,455		
4		兴证期货	76,444		3,934		
5		国泰君安	71,583		5,010		
6		中信期货	60,999		7,912		
7		华泰期货	32,386		-2,311		
8		海通期货	27,016		-11,713		
9		永安期货	24,626		9,507		
10		申银万国	23,892		623		
11		中信建投	19,844		-2,891		
12		光大期货	17,592		6,150		
13		方正中期	16,998		-48		
14		弘业期货	14,981		902		
15		广发期货	14,048		2,457		
16		银河期货	14,044		-6,553		
17		宏源期货	13,844		-2,615		
18		华闻期货	12,779		-3,110		
19		浙商期货	10,610		3,727		
20		鲁证期货	10,304		-3,463		
总计				944,013		-77,776		

名次		会员简称	持买单量	增减		
1		永安期货	35,210		5,678		
2		国泰君安	25,462		9,307		
3		海通期货	22,605		7,778		
4		中信期货	21,386		1,730		
5		华泰期货	17,952		542		
6		东证期货	17,168		555		
7		一德期货	13,448		-551		
8		银河期货	10,622		-56		
9		新湖期货	8,565		520		
10		宏源期货	7,604		309		
11		中国国际	7,405		93		
12		广发期货	7,002		147		
13		方正中期	6,980		-350		
14		南华期货	6,734		-712		
15		浙商期货	6,209		602		
16		中信建投	5,858		141		
17		招商期货	5,626		588		
18		中投期货	5,231		954		
19		上海中期	5,087		191		
20		华安期货	4,535		-570		
总计				240,689		26,896		

名次		会员简称	持卖单量	增减		
1		国泰君安	41,991		5,714		
2		永安期货	31,539		1,176		
3		华泰期货	22,989		-2,352		
4		中信期货	19,078		-875		
5		东证期货	18,014		954		
6		银河期货	16,460		1,078		
7		光大期货	13,235		847		
8		南华期货	12,463		800		
9		申银万国	11,259		182		
10		国投安信	10,640		911		
11		海证期货	10,582		2,484		
12		国贸期货	9,892		1,011		
13		浙商期货	9,323		1,418		
14		国海良时	7,601		827		
15		兴业期货	6,789		2,114		
16		方正中期	5,459		500		
17		瑞达期货	5,355		-451		
18		兴证期货	5,229		-1,036		
19		东吴期货	5,014		785		
20		国富期货	4,784		994		
总计				267,696		17,081		



会员类别	总成交量	增减		
期货公司会员	944,013		-77,776		

会员类别	总持买单量	增减		
期货公司会员	240,689		26,896		

会员类别	总持卖单量	增减		
期货公司会员	267,696		17,081		

