								大连商品交易所 成交量_买持仓_卖持仓排名	

合约代码：jm2111		Date：2021-06-28	

			期货公司会员	

名次		会员简称	成交量		增减		
1		东证期货	7,278		2,846		
2		建信期货	1,636		68		
3		申银万国	1,567		-927		
4		海通期货	1,458		473		
5		光大期货	1,076		292		
6		宏源期货	1,058		1,014		
7		南华期货	941		315		
8		国信期货	926		348		
9		国泰君安	876		221		
10		永安期货	828		489		
11		中信期货	787		599		
12		银河期货	763		116		
13		方正中期	739		402		
14		兴证期货	666		354		
15		恒泰期货	512		510		
16		浙商期货	489		95		
17		金瑞期货	486		305		
18		华闻期货	437		281		
19		江西瑞奇	387		-63		
20		华泰期货	368		270		
总计				23,278		8,008		

名次		会员简称	持买单量	增减		
1		东证期货	8,559		47		
2		国泰君安	5,159		19		
3		国富期货	5,111		1		
4		银河期货	4,449		282		
5		申银万国	4,088		82		
6		中辉期货	2,236		-5		
7		建信期货	2,167		817		
8		东吴期货	2,119		-2		
9		光大期货	1,617		4		
10		中信建投	1,536		71		
11		国投安信	1,493		88		
12		南华期货	1,491		2		
13		鲁证期货	1,092		6		
14		平安期货	925		10		
15		方正中期	865		-6		
16		中信期货	810		46		
17		长江期货	806		90		
18		宏源期货	744		497		
19		国元期货	722		0		
20		宝城期货	715		0		
总计				46,704		2,049		

名次		会员简称	持卖单量	增减		
1		东证期货	8,559		33		
2		国富期货	5,070		0		
3		国泰君安	5,054		9		
4		银河期货	4,392		325		
5		申银万国	4,087		95		
6		中辉期货	2,255		-5		
7		建信期货	2,167		817		
8		东吴期货	2,115		6		
9		光大期货	1,624		26		
10		鲁证期货	1,616		-6		
11		中信建投	1,534		73		
12		南华期货	1,447		-5		
13		国投安信	1,305		-3		
14		中信期货	952		55		
15		方正中期	876		5		
16		长江期货	797		93		
17		宏源期货	722		499		
18		国元期货	722		0		
19		宝城期货	710		10		
20		中国国际	703		-2		
总计				46,707		2,025		



会员类别	总成交量	增减		
期货公司会员	23,278		8,008		

会员类别	总持买单量	增减		
期货公司会员	46,704		2,049		

会员类别	总持卖单量	增减		
期货公司会员	46,707		2,025		

