								大连商品交易所 成交量_买持仓_卖持仓排名	

合约代码：l2111		Date：2021-06-28	

			期货公司会员	

名次		会员简称	成交量		增减		
1		国投安信	11,686		-908		
2		东证期货	8,688		-5,659		
3		国泰君安	3,245		108		
4		浙商期货	2,176		190		
5		国元期货	1,845		-649		
6		招商期货	1,766		-206		
7		海证期货	1,491		813		
8		长江期货	1,483		828		
9		华闻期货	1,440		940		
10		方正中期	1,292		-899		
11		中信期货	1,166		-582		
12		光大期货	1,142		-198		
13		国海良时	1,121		-1,985		
14		五矿期货	1,092		-746		
15		金瑞期货	864		-756		
16		弘业期货	535		74		
17		申银万国	488		49		
18		海通期货	409		-148		
19		银河期货	367		-557		
20		国富期货	354		-417		
总计				42,650		-10,708		

名次		会员简称	持买单量	增减		
1		东证期货	7,373		-21		
2		国富期货	4,143		1		
3		申银万国	3,714		4		
4		国海良时	3,535		352		
5		国投安信	3,230		-3		
6		国元期货	2,953		7		
7		国泰君安	2,936		-4		
8		光大期货	2,917		-39		
9		宝城期货	2,683		0		
10		海证期货	1,630		1		
11		锦泰期货	1,588		2		
12		长江期货	1,566		3		
13		中信建投	1,529		-93		
14		中信期货	1,321		32		
15		招商期货	1,201		18		
16		浙商期货	1,183		-22		
17		五矿期货	1,128		0		
18		方正中期	1,088		0		
19		华泰期货	966		78		
20		倍特期货	916		-1		
总计				47,600		315		

名次		会员简称	持卖单量	增减		
1		东证期货	7,446		-37		
2		国富期货	4,163		-1		
3		申银万国	3,700		0		
4		国海良时	3,522		343		
5		国泰君安	3,319		-17		
6		国投安信	3,228		-1		
7		国元期货	3,004		12		
8		光大期货	2,984		-7		
9		中信期货	2,706		-20		
10		宝城期货	2,680		0		
11		海证期货	1,726		-2		
12		锦泰期货	1,590		-1		
13		长江期货	1,567		4		
14		浙商期货	1,288		-2		
15		方正中期	1,178		88		
16		五矿期货	1,117		0		
17		招商期货	1,010		-148		
18		华泰期货	899		4		
19		华闻期货	776		15		
20		国贸期货	583		-1		
总计				48,486		229		



会员类别	总成交量	增减		
期货公司会员	42,650		-10,708		

会员类别	总持买单量	增减		
期货公司会员	47,600		315		

会员类别	总持卖单量	增减		
期货公司会员	48,486		229		

