								大连商品交易所 成交量_买持仓_卖持仓排名	

合约代码：m2111		Date：2021-06-28	

			期货公司会员	

名次		会员简称	成交量		增减		
1		东证期货	29,618		9,217		
2		华泰期货	13,545		-6,913		
3		国泰君安	9,964		3,034		
4		国富期货	7,024		3,537		
5		海通期货	5,964		-1,993		
6		南华期货	5,176		3,464		
7		鲁证期货	5,151		999		
8		国海良时	4,974		-2,941		
9		锦泰期货	4,663		1,795		
10		申银万国	4,622		1,182		
11		五矿期货	4,250		1,008		
12		国投安信	3,386		1,442		
13		浙商期货	2,888		613		
14		中信建投	2,775		305		
15		光大期货	2,708		1,564		
16		银河期货	2,571		1,410		
17		金瑞期货	2,154		326		
18		美尔雅期货	1,843		734		
19		国元期货	1,808		157		
20		招商期货	1,709		271		
总计				116,793		19,211		

名次		会员简称	持买单量	增减		
1		华泰期货	6,302		612		
2		国泰君安	6,273		-226		
3		国投安信	3,194		599		
4		北京首创	3,085		-3		
5		安粮期货	2,129		-881		
6		永安期货	1,869		357		
7		格林大华	1,868		0		
8		美尔雅期货	1,766		-305		
9		海通期货	1,590		149		
10		鲁证期货	1,335		-1		
11		国富期货	1,157		242		
12		中粮期货	1,124		20		
13		南华期货	1,044		-80		
14		摩根大通	1,037		0		
15		广发期货	1,020		382		
16		光大期货	1,009		45		
17		国海良时	882		-218		
18		中信建投	845		-4		
19		东证期货	824		-107		
20		国元期货	822		-80		
总计				39,175		501		

名次		会员简称	持卖单量	增减		
1		华泰期货	9,539		477		
2		平安期货	5,056		-256		
3		国泰君安	3,718		264		
4		弘业期货	2,843		1		
5		先锋期货	2,708		-3		
6		银河期货	1,705		-47		
7		大有期货	1,660		422		
8		海通期货	1,657		201		
9		鲁证期货	1,420		-48		
10		永安期货	1,106		0		
11		东航期货	1,100		-18		
12		国富期货	1,077		398		
13		格林大华	995		42		
14		国海良时	993		-218		
15		国元期货	957		-52		
16		徽商期货	930		19		
17		中信建投	829		-1		
18		东海期货	665		2		
19		海证期货	607		1		
20		国信期货	601		4		
总计				40,166		1,188		



会员类别	总成交量	增减		
期货公司会员	116,793		19,211		

会员类别	总持买单量	增减		
期货公司会员	39,175		501		

会员类别	总持卖单量	增减		
期货公司会员	40,166		1,188		

