								大连商品交易所 成交量_买持仓_卖持仓排名	

合约代码：c2203		Date：2021-06-28	

			期货公司会员	

名次		会员简称	成交量		增减		
1		东证期货	20,094		9,060		
2		华闻期货	17,911		8,613		
3		国泰君安	13,073		3,057		
4		国富期货	7,509		2,526		
5		弘业期货	6,114		3,275		
6		南华期货	5,990		1,336		
7		海通期货	4,013		1,731		
8		五矿期货	3,606		1,892		
9		申银万国	3,287		1,221		
10		银河期货	3,036		962		
11		中信期货	2,991		1,610		
12		浙商期货	2,718		1,051		
13		永安期货	2,674		719		
14		鲁证期货	2,414		910		
15		物产中大	2,059		1,229		
16		光大期货	1,800		-839		
17		国海良时	1,095		205		
18		华泰期货	1,062		-602		
19		金瑞期货	524		368		
20		徽商期货	362		20		
总计				102,332		38,344		

名次		会员简称	持买单量	增减		
1		中信期货	5,238		185		
2		国富期货	3,063		1,507		
3		申银万国	3,025		-7		
4		摩根大通	2,978		0		
5		银河期货	2,886		301		
6		物产中大	2,805		0		
7		浙商期货	2,759		14		
8		弘业期货	2,638		14		
9		鲁证期货	2,433		-2		
10		东证期货	2,103		74		
11		五矿期货	2,013		11		
12		南华期货	1,816		1		
13		永安期货	1,606		105		
14		海通期货	1,572		59		
15		国泰君安	970		-29		
16		国海良时	798		4		
17		兴证期货	281		-3		
18		华融融达	190		0		
19		华闻期货	177		-88		
20		中粮期货	133		7		
总计				39,484		2,153		

名次		会员简称	持卖单量	增减		
1		中信期货	5,337		196		
2		国富期货	3,075		1,510		
3		申银万国	3,029		0		
4		银河期货	2,906		287		
5		物产中大	2,806		-3		
6		浙商期货	2,711		-2		
7		弘业期货	2,627		16		
8		鲁证期货	2,514		14		
9		东证期货	2,056		-56		
10		五矿期货	2,017		-33		
11		南华期货	1,820		1		
12		海通期货	1,789		-10		
13		永安期货	1,699		137		
14		国海良时	1,076		5		
15		国泰君安	963		-54		
16		方正中期	529		2		
17		先锋期货	525		0		
18		徽商期货	380		23		
19		光大期货	293		9		
20		华泰期货	250		-8		
总计				38,402		2,034		



会员类别	总成交量	增减		
期货公司会员	102,332		38,344		

会员类别	总持买单量	增减		
期货公司会员	39,484		2,153		

会员类别	总持卖单量	增减		
期货公司会员	38,402		2,034		

