								大连商品交易所 成交量_买持仓_卖持仓排名	

合约代码：eb2109		Date：2021-06-28	

			期货公司会员	

名次		会员简称	成交量		增减		
1		国投安信	12,188		10,914		
2		锦泰期货	5,992		954		
3		华泰期货	5,507		1,966		
4		国信期货	2,991		1,599		
5		华融融达	2,550		2,001		
6		中信期货	2,452		1,105		
7		国泰君安	2,394		360		
8		海通期货	2,302		408		
9		徽商期货	2,212		719		
10		光大期货	2,211		-1,022		
11		财信期货	2,049		318		
12		东吴期货	1,816		823		
13		申银万国	1,604		258		
14		东证期货	1,586		883		
15		华闻期货	1,577		-441		
16		东海期货	1,549		991		
17		永安期货	1,549		851		
18		广发期货	1,532		114		
19		建信期货	1,495		1,174		
20		浙商期货	1,340		139		
总计				56,896		24,114		

名次		会员简称	持买单量	增减		
1		永安期货	3,449		28		
2		华融融达	3,287		1,048		
3		东证期货	2,773		909		
4		华泰期货	2,549		-743		
5		国泰君安	2,274		185		
6		一德期货	1,780		448		
7		浙商期货	1,583		253		
8		银河期货	1,567		91		
9		中信期货	1,455		215		
10		广发期货	1,455		-13		
11		国海良时	1,054		108		
12		宝城期货	865		-2		
13		徽商期货	864		225		
14		中信建投	755		77		
15		光大期货	710		255		
16		红塔期货	660		-110		
17		上海中期	655		37		
18		锦泰期货	650		0		
19		方正中期	635		41		
20		国信期货	565		-130		
总计				29,585		2,922		

名次		会员简称	持卖单量	增减		
1		国泰君安	3,938		-179		
2		永安期货	3,251		811		
3		广发期货	2,803		249		
4		格林大华	2,663		418		
5		建信期货	2,480		627		
6		浙商期货	1,607		-173		
7		弘业期货	1,480		385		
8		中信期货	1,306		471		
9		银河期货	1,283		48		
10		东证期货	1,177		9		
11		华融融达	1,035		968		
12		天风期货	938		-49		
13		国海良时	841		-7		
14		创元期货	769		-38		
15		平安期货	755		118		
16		锦泰期货	734		-352		
17		华泰期货	710		114		
18		中信建投	684		33		
19		徽商期货	638		373		
20		东海期货	566		-138		
总计				29,658		3,688		



会员类别	总成交量	增减		
期货公司会员	56,896		24,114		

会员类别	总持买单量	增减		
期货公司会员	29,585		2,922		

会员类别	总持卖单量	增减		
期货公司会员	29,658		3,688		

