								大连商品交易所 成交量_买持仓_卖持仓排名	

合约代码：y2111		Date：2021-06-28	

			期货公司会员	

名次		会员简称	成交量		增减		
1		东证期货	13,120		1,863		
2		锦泰期货	7,184		2,318		
3		华泰期货	6,317		1,724		
4		五矿期货	5,436		786		
5		国泰君安	4,991		1,152		
6		华安期货	4,554		-529		
7		中信期货	4,330		406		
8		鲁证期货	3,329		737		
9		申银万国	3,276		706		
10		浙商期货	2,819		249		
11		中天期货	2,454		796		
12		方正中期	1,915		-273		
13		光大期货	1,797		324		
14		招商期货	1,459		-13		
15		创元期货	1,071		669		
16		国联期货	985		214		
17		东吴期货	972		-304		
18		华闻期货	800		14		
19		宏源期货	764		-295		
20		华融融达	716		696		
总计				68,289		11,240		

名次		会员简称	持买单量	增减		
1		中信期货	4,702		19		
2		国泰君安	3,378		79		
3		光大期货	3,196		70		
4		鲁证期货	2,304		12		
5		五矿期货	1,926		40		
6		申银万国	1,805		1		
7		东证期货	1,790		337		
8		方正中期	1,765		7		
9		弘业期货	1,677		1		
10		国投安信	1,522		-32		
11		浙商期货	1,521		364		
12		招商期货	1,516		-3		
13		华泰期货	1,368		14		
14		海通期货	835		-2		
15		北京首创	628		109		
16		中辉期货	613		-1		
17		一德期货	590		0		
18		银河期货	575		0		
19		新湖期货	521		5		
20		平安期货	496		0		
总计				32,728		1,020		

名次		会员简称	持卖单量	增减		
1		中信期货	4,708		11		
2		光大期货	3,269		25		
3		国泰君安	2,926		124		
4		鲁证期货	2,334		13		
5		浙商期货	1,953		363		
6		五矿期货	1,853		18		
7		申银万国	1,826		13		
8		方正中期	1,774		8		
9		国信期货	1,768		110		
10		弘业期货	1,672		0		
11		招商期货	1,503		10		
12		东证期货	1,394		341		
13		华泰期货	1,381		23		
14		海通期货	834		6		
15		中辉期货	684		19		
16		华闻期货	638		180		
17		新湖期货	561		-2		
18		锦泰期货	539		165		
19		银河期货	500		-1		
20		平安期货	475		-1		
总计				32,592		1,425		



会员类别	总成交量	增减		
期货公司会员	68,289		11,240		

会员类别	总持买单量	增减		
期货公司会员	32,728		1,020		

会员类别	总持卖单量	增减		
期货公司会员	32,592		1,425		

