								大连商品交易所 成交量_买持仓_卖持仓排名	

合约代码：y2201		Date：2021-06-28	

			期货公司会员	

名次		会员简称	成交量		增减		
1		东证期货	40,903		11,979		
2		光大期货	25,157		9,751		
3		华泰期货	17,535		-4,355		
4		国富期货	13,372		-659		
5		中信期货	12,843		394		
6		国泰君安	11,323		-1,206		
7		海通期货	9,676		5,272		
8		宏源期货	6,950		-280		
9		永安期货	5,509		3,935		
10		申银万国	5,293		1,413		
11		华安期货	4,873		1,416		
12		国投安信	4,601		1,603		
13		五矿期货	3,652		-2,737		
14		锦泰期货	3,445		1,318		
15		广发期货	3,385		514		
16		国信期货	3,131		197		
17		建信期货	2,816		701		
18		中辉期货	2,743		636		
19		国联期货	2,696		1,189		
20		中粮期货	2,477		-1,742		
总计				182,380		29,339		

名次		会员简称	持买单量	增减		
1		北京首创	15,223		261		
2		西部期货	11,154		-1,958		
3		广发期货	10,183		-382		
4		国投安信	8,741		-3,128		
5		光大期货	8,582		2,903		
6		中粮期货	8,419		129		
7		银河期货	6,755		131		
8		新湖期货	6,733		251		
9		永安期货	6,631		4,330		
10		中金期货	6,038		0		
11		中信期货	5,351		-419		
12		国泰君安	2,896		-86		
13		招商期货	2,510		323		
14		东证期货	2,230		170		
15		创元期货	2,194		14		
16		北京金鹏	2,002		2,000		
17		浙商期货	1,799		4		
18		五矿期货	1,760		355		
19		东海期货	1,564		947		
20		宏源期货	1,530		-432		
总计				112,295		5,413		

名次		会员简称	持卖单量	增减		
1		一德期货	24,505		1,481		
2		国泰君安	14,755		963		
3		国富期货	13,568		-182		
4		中粮期货	8,778		-396		
5		摩根大通	5,896		0		
6		国投安信	5,458		-233		
7		东证期货	5,091		1,083		
8		永安期货	3,937		305		
9		宏源期货	3,733		-1,002		
10		新湖期货	3,381		-97		
11		广发期货	2,303		-859		
12		五矿期货	2,228		-471		
13		光大期货	2,152		104		
14		海通期货	2,115		599		
15		中信期货	2,056		116		
16		鲁证期货	1,920		365		
17		弘业期货	1,888		377		
18		中信建投	1,785		33		
19		中财期货	1,774		-753		
20		银河期货	1,474		-33		
总计				108,797		1,400		



会员类别	总成交量	增减		
期货公司会员	182,380		29,339		

会员类别	总持买单量	增减		
期货公司会员	112,295		5,413		

会员类别	总持卖单量	增减		
期货公司会员	108,797		1,400		

