								大连商品交易所 成交量_买持仓_卖持仓排名	

合约代码：v2111		Date：2021-06-28	

			期货公司会员	

名次		会员简称	成交量		增减		
1		中信建投	1,315		1,256		
2		国富期货	1,114		1,098		
3		中信期货	862		-258		
4		中天期货	819		546		
5		海通期货	674		585		
6		长江期货	618		89		
7		徽商期货	614		252		
8		海证期货	597		-97		
9		东证期货	518		-33		
10		中辉期货	469		-67		
11		鲁证期货	446		-22		
12		华泰期货	408		-4		
13		五矿期货	400		106		
14		申银万国	348		148		
15		中投期货	300		299		
16		浙商期货	283		19		
17		安粮期货	204		-241		
18		华闻期货	203		-124		
19		国泰君安	171		144		
20		宏源期货	167		-93		
总计				10,530		3,603		

名次		会员简称	持买单量	增减		
1		东证期货	6,389		0		
2		国富期货	3,931		550		
3		国投安信	3,618		0		
4		申银万国	2,878		3		
5		中信建投	2,510		-632		
6		锦泰期货	1,968		69		
7		新湖期货	1,866		-2		
8		海证期货	1,793		3		
9		中信期货	1,789		73		
10		鲁证期货	1,156		1		
11		浙商期货	1,001		-2		
12		长江期货	953		3		
13		五矿期货	740		50		
14		永安期货	712		0		
15		海通期货	674		-290		
16		华闻期货	592		0		
17		银河期货	454		-10		
18		光大期货	451		0		
19		国泰君安	416		-1		
20		南华期货	350		0		
总计				34,241		-185		

名次		会员简称	持卖单量	增减		
1		东证期货	6,395		12		
2		国富期货	3,931		536		
3		国投安信	3,618		0		
4		申银万国	2,894		9		
5		中信建投	2,509		-613		
6		新湖期货	1,966		-2		
7		锦泰期货	1,939		62		
8		海证期货	1,787		2		
9		中信期货	1,771		75		
10		鲁证期货	1,156		1		
11		浙商期货	1,006		1		
12		长江期货	964		1		
13		五矿期货	740		50		
14		华闻期货	724		-19		
15		海通期货	670		-290		
16		光大期货	455		0		
17		银河期货	438		0		
18		国泰君安	421		110		
19		南华期货	350		0		
20		华安期货	302		0		
总计				34,036		-65		



会员类别	总成交量	增减		
期货公司会员	10,530		3,603		

会员类别	总持买单量	增减		
期货公司会员	34,241		-185		

会员类别	总持卖单量	增减		
期货公司会员	34,036		-65		

