								大连商品交易所 成交量_买持仓_卖持仓排名	

合约代码：pp2112		Date：2021-06-21	

			期货公司会员	

名次		会员简称	成交量		增减		
1		东海期货	3,294		-214		
2		国富期货	2,953		-351		
3		五矿经易	1,454		-229		
4		南华期货	1,000		-117		
5		中粮期货	942		-250		
6		恒泰期货	934		-292		
7		国泰君安	928		-241		
8		海证期货	926		-234		
9		中信期货	676		-70		
10		华安期货	278		-447		
11		华闻期货	254		-57		
12		永安期货	172		132		
13		方正中期	101		15		
14		东航期货	89		18		
15		安粮期货	52		52		
16		一德期货	46		5		
17		申银万国	34		18		
18		大地期货	28		28		
19		长安期货	26		3		
20		东证期货	26		-1		
总计				14,213		-2,232		

名次		会员简称	持买单量	增减		
1		中信期货	3,402		94		
2		申银万国	2,400		0		
3		中信建投	2,205		0		
4		五矿经易	1,847		0		
5		中粮期货	1,404		302		
6		海证期货	1,402		0		
7		国泰君安	1,261		2		
8		恒泰期货	1,100		-3		
9		南华期货	1,074		1		
10		国富期货	879		-14		
11		瑞达期货	369		0		
12		宝城期货	243		-6		
13		国信期货	204		0		
14		安粮期货	169		48		
15		浙商期货	161		0		
16		永安期货	87		10		
17		方正中期	58		0		
18		长江期货	55		0		
19		海通期货	51		0		
20		金瑞期货	50		0		
总计				18,421		434		

名次		会员简称	持卖单量	增减		
1		中信期货	3,412		94		
2		申银万国	2,411		0		
3		中信建投	2,229		0		
4		五矿经易	1,885		-2		
5		中粮期货	1,404		302		
6		海证期货	1,402		2		
7		国泰君安	1,275		0		
8		恒泰期货	1,100		-3		
9		南华期货	1,059		1		
10		国富期货	913		33		
11		西南期货	372		0		
12		东航期货	249		-6		
13		国信期货	204		0		
14		方正中期	153		-3		
15		国金期货	116		-15		
16		平安期货	102		0		
17		华泰期货	90		0		
18		一德期货	58		-4		
19		长江期货	55		0		
20		东证期货	36		-1		
总计				18,525		398		



会员类别	总成交量	增减		
期货公司会员	14,213		-2,232		

会员类别	总持买单量	增减		
期货公司会员	18,421		434		

会员类别	总持卖单量	增减		
期货公司会员	18,525		398		

