								大连商品交易所 成交量_买持仓_卖持仓排名	

合约代码：c2109		Date：2021-06-21	

			期货公司会员	

名次		会员简称	成交量		增减		
1		东证期货	216,549		-43,163		
2		国泰君安	98,090		-25,965		
3		中信期货	85,406		-10,747		
4		华泰期货	69,487		-39,738		
5		国富期货	62,622		-38,189		
6		天风期货	37,799		14,927		
7		新湖期货	33,413		5,482		
8		永安期货	30,723		-1,197		
9		银河期货	29,261		-2,843		
10		光大期货	28,135		-39,325		
11		申银万国	24,524		-4,998		
12		海通期货	19,613		-11,624		
13		中辉期货	19,143		8,161		
14		徽商期货	18,455		272		
15		兴证期货	17,357		-7,132		
16		中粮期货	16,899		-23,674		
17		浙商期货	16,260		259		
18		宏源期货	16,020		636		
19		中信建投	13,990		-8,293		
20		华闻期货	13,291		5,034		
总计				867,037		-222,117	

名次		会员简称	持买单量	增减		
1		永安期货	90,445		-9		
2		中信期货	67,714		-12,695		
3		国投安信	27,049		1,521		
4		北京首创	26,163		9,967		
5		光大期货	25,793		1,450		
6		国泰君安	24,312		3,470		
7		银河期货	20,837		-945		
8		中粮期货	18,107		2,518		
9		西部期货	16,843		3,820		
10		东证期货	16,414		420		
11		华泰期货	14,610		1,801		
12		中信建投	13,117		909		
13		南华期货	13,031		4,668		
14		海通期货	10,852		-966		
15		宏源期货	10,122		1,596		
16		福能期货	7,980		597		
17		民生期货	7,741		554		
18		国元期货	7,110		376		
19		申银万国	6,777		-76		
20		渤海期货	6,651		3,032		
总计				431,668		22,008		

名次		会员简称	持卖单量	增减		
1		中信期货	104,036		6,035		
2		国富期货	66,563		-568		
3		国泰君安	44,602		4,924		
4		华泰期货	22,398		3,100		
5		永安期货	21,811		746		
6		国投安信	20,926		-1,272		
7		中国国际	14,850		-309		
8		浙商期货	14,254		393		
9		银河期货	14,219		3,022		
10		国贸期货	13,305		-2,471		
11		兴证期货	12,008		4,266		
12		宝城期货	11,461		-2,827		
13		光大期货	10,445		765		
14		摩根大通	10,101		-2,937		
15		东证期货	10,098		-217		
16		徽商期货	7,603		4,124		
17		宏源期货	7,583		1,150		
18		瑞达期货	7,571		-913		
19		中粮期货	7,426		-3,667		
20		中投期货	7,384		1,289		
总计				428,644		14,633		



会员类别	总成交量	增减		
期货公司会员	867,037		-222,117	

会员类别	总持买单量	增减		
期货公司会员	431,668		22,008		

会员类别	总持卖单量	增减		
期货公司会员	428,644		14,633		

