								大连商品交易所 成交量_买持仓_卖持仓排名	

合约代码：eg2201		Date：2021-06-21	

			期货公司会员	

名次		会员简称	成交量		增减		
1		永安期货	764		226		
2		徽商期货	607		501		
3		建信期货	508		508		
4		美尔雅期货	488		434		
5		中财期货	440		440		
6		华泰期货	410		170		
7		兴业期货	387		387		
8		中衍期货	332		146		
9		瑞达期货	267		-52		
10		安粮期货	224		114		
11		国泰君安	173		115		
12		东证期货	167		111		
13		国富期货	137		131		
14		兴证期货	134		65		
15		华安期货	111		78		
16		冠通期货	106		103		
17		格林大华	101		62		
18		东航期货	86		77		
19		银河期货	85		82		
20		国贸期货	78		41		
总计				5,605		3,739		

名次		会员简称	持买单量	增减		
1		华泰期货	4,852		341		
2		华闻期货	2,161		4		
3		建信期货	1,763		500		
4		永安期货	1,390		362		
5		兴业期货	1,146		376		
6		东证期货	940		0		
7		中财期货	603		0		
8		广发期货	557		0		
9		中信期货	544		-1		
10		信达期货	515		1		
11		鲁证期货	509		-1		
12		银河期货	484		-1		
13		国联期货	400		-1		
14		中国国际	339		1		
15		国投安信	268		-3		
16		华联期货	260		0		
17		冠通期货	257		0		
18		国元期货	243		0		
19		瑞达期货	231		0		
20		美尔雅期货	201		201		
总计				17,663		1,779		

名次		会员简称	持卖单量	增减		
1		国贸期货	1,871		-3		
2		永安期货	1,847		400		
3		瑞达期货	1,653		139		
4		国泰君安	1,537		18		
5		国元期货	1,224		0		
6		中信期货	1,059		3		
7		国富期货	951		-18		
8		格林大华	862		-3		
9		国信期货	814		0		
10		中财期货	702		440		
11		建信期货	590		-8		
12		东证期货	511		103		
13		华泰期货	400		-45		
14		南华期货	328		30		
15		东航期货	311		-35		
16		中投期货	303		0		
17		美尔雅期货	278		211		
18		天风期货	274		74		
19		海证期货	193		43		
20		国海良时	190		6		
总计				15,898		1,355		



会员类别	总成交量	增减		
期货公司会员	5,605		3,739		

会员类别	总持买单量	增减		
期货公司会员	17,663		1,779		

会员类别	总持卖单量	增减		
期货公司会员	15,898		1,355		

