								大连商品交易所 成交量_买持仓_卖持仓排名	

合约代码：jm2109		Date：2021-06-21	

			期货公司会员	

名次		会员简称	成交量		增减		
1		东证期货	72,355		-32,352		
2		海通期货	45,219		-5,088		
3		国富期货	38,355		-3,441		
4		光大期货	35,087		-4,080		
5		华闻期货	33,971		6,681		
6		国泰君安	26,656		653		
7		中信期货	26,536		-12,103		
8		东方财富	20,203		-7,761		
9		方正中期	16,918		-1,385		
10		徽商期货	16,156		-2,153		
11		申银万国	15,079		-4,154		
12		永安期货	14,231		-4,899		
13		银河期货	13,440		-2,796		
14		华泰期货	12,288		-3,768		
15		广发期货	10,724		-2,645		
16		南华期货	10,420		594		
17		中辉期货	10,209		-4,091		
18		华安期货	10,152		-3,572		
19		东吴期货	9,610		-1,465		
20		中信建投	9,562		-5,535		
总计				447,171		-93,360		

名次		会员简称	持买单量	增减		
1		中信期货	15,534		834		
2		海通期货	11,706		-1,883		
3		国泰君安	8,085		-157		
4		银河期货	7,368		-332		
5		永安期货	6,665		-620		
6		国富期货	6,391		-2,556		
7		东证期货	5,705		-991		
8		中辉期货	5,251		-74		
9		方正中期	4,980		880		
10		华泰期货	4,925		-534		
11		华闻期货	4,913		-866		
12		国投安信	4,711		-403		
13		光大期货	3,509		-2,995		
14		兴证期货	3,245		730		
15		广发期货	3,094		-645		
16		申银万国	3,073		-1,940		
17		中信建投	2,536		129		
18		中投期货	2,521		488		
19		混沌天成	2,458		22		
20		招商期货	2,368		-317		
总计				109,038		-11,230		

名次		会员简称	持卖单量	增减		
1		海通期货	10,893		-684		
2		一德期货	9,927		-1,357		
3		永安期货	9,175		1,957		
4		中信期货	8,795		406		
5		浙商期货	6,704		979		
6		国泰君安	5,884		179		
7		国富期货	5,774		-2,717		
8		鲁证期货	5,395		68		
9		华闻期货	4,685		93		
10		中辉期货	4,659		471		
11		银河期货	4,414		-394		
12		申银万国	4,411		-2,713		
13		光大期货	3,606		-2,732		
14		华泰期货	2,850		76		
15		东证期货	2,838		-832		
16		中信建投	2,801		-307		
17		方正中期	2,628		-530		
18		国联期货	2,382		85		
19		英大期货	2,288		-279		
20		华融融达	2,222		-170		
总计				102,331		-8,401		



会员类别	总成交量	增减		
期货公司会员	447,171		-93,360		

会员类别	总持买单量	增减		
期货公司会员	109,038		-11,230		

会员类别	总持卖单量	增减		
期货公司会员	102,331		-8,401		

