								大连商品交易所 成交量_买持仓_卖持仓排名	

合约代码：jm2111		Date：2021-06-21	

			期货公司会员	

名次		会员简称	成交量		增减		
1		东证期货	3,776		-494		
2		光大期货	3,679		3,294		
3		鲁证期货	1,433		1,416		
4		国泰君安	1,281		-1,373		
5		海通期货	1,083		146		
6		申银万国	1,001		-2,352		
7		兴证期货	707		256		
8		北京首创	696		687		
9		国富期货	666		383		
10		海证期货	605		338		
11		华闻期货	583		139		
12		浙商期货	564		230		
13		银河期货	530		42		
14		南华期货	423		-540		
15		国信期货	414		-240		
16		方正中期	385		-13		
17		江西瑞奇	285		-88		
18		宏源期货	254		206		
19		中信建投	254		-29		
20		徽商期货	240		108		
总计				18,859		2,116		

名次		会员简称	持买单量	增减		
1		东证期货	8,586		-104		
2		国泰君安	5,068		19		
3		国富期货	4,952		-132		
4		申银万国	4,400		-21		
5		银河期货	3,065		-58		
6		中辉期货	2,152		0		
7		光大期货	1,542		-1,643		
8		东吴期货	1,311		110		
9		国投安信	1,302		2		
10		宏源期货	1,250		25		
11		中信建投	1,181		85		
12		南华期货	1,073		3		
13		鲁证期货	1,016		131		
14		方正中期	996		-1		
15		中国国际	794		1		
16		中粮期货	770		-20		
17		平安期货	725		23		
18		国元期货	720		0		
19		宝城期货	715		15		
20		新湖期货	652		50		
总计				42,270		-1,515		

名次		会员简称	持卖单量	增减		
1		东证期货	8,441		-86		
2		国泰君安	5,033		4		
3		国富期货	4,963		-128		
4		申银万国	4,405		24		
5		银河期货	3,064		38		
6		中辉期货	2,170		4		
7		鲁证期货	1,573		102		
8		光大期货	1,542		-1,634		
9		国投安信	1,307		-2		
10		东吴期货	1,301		94		
11		宏源期货	1,210		-1		
12		中信建投	1,182		95		
13		南华期货	1,068		0		
14		中国国际	801		5		
15		中粮期货	775		-15		
16		国元期货	721		1		
17		宝城期货	701		1		
18		方正中期	666		4		
19		平安期货	666		6		
20		新湖期货	643		50		
总计				42,232		-1,438		



会员类别	总成交量	增减		
期货公司会员	18,859		2,116		

会员类别	总持买单量	增减		
期货公司会员	42,270		-1,515		

会员类别	总持卖单量	增减		
期货公司会员	42,232		-1,438		

