								大连商品交易所 成交量_买持仓_卖持仓排名	

合约代码：m2111		Date：2021-06-21	

			期货公司会员	

名次		会员简称	成交量		增减		
1		华泰期货	24,990		10,426		
2		东证期货	20,669		-14,264		
3		国泰君安	11,753		-83		
4		中信建投	5,665		337		
5		国富期货	5,315		2,200		
6		五矿经易	5,089		-1,039		
7		鲁证期货	5,080		-1,086		
8		浙商期货	4,918		-3,693		
9		国海良时	4,873		-1,138		
10		海通期货	4,583		1,005		
11		申银万国	4,399		-1,122		
12		国元期货	4,069		-55		
13		锦泰期货	3,421		-1,287		
14		国投安信	2,592		-863		
15		招商期货	2,501		-300		
16		南华期货	2,452		-511		
17		金瑞期货	2,299		299		
18		冠通期货	2,059		530		
19		光大期货	1,852		-1,740		
20		平安期货	1,182		1,016		
总计				119,761		-11,368		

名次		会员简称	持买单量	增减		
1		华泰期货	4,487		214		
2		国泰君安	3,124		2,031		
3		安粮期货	2,992		99		
4		北京首创	2,065		0		
5		美尔雅期货	1,633		39		
6		永安期货	1,511		0		
7		国投安信	1,504		-4		
8		海通期货	1,422		-4		
9		中粮期货	1,397		-4		
10		鲁证期货	1,330		0		
11		国元期货	1,197		504		
12		申银万国	921		-351		
13		南华期货	877		0		
14		中信建投	844		1		
15		国富期货	787		109		
16		中州期货	755		0		
17		光大期货	657		105		
18		东海期货	601		-4		
19		浙商期货	561		3		
20		福能期货	553		33		
总计				29,218		2,771		

名次		会员简称	持卖单量	增减		
1		华泰期货	5,778		828		
2		平安期货	3,246		1,156		
3		国泰君安	2,894		270		
4		弘业期货	2,771		0		
5		先锋期货	2,405		303		
6		银河期货	1,757		16		
7		鲁证期货	1,408		12		
8		海通期货	1,325		-5		
9		永安期货	1,106		0		
10		东航期货	1,092		19		
11		申银万国	990		-336		
12		国元期货	949		109		
13		中信建投	894		30		
14		徽商期货	878		6		
15		东海期货	661		-4		
16		国信期货	657		36		
17		海证期货	560		28		
18		国富期货	524		138		
19		南华期货	524		6		
20		国投安信	510		-6		
总计				30,929		2,606		



会员类别	总成交量	增减		
期货公司会员	119,761		-11,368		

会员类别	总持买单量	增减		
期货公司会员	29,218		2,771		

会员类别	总持卖单量	增减		
期货公司会员	30,929		2,606		

