								大连商品交易所 成交量_买持仓_卖持仓排名	

合约代码：eb2109		Date：2021-06-21	

			期货公司会员	

名次		会员简称	成交量		增减		
1		锦泰期货	4,631		65		
2		华泰期货	4,145		700		
3		海通期货	2,865		748		
4		国信期货	2,708		1,341		
5		国泰君安	2,517		-571		
6		徽商期货	2,500		596		
7		浙商期货	2,281		-561		
8		申银万国	2,130		732		
9		华闻期货	2,119		675		
10		银河期货	1,964		-466		
11		东证期货	1,670		58		
12		永安期货	1,631		106		
13		格林大华	1,405		200		
14		财信期货	1,398		-85		
15		光大期货	1,302		-49		
16		东吴期货	1,269		338		
17		平安期货	1,171		447		
18		国富期货	1,139		462		
19		华安期货	941		371		
20		国投安信	861		166		
总计				40,647		5,273		

名次		会员简称	持买单量	增减		
1		华泰期货	6,591		1,575		
2		永安期货	2,451		664		
3		华融融达	2,201		801		
4		银河期货	2,154		384		
5		国泰君安	1,590		96		
6		浙商期货	1,504		215		
7		广发期货	1,378		9		
8		徽商期货	1,218		318		
9		中信期货	989		70		
10		宝城期货	900		20		
11		建信期货	885		18		
12		国海良时	817		31		
13		红塔期货	722		-38		
14		锦泰期货	660		1		
15		天风期货	627		74		
16		一德期货	624		197		
17		平安期货	608		-32		
18		先融期货	572		4		
19		方正中期	527		23		
20		光大期货	522		39		
总计				27,540		4,469		

名次		会员简称	持卖单量	增减		
1		国泰君安	4,499		167		
2		浙商期货	2,923		466		
3		国信期货	1,495		1,256		
4		锦泰期货	1,328		286		
5		华泰期货	1,221		198		
6		东证期货	1,208		362		
7		广发期货	1,023		-98		
8		安粮期货	945		4		
9		银河期货	933		-94		
10		格林大华	919		-31		
11		永安期货	871		-55		
12		华闻期货	866		789		
13		徽商期货	794		276		
14		国贸期货	720		-7		
15		平安期货	718		115		
16		财信期货	622		415		
17		兴证期货	560		146		
18		浙江新世纪	545		-6		
19		红塔期货	489		138		
20		中辉期货	481		180		
总计				23,160		4,507		



会员类别	总成交量	增减		
期货公司会员	40,647		5,273		

会员类别	总持买单量	增减		
期货公司会员	27,540		4,469		

会员类别	总持卖单量	增减		
期货公司会员	23,160		4,507		

