								大连商品交易所 成交量_买持仓_卖持仓排名	

合约代码：p2109		Date：2021-06-21	

			期货公司会员	

名次		会员简称	成交量		增减		
1		东证期货	249,289		-28,321		
2		中信期货	240,901		6,524		
3		华泰期货	238,311		10,500		
4		光大期货	177,220		-744		
5		国泰君安	139,156		-4,639		
6		海通期货	120,201		-10,756		
7		国富期货	111,943		940		
8		华西期货	83,031		-4,952		
9		华闻期货	45,778		2,942		
10		国投安信	42,916		3,824		
11		徽商期货	42,523		1,772		
12		银河期货	40,637		-9,785		
13		中粮期货	35,407		16,480		
14		申银万国	33,657		225		
15		华安期货	30,596		-146		
16		方正中期	28,636		-3,615		
17		东吴期货	26,046		316		
18		兴证期货	25,463		2,263		
19		永安期货	24,155		2,015		
20		国元期货	20,471		-2,952		
总计				1,756,337	-18,109		

名次		会员简称	持买单量	增减		
1		永安期货	39,208		-1,177		
2		中粮期货	37,353		-2,890		
3		中信期货	23,998		-587		
4		乾坤期货	22,013		-1,175		
5		国泰君安	19,009		227		
6		五矿经易	13,111		1,085		
7		银河期货	10,820		-22		
8		南华期货	10,158		401		
9		摩根大通	9,974		-329		
10		东证期货	9,909		3,765		
11		国投安信	8,342		633		
12		兴证期货	8,156		-352		
13		浙商期货	7,551		437		
14		海通期货	7,141		-1,654		
15		华泰期货	6,744		-334		
16		瑞达期货	6,305		535		
17		方正中期	5,982		33		
18		平安期货	5,927		871		
19		光大期货	5,307		119		
20		申银万国	5,166		-144		
总计				262,174		-558		

名次		会员简称	持卖单量	增减		
1		中粮期货	36,144		2,311		
2		国投安信	33,256		-1,347		
3		国泰君安	30,665		-233		
4		国富期货	23,399		-2,083		
5		海通期货	22,407		5,269		
6		一德期货	21,128		1,377		
7		东证期货	20,349		-552		
8		银河期货	14,710		-799		
9		中信期货	13,297		-1,154		
10		永安期货	11,458		-943		
11		摩根大通	9,034		-567		
12		中信建投	8,295		729		
13		中天期货	7,731		84		
14		瑞银期货	7,500		0		
15		中融汇信	7,441		-156		
16		国贸期货	7,026		-594		
17		华泰期货	6,641		-1,245		
18		建信期货	5,792		3		
19		兴证期货	5,775		785		
20		广发期货	5,713		-368		
总计				297,761		517		



会员类别	总成交量	增减		
期货公司会员	1,756,337	-18,109		

会员类别	总持买单量	增减		
期货公司会员	262,174		-558		

会员类别	总持卖单量	增减		
期货公司会员	297,761		517		

