								大连商品交易所 成交量_买持仓_卖持仓排名	

合约代码：i2109		Date：2021-06-21	

			期货公司会员	

名次		会员简称	成交量		增减		
1		华闻期货	63,552		8,923		
2		国泰君安	59,881		6,330		
3		海通期货	56,567		3,732		
4		国富期货	47,741		3,120		
5		中信期货	44,029		5,892		
6		方正中期	37,762		9,558		
7		银河期货	33,601		12,862		
8		广发期货	30,842		7,621		
9		申银万国	29,646		5,941		
10		永安期货	28,525		-2,115		
11		东证期货	26,230		8,213		
12		徽商期货	24,517		-933		
13		东吴期货	23,637		-4,104		
14		华泰期货	22,201		3,729		
15		光大期货	21,375		-1,521		
16		中信建投	17,664		3,823		
17		瑞达期货	17,355		2,535		
18		一德期货	16,768		11,099		
19		国信期货	16,609		1,111		
20		中辉期货	15,606		-810		
总计				634,108		85,006		

名次		会员简称	持买单量	增减		
1		中信期货	33,241		-2,201		
2		华泰期货	24,458		-3,026		
3		国泰君安	21,846		-1,429		
4		海通期货	19,409		-1,364		
5		乾坤期货	18,782		-59		
6		申银万国	18,134		1,690		
7		华闻期货	18,037		4,234		
8		方正中期	17,202		4,151		
9		永安期货	16,815		-1,512		
10		国富期货	16,236		2,003		
11		银河期货	15,786		1,082		
12		国投安信	12,423		-382		
13		广发期货	12,104		-193		
14		瑞达期货	11,904		-430		
15		东证期货	11,808		-744		
16		摩根大通	10,954		-100		
17		兴证期货	10,215		-2,033		
18		鲁证期货	9,312		4,785		
19		道通期货	7,991		2,195		
20		海证期货	7,635		-141		
总计				314,292		6,526		

名次		会员简称	持卖单量	增减		
1		浙商期货	27,268		-1,775		
2		国泰君安	22,980		1,902		
3		华闻期货	18,421		4,708		
4		海通期货	17,279		319		
5		华泰期货	16,778		565		
6		中辉期货	16,503		263		
7		广发期货	16,011		-2,349		
8		中信期货	15,221		137		
9		一德期货	14,798		-412		
10		银河期货	13,608		-1,297		
11		大地期货	13,472		-1,691		
12		方正中期	13,158		-745		
13		南华期货	12,095		-1,281		
14		国富期货	11,990		796		
15		天风期货	11,834		1,445		
16		永安期货	10,979		-1,401		
17		中信建投	10,761		1,073		
18		东证期货	10,563		-2,142		
19		瑞银期货	10,365		96		
20		国投安信	9,413		-383		
总计				293,497		-2,172		



会员类别	总成交量	增减		
期货公司会员	634,108		85,006		

会员类别	总持买单量	增减		
期货公司会员	314,292		6,526		

会员类别	总持卖单量	增减		
期货公司会员	293,497		-2,172		

