								大连商品交易所 成交量_买持仓_卖持仓排名	

合约代码：p2110		Date：2021-06-21	

			期货公司会员	

名次		会员简称	成交量		增减		
1		东证期货	5,591		-2,217		
2		国泰君安	3,486		466		
3		华泰期货	2,170		-753		
4		中信期货	2,117		-471		
5		锦泰期货	1,914		-1,707		
6		浙商期货	1,405		-908		
7		光大期货	1,397		-422		
8		申银万国	1,395		-367		
9		鲁证期货	1,257		-26		
10		宝城期货	1,000		998		
11		五矿经易	620		-134		
12		华安期货	613		14		
13		华闻期货	610		-75		
14		招商期货	522		-410		
15		财信期货	493		339		
16		乾坤期货	231		231		
17		国信期货	177		-60		
18		大有期货	170		-102		
19		中财期货	151		124		
20		海通期货	121		11		
总计				25,440		-5,469		

名次		会员简称	持买单量	增减		
1		中信期货	2,683		5		
2		国泰君安	2,513		37		
3		光大期货	1,985		-8		
4		华泰期货	1,966		9		
5		五矿经易	1,800		0		
6		鲁证期货	1,425		0		
7		招商期货	1,401		2		
8		新湖期货	1,195		0		
9		国投安信	967		0		
10		浙商期货	758		-2		
11		海通期货	724		-1		
12		国元期货	502		0		
13		银河期货	433		34		
14		永安期货	425		-2		
15		东吴期货	376		3		
16		创元期货	359		1		
17		中信建投	329		-9		
18		东航期货	315		-8		
19		华闻期货	263		131		
20		华西期货	237		0		
总计				20,656		192		

名次		会员简称	持卖单量	增减		
1		国泰君安	2,884		31		
2		中信期货	2,640		10		
3		光大期货	1,994		-1		
4		华泰期货	1,899		17		
5		五矿经易	1,800		0		
6		鲁证期货	1,506		1		
7		招商期货	1,383		-4		
8		新湖期货	1,195		0		
9		浙商期货	756		-1		
10		海通期货	719		0		
11		国信期货	701		1		
12		国元期货	500		0		
13		永安期货	422		0		
14		银河期货	384		-5		
15		创元期货	356		2		
16		东吴期货	315		-3		
17		中信建投	309		-2		
18		东航期货	292		1		
19		大有期货	261		-62		
20		财信期货	254		15		
总计				20,570		0		



会员类别	总成交量	增减		
期货公司会员	25,440		-5,469		

会员类别	总持买单量	增减		
期货公司会员	20,656		192		

会员类别	总持卖单量	增减		
期货公司会员	20,570		0		

