								大连商品交易所 成交量_买持仓_卖持仓排名	

合约代码：i2201		Date：2021-06-21	

			期货公司会员	

名次		会员简称	成交量		增减		
1		东吴期货	8,790		671		
2		海通期货	7,229		966		
3		申银万国	6,962		-828		
4		国泰君安	6,661		-863		
5		光大期货	6,249		132		
6		东证期货	6,072		444		
7		中信期货	5,317		-1,374		
8		南华期货	4,670		-747		
9		方正中期	3,954		2,515		
10		永安期货	3,485		-1,594		
11		金石期货	2,953		2,800		
12		国富期货	2,575		-769		
13		一德期货	2,569		-1,653		
14		宏源期货	2,405		296		
15		中财期货	2,375		724		
16		华安期货	2,070		153		
17		华泰期货	1,992		-484		
18		徽商期货	1,928		-323		
19		西南期货	1,849		1,649		
20		广发期货	1,769		752		
总计				81,874		2,467		

名次		会员简称	持买单量	增减		
1		申银万国	12,748		858		
2		一德期货	6,116		2,049		
3		海通期货	4,533		86		
4		冠通期货	4,282		243		
5		国泰君安	4,034		448		
6		永安期货	3,497		258		
7		西南期货	3,386		780		
8		东证期货	2,864		-32		
9		中辉期货	2,717		60		
10		东吴期货	2,279		-63		
11		中信期货	2,186		-42		
12		道通期货	1,979		-1		
13		浙商期货	1,975		137		
14		大通期货	1,957		0		
15		海证期货	1,670		323		
16		瑞达期货	1,665		-13		
17		新湖期货	1,445		124		
18		广发期货	1,437		460		
19		大地期货	1,437		245		
20		华泰期货	1,225		-151		
总计				63,432		5,769		

名次		会员简称	持卖单量	增减		
1		浙商期货	7,729		-33		
2		永安期货	5,391		1,393		
3		申银万国	4,816		680		
4		方正中期	4,076		2,331		
5		广发期货	3,305		255		
6		东证期货	3,249		-36		
7		国泰君安	2,758		127		
8		中辉期货	2,665		-15		
9		一德期货	2,596		70		
10		国投安信	2,488		-10		
11		鲁证期货	2,487		1,003		
12		东吴期货	2,222		41		
13		大有期货	2,199		298		
14		新湖期货	1,921		54		
15		瑞达期货	1,800		-23		
16		海证期货	1,561		283		
17		华泰期货	1,542		-39		
18		南华期货	1,466		24		
19		银河期货	1,431		111		
20		金石期货	1,387		-5		
总计				57,089		6,509		



会员类别	总成交量	增减		
期货公司会员	81,874		2,467		

会员类别	总持买单量	增减		
期货公司会员	63,432		5,769		

会员类别	总持卖单量	增减		
期货公司会员	57,089		6,509		

