								大连商品交易所 成交量_买持仓_卖持仓排名	

合约代码：cs2109		Date：2021-06-21	

			期货公司会员	

名次		会员简称	成交量		增减		
1		东证期货	22,381		-445		
2		中信期货	14,776		1,850		
3		华泰期货	14,503		-7,595		
4		海通期货	9,546		5,412		
5		国泰君安	9,018		-6,332		
6		国富期货	7,464		-4,908		
7		华闻期货	6,596		-1,955		
8		徽商期货	6,003		908		
9		银河期货	5,450		-5,094		
10		光大期货	4,992		-2,239		
11		宏源期货	3,227		-271		
12		东方财富	2,951		785		
13		兴证期货	2,916		-529		
14		中信建投	2,804		361		
15		华安期货	2,548		-338		
16		广发期货	2,375		-641		
17		建信期货	2,256		874		
18		天风期货	2,170		-2,116		
19		国投安信	2,092		565		
20		永安期货	1,729		252		
总计				125,797		-21,456		

名次		会员简称	持买单量	增减		
1		中信期货	16,185		1,339		
2		华泰期货	9,141		374		
3		国投安信	5,416		773		
4		华融融达	5,309		112		
5		国泰君安	5,199		1,513		
6		永安期货	4,619		-187		
7		东证期货	4,261		889		
8		广发期货	4,055		1,406		
9		光大期货	3,968		264		
10		银河期货	2,710		976		
11		北京首创	2,576		524		
12		上海大陆	2,571		-472		
13		五矿经易	2,466		217		
14		申银万国	2,450		75		
15		国信期货	1,779		111		
16		中粮期货	1,713		-268		
17		宏源期货	1,646		-103		
18		鲁证期货	1,575		412		
19		天风期货	1,339		154		
20		华闻期货	1,228		301		
总计				80,206		8,410		

名次		会员简称	持卖单量	增减		
1		中信期货	9,364		-1,005		
2		国泰君安	8,250		949		
3		国富期货	4,877		11		
4		东证期货	4,095		574		
5		兴证期货	3,578		232		
6		中信建投	3,546		710		
7		海通期货	3,322		1,430		
8		华泰期货	3,314		663		
9		银河期货	2,893		82		
10		永安期货	2,836		704		
11		宏源期货	2,186		-98		
12		南华期货	1,893		53		
13		五矿经易	1,830		38		
14		天风期货	1,769		496		
15		中财期货	1,649		133		
16		广州金控	1,603		352		
17		方正中期	1,491		-39		
18		宝城期货	1,461		120		
19		光大期货	1,447		256		
20		上海中期	1,358		286		
总计				62,762		5,947		



会员类别	总成交量	增减		
期货公司会员	125,797		-21,456		

会员类别	总持买单量	增减		
期货公司会员	80,206		8,410		

会员类别	总持卖单量	增减		
期货公司会员	62,762		5,947		

