								大连商品交易所 成交量_买持仓_卖持仓排名	

合约代码：p2201		Date：2021-06-21	

			期货公司会员	

名次		会员简称	成交量		增减		
1		东证期货	21,623		-3,834		
2		中信期货	15,804		2,560		
3		华泰期货	14,683		-1,119		
4		光大期货	12,180		-690		
5		国泰君安	11,148		1,006		
6		国富期货	8,570		1,287		
7		海通期货	7,159		3,721		
8		华闻期货	5,082		1,073		
9		申银万国	4,836		-591		
10		中粮期货	4,186		1,212		
11		南华期货	3,320		819		
12		宏源期货	3,281		-752		
13		永安期货	1,959		1,143		
14		一德期货	1,811		852		
15		华融融达	1,758		367		
16		国元期货	1,678		755		
17		广发期货	1,619		324		
18		国投安信	1,563		111		
19		中信建投	1,426		144		
20		华安期货	1,331		-463		
总计				125,017		7,925		

名次		会员简称	持买单量	增减		
1		国泰君安	15,344		543		
2		国投安信	11,223		398		
3		中粮期货	8,713		1,132		
4		国富期货	7,891		-465		
5		摩根大通	6,339		-634		
6		广发期货	5,652		7		
7		中州期货	2,682		374		
8		国贸期货	2,333		-7		
9		英大期货	2,166		0		
10		一德期货	2,066		177		
11		银河期货	1,887		72		
12		上海中期	1,614		194		
13		平安期货	1,535		6		
14		方正中期	1,111		52		
15		东证期货	1,026		-192		
16		华泰期货	941		-55		
17		华融融达	937		195		
18		中信建投	857		341		
19		中信期货	824		-1,294		
20		浙商期货	808		-12		
总计				75,949		832		

名次		会员简称	持卖单量	增减		
1		银河期货	14,460		-26		
2		国泰君安	6,821		-881		
3		国投安信	6,379		131		
4		建信期货	6,054		69		
5		国富期货	5,795		-467		
6		中信期货	5,397		576		
7		永安期货	4,713		521		
8		中粮期货	4,429		974		
9		华泰期货	2,352		4		
10		中融汇信	2,316		-10		
11		一德期货	1,885		478		
12		国海良时	1,816		-78		
13		东证期货	1,765		5		
14		上海中期	1,419		-5		
15		宁证期货	1,133		10		
16		宏源期货	1,129		765		
17		申银万国	1,104		-4		
18		浙商期货	1,015		216		
19		国信期货	1,014		-35		
20		摩根大通	880		0		
总计				71,876		2,243		



会员类别	总成交量	增减		
期货公司会员	125,017		7,925		

会员类别	总持买单量	增减		
期货公司会员	75,949		832		

会员类别	总持卖单量	增减		
期货公司会员	71,876		2,243		

