								大连商品交易所 成交量_买持仓_卖持仓排名	

合约代码：jd2109		Date：2021-06-21	

			期货公司会员	

名次		会员简称	成交量		增减		
1		东证期货	37,873		-30,121		
2		国富期货	18,805		-9,608		
3		海通期货	12,841		-8,124		
4		徽商期货	12,438		-4,958		
5		中信期货	12,071		-7,886		
6		国泰君安	11,612		-7,074		
7		方正中期	10,293		-8,660		
8		申银万国	9,272		-7,129		
9		东吴期货	8,410		-4,535		
10		银河期货	7,738		-9,897		
11		中财期货	6,737		880		
12		华闻期货	6,544		-4,481		
13		宏源期货	6,094		-6,785		
14		美尔雅期货	6,030		-832		
15		华泰期货	6,027		-8,153		
16		华安期货	6,023		-3,388		
17		中信建投	5,351		-2,620		
18		中辉期货	4,844		-1,871		
19		中衍期货	4,388		718		
20		安粮期货	4,363		-1,470		
总计				197,754		-125,994	

名次		会员简称	持买单量	增减		
1		方正中期	7,441		1,406		
2		中信期货	6,868		-913		
3		中信建投	6,624		-443		
4		宏源期货	4,651		579		
5		东证期货	4,502		448		
6		永安期货	4,291		-61		
7		国泰君安	4,285		-810		
8		徽商期货	4,250		337		
9		银河期货	4,144		127		
10		中辉期货	3,714		-556		
11		光大期货	3,605		135		
12		先锋期货	3,497		970		
13		中财期货	3,452		-2,448		
14		华泰期货	3,439		-372		
15		东吴期货	3,160		806		
16		北京首创	3,133		-635		
17		上海大陆	2,967		589		
18		瑞达期货	2,889		-611		
19		中衍期货	2,763		-772		
20		海证期货	2,678		931		
总计				82,353		-1,293		

名次		会员简称	持卖单量	增减		
1		华泰期货	9,176		369		
2		国泰君安	6,716		-48		
3		东证期货	6,322		101		
4		海通期货	5,440		1,281		
5		中信期货	5,359		1,216		
6		方正中期	4,894		-2,003		
7		鲁证期货	4,039		262		
8		永安期货	3,836		59		
9		中信建投	3,781		10		
10		银河期货	3,687		391		
11		徽商期货	3,493		1,037		
12		华安期货	3,103		65		
13		瑞达期货	3,091		94		
14		东航期货	3,035		149		
15		广发期货	2,868		41		
16		中财期货	2,742		-295		
17		南华期货	2,502		-229		
18		宏源期货	2,365		-597		
19		海证期货	2,300		314		
20		安粮期货	2,289		263		
总计				81,038		2,480		



会员类别	总成交量	增减		
期货公司会员	197,754		-125,994	

会员类别	总持买单量	增减		
期货公司会员	82,353		-1,293		

会员类别	总持卖单量	增减		
期货公司会员	81,038		2,480		

