								大连商品交易所 成交量_买持仓_卖持仓排名	

合约代码：pp2110		Date：2021-06-21	

			期货公司会员	

名次		会员简称	成交量		增减		
1		国投安信	21,252		962		
2		东证期货	12,421		899		
3		东海期货	11,790		2,876		
4		五矿经易	8,806		789		
5		中信期货	6,639		625		
6		华泰期货	6,497		-30		
7		银河期货	6,263		-298		
8		国富期货	4,241		-133		
9		国泰君安	4,106		1,182		
10		东吴期货	3,631		-282		
11		申银万国	3,050		1,009		
12		安粮期货	2,855		2,394		
13		广发期货	2,073		-854		
14		南华期货	1,947		-1,395		
15		国信期货	1,602		564		
16		海证期货	1,504		-642		
17		恒泰期货	1,485		-732		
18		中粮期货	1,435		-712		
19		华安期货	1,393		-614		
20		中信建投	961		830		
总计				103,951		6,438		

名次		会员简称	持买单量	增减		
1		中信期货	7,645		45		
2		国泰君安	5,548		28		
3		五矿经易	3,618		6		
4		申银万国	3,454		-8		
5		国富期货	3,186		123		
6		海证期货	3,112		7		
7		银河期货	3,002		91		
8		中粮期货	2,653		546		
9		国信期货	2,278		8		
10		南华期货	2,272		18		
11		恒泰期货	2,105		0		
12		宏源期货	1,632		3		
13		国投安信	1,478		-307		
14		海通期货	1,296		21		
15		中信建投	1,002		199		
16		东证期货	871		21		
17		新湖期货	706		-6		
18		方正中期	689		11		
19		华安期货	643		63		
20		东海期货	606		17		
总计				47,796		886		

名次		会员简称	持卖单量	增减		
1		中信期货	8,400		182		
2		国泰君安	6,169		234		
3		申银万国	3,487		-28		
4		五矿经易	3,486		10		
5		海证期货	3,461		-1		
6		国富期货	3,174		100		
7		国信期货	2,664		4		
8		中粮期货	2,646		545		
9		银河期货	2,232		88		
10		南华期货	2,211		1		
11		恒泰期货	2,103		-3		
12		安粮期货	1,579		891		
13		国投安信	1,426		-289		
14		海通期货	1,298		-13		
15		东证期货	976		70		
16		瑞达期货	710		0		
17		新湖期货	705		-2		
18		东海期货	698		15		
19		宏源期货	637		10		
20		中银期货	496		-100		
总计				48,558		1,714		



会员类别	总成交量	增减		
期货公司会员	103,951		6,438		

会员类别	总持买单量	增减		
期货公司会员	47,796		886		

会员类别	总持卖单量	增减		
期货公司会员	48,558		1,714		

