								大连商品交易所 成交量_买持仓_卖持仓排名	

合约代码：eb2110		Date：2021-06-21	

			期货公司会员	

名次		会员简称	成交量		增减		
1		国泰君安	2,666		628		
2		华闻期货	1,212		371		
3		光大期货	1,118		676		
4		财信期货	842		-440		
5		中信期货	828		170		
6		宝城期货	815		263		
7		中信建投	749		282		
8		国富期货	749		-138		
9		中粮期货	718		264		
10		长江期货	709		-299		
11		永安期货	686		122		
12		华泰期货	606		55		
13		五矿经易	568		238		
14		国信期货	439		369		
15		大有期货	305		21		
16		锦泰期货	262		194		
17		国投安信	257		49		
18		徽商期货	255		81		
19		东证期货	182		136		
20		鲁证期货	172		-41		
总计				14,138		3,001		

名次		会员简称	持买单量	增减		
1		华泰期货	4,382		95		
2		国泰君安	4,145		857		
3		五矿经易	2,301		0		
4		永安期货	2,101		-1		
5		中信期货	1,957		1		
6		国富期货	1,739		2		
7		国投安信	1,629		102		
8		中信建投	1,520		-2		
9		长江期货	1,298		-5		
10		中粮期货	1,250		300		
11		国信期货	376		376		
12		红塔期货	251		42		
13		财信期货	178		6		
14		华闻期货	168		161		
15		东证期货	163		152		
16		大有期货	127		1		
17		兴证期货	122		72		
18		天风期货	108		0		
19		大地期货	70		18		
20		冠通期货	63		0		
总计				23,948		2,177		

名次		会员简称	持卖单量	增减		
1		华泰期货	4,130		31		
2		国泰君安	3,877		735		
3		五矿经易	2,301		0		
4		永安期货	2,297		79		
5		中信期货	2,024		1		
6		国富期货	1,994		81		
7		国投安信	1,610		95		
8		中信建投	1,521		-1		
9		长江期货	1,293		-8		
10		中粮期货	1,255		300		
11		东证期货	694		2		
12		宝城期货	535		475		
13		浙商期货	150		0		
14		中投期货	114		40		
15		国盛期货	112		0		
16		招金期货	81		0		
17		迈科期货	74		-9		
18		中融汇信	57		0		
19		鑫鼎盛期货	56		20		
20		宏源期货	34		3		
总计				24,209		1,844		



会员类别	总成交量	增减		
期货公司会员	14,138		3,001		

会员类别	总持买单量	增减		
期货公司会员	23,948		2,177		

会员类别	总持卖单量	增减		
期货公司会员	24,209		1,844		

