								大连商品交易所 成交量_买持仓_卖持仓排名	

合约代码：y2201		Date：2021-06-21	

			期货公司会员	

名次		会员简称	成交量		增减		
1		东证期货	33,680		-4,969		
2		华泰期货	24,596		-6,064		
3		光大期货	21,300		2,905		
4		中信期货	11,945		301		
5		国富期货	11,908		-748		
6		国泰君安	11,626		-4,774		
7		海通期货	7,212		3,123		
8		申银万国	6,189		-1,331		
9		国投安信	4,217		372		
10		创元期货	4,197		431		
11		锦泰期货	3,986		-2,303		
12		五矿经易	3,798		-239		
13		中粮期货	3,702		730		
14		宏源期货	3,328		-2,294		
15		英大期货	3,065		1,334		
16		中财期货	2,941		753		
17		财信期货	2,804		2,465		
18		华闻期货	2,542		-103		
19		一德期货	2,531		-328		
20		国元期货	2,360		539		
总计				167,927		-10,200		

名次		会员简称	持买单量	增减		
1		北京首创	11,779		81		
2		国投安信	11,240		2,228		
3		西部期货	10,100		-8		
4		广发期货	9,185		145		
5		中粮期货	7,984		1,757		
6		银河期货	6,598		11		
7		新湖期货	6,587		-88		
8		中信期货	5,890		541		
9		中金期货	5,109		527		
10		光大期货	4,764		1,174		
11		摩根大通	3,109		-10		
12		华安期货	2,809		-304		
13		国泰君安	2,783		797		
14		财信期货	2,655		2,607		
15		创元期货	2,159		-29		
16		招商期货	2,119		23		
17		东证期货	1,947		337		
18		浙商期货	1,702		170		
19		永安期货	1,224		-43		
20		华泰期货	1,220		-142		
总计				100,963		9,774		

名次		会员简称	持卖单量	增减		
1		一德期货	23,126		557		
2		国富期货	12,485		593		
3		国泰君安	11,920		-115		
4		中粮期货	9,208		67		
5		国投安信	5,686		-385		
6		宏源期货	3,866		-22		
7		摩根大通	3,527		0		
8		新湖期货	3,321		44		
9		永安期货	3,311		695		
10		五矿经易	3,161		995		
11		中信期货	2,769		74		
12		中财期货	2,740		819		
13		东证期货	2,723		-151		
14		光大期货	1,766		676		
15		中信建投	1,716		128		
16		鲁证期货	1,521		672		
17		广发期货	1,223		63		
18		申银万国	1,221		-22		
19		建信期货	1,218		5		
20		北京首创	1,139		5		
总计				97,647		4,698		



会员类别	总成交量	增减		
期货公司会员	167,927		-10,200		

会员类别	总持买单量	增减		
期货公司会员	100,963		9,774		

会员类别	总持卖单量	增减		
期货公司会员	97,647		4,698		

