								大连商品交易所 成交量_买持仓_卖持仓排名	

合约代码：c2109		Date：2020-10-28	

			期货公司会员	

名次		会员简称	成交量		增减		
1		鲁证期货	4,080		4,019		
2		光大期货	3,641		2,073		
3		金瑞期货	3,044		1,070		
4		永安期货	2,455		1,502		
5		华闻期货	2,402		-19		
6		先锋期货	1,621		1,163		
7		宏源期货	1,457		456		
8		冠通期货	1,111		249		
9		徽商期货	933		441		
10		华安期货	806		323		
11		国投安信	683		-683		
12		东航期货	593		367		
13		方正中期	572		288		
14		国元期货	566		537		
15		中信建投	512		305		
16		南华期货	493		34		
17		华融融达	440		104		
18		东证期货	438		394		
19		华鑫期货	429		147		
20		上海中期	416		265		
总计				26,692		13,035		

名次		会员简称	持买单量	增减		
1		鲁证期货	27,981		3,987		
2		建信期货	11,723		106		
3		国泰君安	6,797		46		
4		中信建投	6,095		-52		
5		国富期货	3,715		-1		
6		华融融达	2,646		-20		
7		安粮期货	2,551		4		
8		东吴期货	2,416		111		
9		华安期货	1,779		16		
10		徽商期货	1,745		327		
11		银河期货	1,427		-4		
12		中粮期货	1,259		1		
13		华泰期货	1,163		4		
14		中州期货	1,079		0		
15		福能期货	1,055		-1		
16		混沌天成	1,004		0		
17		华闻期货	875		-12		
18		永安期货	775		69		
19		国贸期货	754		61		
20		华金期货	730		0		
总计				77,569		4,642		

名次		会员简称	持卖单量	增减		
1		永安期货	15,220		2,244		
2		海证期货	8,195		51		
3		中信期货	5,977		12		
4		华融融达	5,791		-6		
5		北京首创	5,718		-2		
6		光大期货	5,616		972		
7		五矿经易	3,705		100		
8		东证期货	3,559		49		
9		国投安信	3,236		20		
10		国泰君安	3,160		-79		
11		浙商期货	2,584		0		
12		信达期货	2,186		46		
13		兴证期货	2,153		-17		
14		长江期货	2,115		-4		
15		美尔雅期货	1,575		2		
16		方正中期	1,151		-36		
17		东航期货	1,014		-48		
18		海通期货	1,006		90		
19		银河期货	746		17		
20		徽商期货	712		70		
总计				75,419		3,481		



会员类别	总成交量	增减		
期货公司会员	26,692		13,035		

会员类别	总持买单量	增减		
期货公司会员	77,569		4,642		

会员类别	总持卖单量	增减		
期货公司会员	75,419		3,481		

