								大连商品交易所 成交量_买持仓_卖持仓排名	

合约代码：m2109		Date：2020-10-28	

			期货公司会员	

名次		会员简称	成交量		增减		
1		东证期货	26,497		1,626		
2		美尔雅期货	15,797		13,280		
3		国泰君安	8,421		1,445		
4		光大期货	7,404		-1,237		
5		中天期货	5,943		-834		
6		迈科期货	5,725		-2,222		
7		华闻期货	4,420		-1,255		
8		招金期货	4,221		2,179		
9		方正中期	2,977		1,026		
10		安粮期货	2,853		200		
11		大地期货	2,782		1,353		
12		海通期货	2,625		1,252		
13		广州期货	2,299		1,448		
14		南华期货	2,280		976		
15		浙商期货	1,665		-649		
16		宏源期货	1,645		53		
17		上海中期	1,641		561		
18		中粮期货	1,467		-108		
19		徽商期货	1,423		172		
20		华金期货	1,376		1,206		
总计				103,461		20,472		

名次		会员简称	持买单量	增减		
1		安粮期货	12,146		-73		
2		海通期货	10,384		260		
3		永安期货	9,711		277		
4		华闻期货	9,475		562		
5		格林大华	7,968		32		
6		华泰期货	7,410		-52		
7		中粮期货	7,094		280		
8		美尔雅期货	5,089		-1,544		
9		长江期货	4,969		-7		
10		大地期货	4,554		62		
11		江苏东华	4,217		1		
12		国投安信	4,020		167		
13		浙商期货	3,753		376		
14		申银万国	3,255		-89		
15		国富期货	3,219		-433		
16		华金期货	3,048		1,112		
17		华安期货	2,723		44		
18		中辉期货	2,696		13		
19		国海良时	2,540		27		
20		中信期货	2,513		12		
总计				110,784		1,027		

名次		会员简称	持卖单量	增减		
1		摩根大通	49,451		258		
2		永安期货	23,424		-4		
3		中粮期货	18,394		73		
4		国投安信	9,673		387		
5		新湖期货	8,379		108		
6		平安期货	7,784		-3		
7		银河期货	7,725		45		
8		五矿经易	6,181		-15		
9		华泰期货	5,100		-30		
10		一德期货	5,050		367		
11		宏源期货	4,375		8		
12		北京首创	3,862		-1		
13		海证期货	3,026		4		
14		中天期货	2,535		-245		
15		国泰君安	2,402		235		
16		国元期货	2,379		12		
17		东证期货	1,352		213		
18		弘业期货	1,254		6		
19		中信期货	1,137		88		
20		南华期货	1,093		53		
总计				164,576		1,559		



会员类别	总成交量	增减		
期货公司会员	103,461		20,472		

会员类别	总持买单量	增减		
期货公司会员	110,784		1,027		

会员类别	总持卖单量	增减		
期货公司会员	164,576		1,559		

