								大连商品交易所 成交量_买持仓_卖持仓排名	

合约代码：b2102		Date：2020-10-28	

			期货公司会员	

名次		会员简称	成交量		增减		
1		华泰期货	15,672		2,585		
2		光大期货	6,984		1,390		
3		华闻期货	5,255		602		
4		海通期货	4,544		-778		
5		方正中期	4,159		1,574		
6		渤海期货	3,386		1,166		
7		国投安信	3,282		-305		
8		弘业期货	2,467		466		
9		国海良时	2,308		82		
10		中原期货	1,876		67		
11		东证期货	1,822		580		
12		申银万国	1,783		513		
13		五矿经易	1,726		864		
14		南华期货	1,383		417		
15		安粮期货	553		306		
16		天风期货	451		178		
17		国富期货	402		0		
18		宏源期货	359		116		
19		国泰君安	333		227		
20		江西瑞奇	255		235		
总计				59,000		10,285		

名次		会员简称	持买单量	增减		
1		申银万国	2,996		863		
2		海通期货	1,833		-150		
3		光大期货	1,350		-134		
4		国投安信	1,316		12		
5		南华期货	1,000		0		
6		方正中期	629		-27		
7		五矿经易	588		108		
8		中信建投	507		-5		
9		弘业期货	503		-2		
10		国海良时	451		-8		
11		渤海期货	318		4		
12		中原期货	246		-196		
13		永安期货	226		3		
14		中粮期货	122		1		
15		华西期货	100		0		
16		国泰君安	88		-18		
17		华泰期货	75		21		
18		东方财富	45		-11		
19		华融融达	42		19		
20		国元期货	36		3		
总计				12,471		483		

名次		会员简称	持卖单量	增减		
1		申银万国	2,978		882		
2		海通期货	1,814		-56		
3		国投安信	1,364		2		
4		光大期货	1,262		-186		
5		南华期货	1,005		1		
6		国海良时	615		16		
7		方正中期	608		-26		
8		五矿经易	584		10		
9		弘业期货	517		-11		
10		徽商期货	383		48		
11		渤海期货	277		18		
12		中原期货	217		-196		
13		宏源期货	210		1		
14		新湖期货	165		46		
15		浙商期货	156		24		
16		银河期货	104		101		
17		天风期货	63		-39		
18		永安期货	61		-41		
19		华融融达	60		-15		
20		中信期货	38		38		
总计				12,481		617		



会员类别	总成交量	增减		
期货公司会员	59,000		10,285		

会员类别	总持买单量	增减		
期货公司会员	12,471		483		

会员类别	总持卖单量	增减		
期货公司会员	12,481		617		

