								大连商品交易所 成交量_买持仓_卖持仓排名	

合约代码：y2105		Date：2020-10-28	

			期货公司会员	

名次		会员简称	成交量		增减		
1		东证期货	33,236		2,886		
2		光大期货	31,238		4,795		
3		中粮期货	9,032		2,842		
4		国投安信	8,792		7,738		
5		国泰君安	7,562		1,092		
6		国元期货	7,047		-1,553		
7		申银万国	6,880		3,385		
8		华泰期货	6,572		663		
9		华安期货	6,383		-1,321		
10		宏源期货	5,362		-1,743		
11		海通期货	4,203		1,107		
12		中信期货	3,717		-31		
13		兴证期货	2,989		-1,392		
14		一德期货	2,980		-862		
15		国富期货	2,878		-233		
16		方正中期	2,758		-268		
17		银河期货	2,542		-1,012		
18		中信建投	2,241		481		
19		永安期货	2,138		-3,803		
20		天风期货	1,908		410		
总计				150,458		13,181		

名次		会员简称	持买单量	增减		
1		中粮期货	45,452		2,420		
2		五矿经易	19,602		-395		
3		浙商期货	14,339		-18		
4		国投安信	14,287		505		
5		永安期货	13,975		-405		
6		中财期货	12,480		-440		
7		中信期货	12,126		45		
8		天风期货	11,275		114		
9		光大期货	9,614		226		
10		东兴期货	9,597		2		
11		华泰期货	8,765		-493		
12		一德期货	8,350		-422		
13		东证期货	7,453		192		
14		大越期货	5,695		79		
15		宝城期货	5,627		39		
16		鲁证期货	4,473		-684		
17		银河期货	4,372		-358		
18		广发期货	4,038		231		
19		弘业期货	3,260		-121		
20		金瑞期货	3,034		-5		
总计				217,814		512		

名次		会员简称	持卖单量	增减		
1		中粮期货	56,878		3,372		
2		国投安信	38,585		305		
3		一德期货	19,371		1,260		
4		银河期货	17,125		-586		
5		中信期货	16,000		32		
6		摩根大通	14,031		0		
7		平安期货	11,020		-171		
8		新湖期货	8,995		-190		
9		广发期货	8,339		223		
10		永安期货	6,587		17		
11		五矿经易	6,143		-20		
12		国泰君安	5,793		17		
13		海通期货	5,241		-39		
14		南华期货	4,691		-29		
15		宏源期货	4,421		-20		
16		海证期货	4,262		21		
17		信达期货	4,211		68		
18		东证期货	4,174		-28		
19		上海中期	3,902		-758		
20		华泰期货	3,869		23		
总计				243,638		3,497		



会员类别	总成交量	增减		
期货公司会员	150,458		13,181		

会员类别	总持买单量	增减		
期货公司会员	217,814		512		

会员类别	总持卖单量	增减		
期货公司会员	243,638		3,497		

