								大连商品交易所 成交量_买持仓_卖持仓排名	

合约代码：eg2102		Date：2020-10-28	

			期货公司会员	

名次		会员简称	成交量		增减		
1		东证期货	30,967		-8,786		
2		方正中期	8,447		-1,074		
3		华西期货	5,613		-534		
4		华闻期货	4,704		-3,073		
5		海通期货	3,771		-132		
6		招商期货	3,239		-291		
7		东海期货	3,230		-360		
8		徽商期货	2,930		-76		
9		申银万国	2,635		-211		
10		平安期货	2,574		-55		
11		国富期货	2,285		-1,231		
12		中信期货	1,994		82		
13		五矿经易	1,862		118		
14		金瑞期货	1,488		26		
15		迈科期货	1,464		-558		
16		光大期货	1,456		-304		
17		中粮期货	1,430		-2,056		
18		格林大华	1,352		528		
19		银河期货	846		-1,722		
20		锦泰期货	797		555		
总计				83,084		-19,154		

名次		会员简称	持买单量	增减		
1		申银万国	2,322		-23		
2		国投安信	2,091		12		
3		东证期货	1,564		15		
4		招商期货	1,206		7		
5		五矿经易	1,012		0		
6		中信期货	663		25		
7		中粮期货	504		23		
8		创元期货	488		-79		
9		冠通期货	356		0		
10		平安期货	228		214		
11		国泰君安	197		40		
12		南华期货	156		-53		
13		方正中期	130		-111		
14		迈科期货	129		9		
15		徽商期货	125		-47		
16		华安期货	73		5		
17		浙商期货	63		12		
18		国金期货	44		0		
19		光大期货	42		-24		
20		华西期货	42		7		
总计				11,435		32		

名次		会员简称	持卖单量	增减		
1		申银万国	2,332		-8		
2		国投安信	2,151		15		
3		东证期货	1,536		28		
4		招商期货	1,230		-4		
5		五矿经易	892		0		
6		中粮期货	548		23		
7		创元期货	452		-65		
8		中信期货	436		-33		
9		徽商期货	380		143		
10		冠通期货	374		90		
11		锦泰期货	275		113		
12		金瑞期货	212		-111		
13		北京首创	204		-53		
14		方正中期	148		-106		
15		鲁证期货	144		-29		
16		迈科期货	136		9		
17		华泰期货	118		24		
18		华闻期货	85		69		
19		东海期货	46		32		
20		国富期货	42		2		
总计				11,741		139		



会员类别	总成交量	增减		
期货公司会员	83,084		-19,154		

会员类别	总持买单量	增减		
期货公司会员	11,435		32		

会员类别	总持卖单量	增减		
期货公司会员	11,741		139		

