								大连商品交易所 成交量_买持仓_卖持仓排名	

合约代码：jd2102		Date：2020-10-28	

			期货公司会员	

名次		会员简称	成交量		增减		
1		东证期货	6,291		5,477		
2		光大期货	2,312		1,475		
3		永安期货	1,439		1,061		
4		天风期货	1,144		737		
5		方正中期	1,021		294		
6		华安期货	887		515		
7		徽商期货	828		390		
8		宏源期货	766		121		
9		汇鑫期货	735		707		
10		国泰君安	696		53		
11		安粮期货	571		190		
12		广州期货	441		401		
13		和合期货	432		332		
14		申银万国	430		370		
15		银河期货	424		89		
16		中辉期货	379		142		
17		中财期货	366		285		
18		东吴期货	352		214		
19		先锋期货	346		-164		
20		中信期货	331		216		
总计				20,191		12,905		

名次		会员简称	持买单量	增减		
1		福能期货	1,711		40		
2		中辉期货	1,658		38		
3		宏源期货	1,367		-152		
4		徽商期货	1,285		96		
5		汇鑫期货	1,008		373		
6		银河期货	967		19		
7		国泰君安	899		-10		
8		东方财富	839		-63		
9		中信建投	785		-8		
10		中国国际	721		20		
11		中钢期货	683		-200		
12		华泰期货	674		52		
13		永安期货	572		167		
14		华安期货	553		103		
15		中银期货	551		0		
16		财信期货	482		-95		
17		兴证期货	468		-61		
18		美尔雅期货	463		-1		
19		中信期货	461		-16		
20		申银万国	456		29		
总计				16,603		331		

名次		会员简称	持卖单量	增减		
1		宏源期货	3,503		-120		
2		国泰君安	3,494		-50		
3		光大期货	2,252		75		
4		先锋期货	2,144		29		
5		徽商期货	1,359		38		
6		海航期货	933		126		
7		方正中期	824		-736		
8		华安期货	763		-106		
9		永安期货	755		308		
10		中信建投	708		-33		
11		申银万国	683		5		
12		安粮期货	672		-83		
13		盛达期货	636		22		
14		北京首创	632		90		
15		东海期货	537		29		
16		上海大陆	498		83		
17		中州期货	441		62		
18		中天期货	372		5		
19		中信期货	344		43		
20		招金期货	341		-24		
总计				21,891		-237		



会员类别	总成交量	增减		
期货公司会员	20,191		12,905		

会员类别	总持买单量	增减		
期货公司会员	16,603		331		

会员类别	总持卖单量	增减		
期货公司会员	21,891		-237		

