								大连商品交易所 成交量_买持仓_卖持仓排名	

合约代码：m2107		Date：2020-10-28	

			期货公司会员	

名次		会员简称	成交量		增减		
1		国泰君安	38,352		-13,866		
2		申银万国	29,002		-7,522		
3		徽商期货	25,179		-5,779		
4		银河期货	24,935		-7,193		
5		海证期货	19,925		4,284		
6		东证期货	14,577		2,990		
7		国富期货	13,270		-3,323		
8		华闻期货	8,977		116		
9		中天期货	6,854		-750		
10		光大期货	6,762		445		
11		神华期货	6,452		6,452		
12		海通期货	6,209		2,994		
13		锦泰期货	5,051		563		
14		美尔雅期货	5,014		-10,507		
15		一德期货	4,986		-10,446		
16		冠通期货	4,974		4,960		
17		国海良时	3,710		3,090		
18		鲁证期货	3,125		-683		
19		五矿经易	2,111		31		
20		兴业期货	2,061		-3,048		
总计				231,526		-37,192		

名次		会员简称	持买单量	增减		
1		申银万国	3,308		106		
2		招商期货	2,029		220		
3		海通期货	2,019		31		
4		国投安信	1,646		2		
5		鲁证期货	1,315		23		
6		新湖期货	1,246		85		
7		五矿经易	1,123		11		
8		格林大华	1,005		0		
9		浙商期货	903		-14		
10		西南期货	830		122		
11		国海良时	786		-28		
12		国泰君安	784		45		
13		冠通期货	776		-153		
14		瑞达期货	770		5		
15		中辉期货	676		-82		
16		华泰期货	645		-60		
17		华鑫期货	595		11		
18		中投期货	582		80		
19		银河期货	578		79		
20		徽商期货	571		74		
总计				22,187		557		

名次		会员简称	持卖单量	增减		
1		安粮期货	7,445		-359		
2		摩根大通	2,657		0		
3		申银万国	2,630		-4		
4		国富期货	2,112		705		
5		招商期货	2,013		212		
6		国投安信	1,791		150		
7		海通期货	1,671		-26		
8		国元期货	1,291		-358		
9		鲁证期货	1,189		20		
10		五矿经易	1,071		0		
11		格林大华	1,000		0		
12		冠通期货	776		-153		
13		浙商期货	724		-8		
14		平安期货	506		1		
15		国泰君安	438		-1		
16		国海良时	312		2		
17		新湖期货	280		0		
18		东证期货	228		51		
19		锦泰期货	194		47		
20		宏源期货	109		-104		
总计				28,437		175		



会员类别	总成交量	增减		
期货公司会员	231,526		-37,192		

会员类别	总持买单量	增减		
期货公司会员	22,187		557		

会员类别	总持卖单量	增减		
期货公司会员	28,437		175		

