								大连商品交易所 成交量_买持仓_卖持仓排名	

合约代码：pp2101		Date：2020-10-28	

			期货公司会员	

名次		会员简称	成交量		增减		
1		东证期货	171,400		-26,994		
2		中信期货	68,838		-7,495		
3		国泰君安	54,774		-4,010		
4		华泰期货	48,977		696		
5		海通期货	43,819		-541		
6		国富期货	30,863		-6,661		
7		方正中期	26,117		-985		
8		徽商期货	18,682		2,410		
9		广发期货	17,705		6,801		
10		新湖期货	17,420		-704		
11		永安期货	17,203		-362		
12		华安期货	16,335		1,174		
13		申银万国	15,678		2,638		
14		兴证期货	15,389		1,162		
15		国投安信	14,174		4,619		
16		银河期货	13,793		-5,989		
17		中信建投	11,720		1,730		
18		国信期货	11,211		-2,701		
19		浙商期货	11,116		138		
20		东航期货	10,809		4,105		
总计				636,023		-30,969		

名次		会员简称	持买单量	增减		
1		永安期货	51,617		-2,641		
2		中信期货	45,888		-2,077		
3		东海期货	11,687		-396		
4		国泰君安	11,651		-52		
5		弘业期货	10,896		-128		
6		东证期货	10,625		-2,252		
7		华泰期货	9,447		-1,436		
8		新湖期货	8,609		-157		
9		申银万国	7,148		-701		
10		国投安信	6,259		43		
11		瑞达期货	6,168		-967		
12		银河期货	5,955		-26		
13		海通期货	5,537		-4,472		
14		兴证期货	5,329		57		
15		中粮期货	4,954		-160		
16		华安期货	4,949		-164		
17		国信期货	4,681		2,061		
18		广发期货	3,972		1,362		
19		五矿经易	3,776		22		
20		方正中期	3,730		-701		
总计				222,878		-12,785		

名次		会员简称	持卖单量	增减		
1		永安期货	19,079		708		
2		国泰君安	15,752		-340		
3		浙商期货	15,219		321		
4		南华期货	11,218		-233		
5		国投安信	11,125		-83		
6		国信期货	10,739		1,052		
7		鲁证期货	10,732		-443		
8		华泰期货	10,025		41		
9		瑞达期货	8,515		-429		
10		方正中期	8,254		404		
11		兴证期货	7,640		-1,518		
12		华安期货	7,360		279		
13		东证期货	6,998		-894		
14		国海良时	6,970		-8		
15		银河期货	6,874		-355		
16		中信期货	6,814		-717		
17		中大期货	6,754		75		
18		信达期货	6,405		-219		
19		中信建投	6,381		440		
20		建信期货	5,816		-500		
总计				188,670		-2,419		



会员类别	总成交量	增减		
期货公司会员	636,023		-30,969		

会员类别	总持买单量	增减		
期货公司会员	222,878		-12,785		

会员类别	总持卖单量	增减		
期货公司会员	188,670		-2,419		

