								大连商品交易所 成交量_买持仓_卖持仓排名	

合约代码：pg2012		Date：2020-10-28	

			期货公司会员	

名次		会员简称	成交量		增减		
1		华泰期货	24,697		3,004		
2		海通期货	10,399		3,144		
3		国富期货	9,999		-3,285		
4		中信期货	9,633		-800		
5		东证期货	8,968		-351		
6		方正中期	8,743		857		
7		申银万国	7,014		1,375		
8		光大期货	6,803		875		
9		银河期货	4,955		1,267		
10		东海期货	4,094		1,449		
11		瑞达期货	3,740		335		
12		华闻期货	3,606		-544		
13		国泰君安	3,555		41		
14		华安期货	3,211		689		
15		徽商期货	3,172		-184		
16		浙商期货	3,076		1,597		
17		中信建投	2,927		-647		
18		中辉期货	2,812		1,159		
19		宝城期货	2,776		1,404		
20		东吴期货	2,719		1,522		
总计				126,899		12,907		

名次		会员简称	持买单量	增减		
1		永安期货	2,641		-124		
2		方正中期	1,917		675		
3		申银万国	1,531		-535		
4		华泰期货	1,461		26		
5		中信期货	1,440		-42		
6		东证期货	1,384		325		
7		中信建投	1,380		-113		
8		国海良时	1,321		66		
9		招商期货	1,301		-88		
10		瑞达期货	1,297		87		
11		招金期货	1,199		-28		
12		银河期货	1,135		89		
13		华安期货	1,115		167		
14		兴业期货	1,079		173		
15		浙商期货	912		19		
16		国泰君安	874		247		
17		五矿经易	813		-299		
18		国投安信	809		218		
19		宏源期货	679		48		
20		海通期货	675		86		
总计				24,963		997		

名次		会员简称	持卖单量	增减		
1		中信期货	13,277		575		
2		东证期货	3,313		173		
3		永安期货	2,922		-273		
4		广发期货	2,881		-7		
5		国投安信	2,295		-331		
6		申银万国	1,601		-616		
7		银河期货	1,189		100		
8		招商期货	1,124		31		
9		浙商期货	1,017		-305		
10		国泰君安	984		212		
11		五矿经易	896		-241		
12		兴证期货	674		505		
13		中信建投	610		482		
14		南华期货	555		47		
15		海通期货	494		91		
16		东海期货	454		115		
17		华西期货	442		125		
18		东吴期货	410		381		
19		冠通期货	392		-1		
20		新晟期货	373		-13		
总计				35,903		1,050		



会员类别	总成交量	增减		
期货公司会员	126,899		12,907		

会员类别	总持买单量	增减		
期货公司会员	24,963		997		

会员类别	总持卖单量	增减		
期货公司会员	35,903		1,050		

