								大连商品交易所 成交量_买持仓_卖持仓排名	

合约代码：jd2105		Date：2020-10-28	

			期货公司会员	

名次		会员简称	成交量		增减		
1		方正中期	2,026		1,682		
2		东证期货	1,802		1,398		
3		徽商期货	1,402		910		
4		中信建投	1,024		579		
5		宏源期货	794		541		
6		华闻期货	702		345		
7		永安期货	688		668		
8		浙江新世纪	666		567		
9		华安期货	645		451		
10		中信期货	633		353		
11		国海良时	569		417		
12		华融融达	556		548		
13		安粮期货	540		231		
14		弘业期货	495		392		
15		南华期货	478		-226		
16		中辉期货	419		120		
17		先锋期货	395		52		
18		大地期货	393		291		
19		国富期货	327		313		
20		招金期货	316		237		
总计				14,870		9,869		

名次		会员简称	持买单量	增减		
1		英大期货	2,020		176		
2		方正中期	1,712		-52		
3		海通期货	1,285		37		
4		福能期货	1,235		6		
5		南华期货	1,082		115		
6		中信建投	1,047		460		
7		宏源期货	1,031		64		
8		永安期货	988		-269		
9		华泰期货	957		0		
10		上海大陆	923		1		
11		国泰君安	804		76		
12		中辉期货	668		-3		
13		徽商期货	573		196		
14		东航期货	531		26		
15		招金期货	525		-79		
16		东证期货	494		91		
17		广发期货	325		45		
18		申银万国	303		-56		
19		弘业期货	294		98		
20		中信期货	277		-3		
总计				17,074		929		

名次		会员简称	持卖单量	增减		
1		浙江新世纪	1,791		256		
2		徽商期货	1,627		-116		
3		中信建投	1,191		84		
4		宏源期货	1,067		-140		
5		一德期货	777		194		
6		长江期货	764		-1		
7		中信期货	730		-8		
8		华安期货	671		34		
9		方正中期	656		-296		
10		华泰期货	639		5		
11		安粮期货	626		63		
12		大地期货	525		270		
13		广发期货	432		148		
14		招金期货	423		-43		
15		天风期货	412		51		
16		华融融达	388		260		
17		国泰君安	370		15		
18		国富期货	350		148		
19		东证期货	339		15		
20		国海良时	334		193		
总计				14,112		1,132		



会员类别	总成交量	增减		
期货公司会员	14,870		9,869		

会员类别	总持买单量	增减		
期货公司会员	17,074		929		

会员类别	总持卖单量	增减		
期货公司会员	14,112		1,132		

