								大连商品交易所 成交量_买持仓_卖持仓排名	

合约代码：p2101		Date：2020-10-28	

			期货公司会员	

名次		会员简称	成交量		增减		
1		东证期货	374,270		79,040		
2		光大期货	193,974		15,812		
3		国富期货	157,432		28,638		
4		国泰君安	117,554		1,793		
5		中信期货	114,443		30,995		
6		华闻期货	80,075		34,154		
7		海通期货	62,008		-1,551		
8		申银万国	54,386		26,873		
9		银河期货	52,768		-1,787		
10		华西期货	47,463		-3,679		
11		徽商期货	42,748		9,513		
12		华泰期货	41,599		6,381		
13		华安期货	40,908		3,908		
14		方正中期	39,982		4,719		
15		国投安信	30,489		5,173		
16		东方财富	30,464		2,918		
17		兴证期货	30,147		5,162		
18		东吴期货	29,300		4,763		
19		中辉期货	26,599		6,983		
20		上海东亚	25,259		13,329		
总计				1,591,868	273,137		

名次		会员简称	持买单量	增减		
1		银河期货	24,573		-5		
2		中信期货	16,190		3,726		
3		国泰君安	15,960		-432		
4		浙商期货	15,901		-1,365		
5		五矿经易	14,018		1,201		
6		天风期货	13,807		-165		
7		永安期货	13,262		-765		
8		国投安信	12,336		-376		
9		海通期货	11,735		4,294		
10		东证期货	11,310		1,860		
11		一德期货	9,428		-719		
12		国盛期货	8,687		1,598		
13		大越期货	7,579		26		
14		广发期货	7,378		750		
15		光大期货	7,136		-110		
16		华泰期货	6,598		-315		
17		海证期货	6,588		215		
18		中粮期货	6,574		-3,845		
19		方正中期	6,398		-444		
20		大地期货	5,758		27		
总计				221,216		5,156		

名次		会员简称	持卖单量	增减		
1		中粮期货	40,558		1,213		
2		国投安信	35,609		2,381		
3		国贸期货	19,233		1,243		
4		中信期货	17,427		-1,655		
5		国富期货	16,585		-3,801		
6		银河期货	16,034		423		
7		一德期货	14,429		844		
8		海通期货	12,959		488		
9		东证期货	11,310		-1,964		
10		弘业期货	9,016		580		
11		永安期货	7,429		154		
12		中天期货	6,896		152		
13		华融融达	5,981		160		
14		申银万国	5,629		-30		
15		国泰君安	5,422		-674		
16		中融汇信	5,388		820		
17		徽商期货	4,783		411		
18		五矿经易	4,624		-871		
19		华泰期货	4,620		-1,852		
20		平安期货	4,340		396		
总计				248,272		-1,582		



会员类别	总成交量	增减		
期货公司会员	1,591,868	273,137		

会员类别	总持买单量	增减		
期货公司会员	221,216		5,156		

会员类别	总持卖单量	增减		
期货公司会员	248,272		-1,582		

