								大连商品交易所 成交量_买持仓_卖持仓排名	

合约代码：fb2109		Date：2021-06-25	

			期货公司会员	

名次		会员简称	成交量		增减		
1		东证期货	8,980		-4,384		
2		徽商期货	3,950		-3,292		
3		华融融达	3,360		511		
4		银河期货	3,020		-739		
5		申银万国	2,699		-1,476		
6		中信期货	2,553		-1,201		
7		华安期货	2,493		-1,030		
8		永安期货	2,248		-1,238		
9		美尔雅期货	2,062		-2,979		
10		方正中期	1,930		-617		
11		国泰君安	1,618		-604		
12		创元期货	1,608		-5,059		
13		海通期货	1,521		-484		
14		中辉期货	1,364		-557		
15		先锋期货	1,329		-237		
16		东吴期货	1,313		-625		
17		中投期货	1,266		-482		
18		安粮期货	1,265		-379		
19		国投安信	1,221		-563		
20		南华期货	1,160		-264		
总计				46,960		-25,699		

名次		会员简称	持买单量	增减		
1		中州期货	968		-104		
2		一德期货	939		-52		
3		美尔雅期货	797		-1,130		
4		永安期货	645		-26		
5		宝城期货	632		-194		
6		国富期货	466		-168		
7		建信期货	356		-375		
8		国海良时	294		62		
9		华安期货	280		-26		
10		倍特期货	278		241		
11		申银万国	277		-159		
12		格林大华	263		259		
13		汇鑫期货	242		228		
14		东证期货	238		85		
15		浙商期货	232		-141		
16		招商期货	200		9		
17		国投安信	196		-61		
18		中辉期货	193		44		
19		南华期货	170		-178		
20		东海期货	166		-84		
总计				7,832		-1,770		

名次		会员简称	持卖单量	增减		
1		北京首创	814		4		
2		一德期货	800		104		
3		华泰期货	777		-614		
4		兴业期货	693		-116		
5		中信期货	678		-1,250		
6		中投期货	678		-1,194		
7		光大期货	352		-95		
8		华安期货	333		161		
9		国富期货	291		255		
10		国海良时	270		-7		
11		五矿期货	252		2		
12		平安期货	249		62		
13		国泰君安	236		-175		
14		南华期货	232		206		
15		国信期货	199		-73		
16		中辉期货	192		-12		
17		东证期货	179		-65		
18		银河期货	170		-43		
19		金元期货	170		-7		
20		徽商期货	163		49		
总计				7,728		-2,808		



会员类别	总成交量	增减		
期货公司会员	46,960		-25,699		

会员类别	总持买单量	增减		
期货公司会员	7,832		-1,770		

会员类别	总持卖单量	增减		
期货公司会员	7,728		-2,808		

