								大连商品交易所 成交量_买持仓_卖持仓排名	

合约代码：a2111		Date：2021-06-25	

			期货公司会员	

名次		会员简称	成交量		增减		
1		华泰期货	6,351		-2,146		
2		东证期货	3,210		-534		
3		华闻期货	2,644		-352		
4		恒泰期货	2,132		162		
5		中信期货	1,608		-2,113		
6		鲁证期货	1,543		-149		
7		宏源期货	1,311		-830		
8		浙商期货	1,173		-101		
9		方正中期	1,104		-353		
10		申银万国	978		-319		
11		招商期货	741		-554		
12		金瑞期货	676		-108		
13		瑞达期货	549		-328		
14		国泰君安	407		128		
15		海通期货	284		104		
16		西南期货	247		143		
17		光大期货	179		-327		
18		财信期货	166		39		
19		大有期货	146		39		
20		国信期货	142		-93		
总计				25,591		-7,692		

名次		会员简称	持买单量	增减		
1		东证期货	5,297		-56		
2		宏源期货	2,511		-49		
3		鲁证期货	2,494		0		
4		方正中期	2,320		13		
5		招商期货	2,206		6		
6		中信期货	2,060		83		
7		光大期货	2,036		8		
8		浙商期货	1,934		398		
9		大有期货	1,834		146		
10		恒泰期货	1,803		1		
11		瑞达期货	1,801		-3		
12		深圳金汇	1,500		0		
13		财信期货	1,006		116		
14		上海中期	438		4		
15		中投期货	246		-39		
16		国投安信	202		0		
17		美尔雅期货	168		-1		
18		永安期货	129		-7		
19		广州金控	121		29		
20		银河期货	101		-4		
总计				30,207		645		

名次		会员简称	持卖单量	增减		
1		东证期货	6,339		-50		
2		鲁证期货	2,622		-55		
3		宏源期货	2,510		-52		
4		方正中期	2,487		37		
5		招商期货	2,209		-1		
6		浙商期货	2,096		397		
7		中信期货	2,036		95		
8		光大期货	2,013		5		
9		恒泰期货	1,810		7		
10		瑞达期货	1,802		-8		
11		国泰君安	1,028		99		
12		西南期货	731		-127		
13		华安期货	327		2		
14		华泰期货	311		16		
15		银河期货	219		12		
16		美尔雅期货	186		-1		
17		东兴期货	166		42		
18		中投期货	160		59		
19		国信期货	140		7		
20		中信建投	136		24		
总计				29,328		508		



会员类别	总成交量	增减		
期货公司会员	25,591		-7,692		

会员类别	总持买单量	增减		
期货公司会员	30,207		645		

会员类别	总持卖单量	增减		
期货公司会员	29,328		508		

