								大连商品交易所 成交量_买持仓_卖持仓排名	

合约代码：p2112		Date：2021-06-25	

			期货公司会员	

名次		会员简称	成交量		增减		
1		申银万国	7,000		7,000		
2		华闻期货	2,826		2,033		
3		国泰君安	1,756		324		
4		中信期货	1,082		356		
5		光大期货	609		-61		
6		浙商期货	566		261		
7		鲁证期货	486		-59		
8		海通期货	440		433		
9		五矿期货	434		74		
10		方正中期	400		-200		
11		浙江新世纪	320		320		
12		东海期货	261		261		
13		招商期货	251		94		
14		华西期货	221		221		
15		国贸期货	221		220		
16		宝城期货	200		200		
17		格林大华	160		160		
18		摩根大通	131		131		
19		中国国际	80		80		
20		兴证期货	37		37		
总计				17,481		11,885		

名次		会员简称	持买单量	增减		
1		中信期货	6,622		97		
2		国泰君安	4,375		-2		
3		申银万国	3,950		3,500		
4		光大期货	3,859		28		
5		国富期货	3,390		0		
6		国盛期货	2,500		0		
7		鲁证期货	1,320		1		
8		东证期货	1,210		0		
9		五矿期货	1,200		0		
10		招商期货	1,199		3		
11		浙商期货	1,117		-140		
12		中粮期货	1,102		0		
13		海通期货	815		-191		
14		华西期货	780		110		
15		华泰期货	707		3		
16		中衍期货	700		0		
17		方正中期	680		200		
18		财信期货	680		-1		
19		长江期货	670		0		
20		西部期货	630		0		
总计				37,506		3,608		

名次		会员简称	持卖单量	增减		
1		中信期货	6,633		97		
2		国泰君安	4,374		0		
3		申银万国	3,951		3,500		
4		光大期货	3,847		23		
5		国富期货	3,396		0		
6		国盛期货	2,500		0		
7		鲁证期货	1,319		1		
8		东证期货	1,251		-2		
9		五矿期货	1,200		0		
10		招商期货	1,191		0		
11		浙商期货	1,115		-140		
12		中粮期货	1,105		5		
13		海通期货	886		-135		
14		华西期货	781		111		
15		华泰期货	722		9		
16		中衍期货	700		0		
17		方正中期	680		200		
18		财信期货	680		0		
19		长江期货	670		0		
20		西部期货	620		-3		
总计				37,621		3,666		



会员类别	总成交量	增减		
期货公司会员	17,481		11,885		

会员类别	总持买单量	增减		
期货公司会员	37,506		3,608		

会员类别	总持卖单量	增减		
期货公司会员	37,621		3,666		

