								大连商品交易所 成交量_买持仓_卖持仓排名	

合约代码：c2201		Date：2021-06-25	

			期货公司会员	

名次		会员简称	成交量		增减		
1		东证期货	18,715		-13,817		
2		中信期货	10,411		-5,697		
3		华泰期货	10,207		-7,277		
4		国泰君安	6,199		-2,894		
5		国富期货	4,392		-1,980		
6		浙商期货	3,945		205		
7		光大期货	3,819		-6,390		
8		华金期货	3,397		-2,012		
9		金元期货	2,531		90		
10		申银万国	2,465		-1,511		
11		长江期货	2,075		2,009		
12		银河期货	1,854		-978		
13		中粮期货	1,824		894		
14		华闻期货	1,375		94		
15		方正中期	1,374		-838		
16		永安期货	1,313		-1,529		
17		宏源期货	1,283		-615		
18		金瑞期货	1,189		-1,174		
19		兴证期货	1,117		-319		
20		中辉期货	1,073		-1,355		
总计				80,558		-45,094		

名次		会员简称	持买单量	增减		
1		永安期货	22,273		465		
2		北京首创	20,943		134		
3		中粮期货	16,753		244		
4		南华期货	16,683		7		
5		光大期货	11,294		-411		
6		摩根大通	8,840		0		
7		中信期货	8,525		191		
8		国投安信	8,312		90		
9		东证期货	7,787		-445		
10		五矿期货	7,559		412		
11		华泰期货	6,116		-46		
12		西部期货	5,182		-13		
13		国泰君安	4,779		690		
14		华融融达	4,485		-4		
15		东兴期货	3,934		30		
16		中融汇信	3,693		333		
17		招金期货	2,909		8		
18		中辉期货	2,844		-38		
19		和合期货	2,805		44		
20		广发期货	2,257		89		
总计				167,973		1,780		

名次		会员简称	持卖单量	增减		
1		国泰君安	25,102		-179		
2		中信期货	22,939		810		
3		光大期货	18,298		-76		
4		国投安信	13,916		-119		
5		宝城期货	5,728		-8		
6		国富期货	5,612		-43		
7		华泰期货	5,130		133		
8		浙商期货	5,102		-7		
9		国贸期货	4,679		24		
10		北京首创	4,090		-1		
11		东证期货	3,891		-116		
12		中信建投	3,694		67		
13		中粮期货	3,639		406		
14		中州期货	3,514		4		
15		先锋期货	3,269		19		
16		永安期货	2,832		-34		
17		银河期货	2,502		-307		
18		招商期货	2,334		8		
19		东航期货	2,215		-34		
20		中辉期货	2,203		-73		
总计				140,689		474		



会员类别	总成交量	增减		
期货公司会员	80,558		-45,094		

会员类别	总持买单量	增减		
期货公司会员	167,973		1,780		

会员类别	总持卖单量	增减		
期货公司会员	140,689		474		

