								大连商品交易所 成交量_买持仓_卖持仓排名	

合约代码：p2110		Date：2021-06-25	

			期货公司会员	

名次		会员简称	成交量		增减		
1		东证期货	8,246		587		
2		国泰君安	7,263		2,145		
3		华安期货	5,353		1,198		
4		中信期货	3,916		985		
5		华泰期货	2,760		101		
6		鲁证期货	2,421		365		
7		锦泰期货	2,159		30		
8		创元期货	2,064		1,228		
9		浙商期货	1,960		696		
10		光大期货	1,278		-729		
11		申银万国	1,035		-203		
12		五矿期货	979		91		
13		招商期货	734		327		
14		国联期货	398		78		
15		国投安信	334		196		
16		兴证期货	316		274		
17		宏源期货	314		286		
18		格林大华	288		163		
19		财信期货	251		-20		
20		海通期货	175		116		
总计				42,244		7,914		

名次		会员简称	持买单量	增减		
1		中信期货	2,776		194		
2		国泰君安	2,728		138		
3		华泰期货	2,031		52		
4		光大期货	2,014		-29		
5		五矿期货	1,814		-1		
6		鲁证期货	1,414		-6		
7		招商期货	1,406		0		
8		新湖期货	1,195		-1		
9		国投安信	967		0		
10		浙商期货	753		-8		
11		海通期货	719		-2		
12		锦泰期货	688		-145		
13		国元期货	502		-3		
14		永安期货	426		2		
15		银河期货	411		-14		
16		东航期货	374		0		
17		东吴期货	368		-1		
18		创元期货	359		1		
19		中信建投	323		-17		
20		华闻期货	308		0		
总计				21,576		160		

名次		会员简称	持卖单量	增减		
1		国泰君安	3,012		135		
2		中信期货	2,722		200		
3		光大期货	2,016		-31		
4		华泰期货	1,938		30		
5		五矿期货	1,803		2		
6		鲁证期货	1,487		-17		
7		招商期货	1,392		-4		
8		新湖期货	1,195		0		
9		浙商期货	753		-6		
10		海通期货	717		-1		
11		国信期货	700		0		
12		锦泰期货	698		-228		
13		国元期货	500		0		
14		永安期货	420		0		
15		创元期货	393		39		
16		银河期货	392		6		
17		东航期货	353		0		
18		东吴期货	316		-3		
19		中信建投	306		-15		
20		财信期货	300		-22		
总计				21,413		85		



会员类别	总成交量	增减		
期货公司会员	42,244		7,914		

会员类别	总持买单量	增减		
期货公司会员	21,576		160		

会员类别	总持卖单量	增减		
期货公司会员	21,413		85		

