								大连商品交易所 成交量_买持仓_卖持仓排名	

合约代码：p2201		Date：2021-06-25	

			期货公司会员	

名次		会员简称	成交量		增减		
1		东证期货	20,293		-4,828		
2		中信期货	16,015		3,559		
3		华泰期货	14,353		540		
4		光大期货	10,469		2,064		
5		国泰君安	8,415		-1,439		
6		国富期货	7,395		-2,033		
7		海通期货	4,568		880		
8		华闻期货	4,560		744		
9		宏源期货	3,600		1,661		
10		申银万国	2,340		318		
11		中信建投	2,269		372		
12		南华期货	2,269		730		
13		广发期货	2,221		-1,016		
14		中辉期货	1,913		67		
15		国投安信	1,726		-86		
16		华安期货	1,710		246		
17		银河期货	1,469		653		
18		国信期货	1,394		617		
19		北京首创	1,384		1,131		
20		长江期货	1,379		1,020		
总计				109,742		5,200		

名次		会员简称	持买单量	增减		
1		国泰君安	21,866		-1,256		
2		国投安信	14,190		554		
3		摩根大通	8,535		-47		
4		国富期货	8,039		-117		
5		广发期货	7,774		785		
6		中粮期货	6,812		222		
7		英大期货	3,185		76		
8		中州期货	2,584		139		
9		国贸期货	2,251		-6		
10		银河期货	1,967		107		
11		上海中期	1,675		-29		
12		中信建投	1,427		-361		
13		国联期货	1,421		-22		
14		平安期货	1,401		9		
15		华融融达	1,056		57		
16		华泰期货	1,046		99		
17		中信期货	1,034		318		
18		宏源期货	900		511		
19		浙商期货	890		-122		
20		东证期货	879		-96		
总计				88,932		821		

名次		会员简称	持卖单量	增减		
1		银河期货	14,242		-278		
2		国泰君安	8,872		-523		
3		中信期货	7,826		597		
4		永安期货	6,638		-495		
5		国投安信	6,068		-560		
6		建信期货	5,948		-28		
7		国富期货	5,806		164		
8		东证期货	5,242		533		
9		中粮期货	3,990		122		
10		一德期货	2,771		-253		
11		中融汇信	2,434		-28		
12		海通期货	2,047		1,021		
13		国海良时	1,941		102		
14		北京首创	1,703		1,035		
15		华泰期货	1,500		-120		
16		国联期货	1,499		-5		
17		上海中期	1,390		-49		
18		华融融达	1,287		161		
19		申银万国	1,103		1		
20		宏源期货	1,097		41		
总计				83,404		1,438		



会员类别	总成交量	增减		
期货公司会员	109,742		5,200		

会员类别	总持买单量	增减		
期货公司会员	88,932		821		

会员类别	总持卖单量	增减		
期货公司会员	83,404		1,438		

