								大连商品交易所 成交量_买持仓_卖持仓排名	

合约代码：i2202		Date：2021-06-25	

			期货公司会员	

名次		会员简称	成交量		增减		
1		东证期货	4,342		2,381		
2		宏源期货	2,902		2,583		
3		倍特期货	1,600		1,597		
4		国海良时	1,210		601		
5		国泰君安	1,179		267		
6		中信期货	1,056		274		
7		海通期货	1,054		705		
8		中国国际	1,035		1,019		
9		浙商期货	772		345		
10		中财期货	750		341		
11		兴证期货	717		493		
12		弘业期货	627		-55		
13		五矿期货	614		331		
14		光大期货	594		100		
15		方正中期	578		202		
16		锦泰期货	566		-162		
17		申银万国	533		-449		
18		招商期货	515		181		
19		永安期货	511		249		
20		国富期货	415		378		
总计				21,570		11,381		

名次		会员简称	持买单量	增减		
1		申银万国	6,518		-67		
2		国泰君安	6,259		6		
3		方正中期	5,553		46		
4		弘业期货	4,555		136		
5		银河期货	4,141		-13		
6		中信期货	3,599		-8		
7		国信期货	2,740		8		
8		光大期货	2,684		-4		
9		华安期货	2,364		-4		
10		宏源期货	2,282		989		
11		物产中大	2,210		18		
12		国海良时	2,155		82		
13		冠通期货	2,022		0		
14		东航期货	1,972		6		
15		华融融达	1,894		2		
16		海证期货	1,816		-4		
17		海通期货	1,723		-8		
18		中财期货	1,641		-38		
19		浙商期货	1,631		230		
20		招商期货	1,622		-1		
总计				59,381		1,376		

名次		会员简称	持卖单量	增减		
1		申银万国	6,691		-48		
2		国泰君安	6,328		171		
3		方正中期	5,545		46		
4		弘业期货	4,574		135		
5		银河期货	4,011		-56		
6		中信期货	3,494		-4		
7		光大期货	2,800		72		
8		国信期货	2,662		7		
9		宏源期货	2,462		1,159		
10		华安期货	2,348		1		
11		浙商期货	2,309		230		
12		物产中大	2,233		23		
13		国海良时	2,141		68		
14		冠通期货	2,018		0		
15		东航期货	1,932		2		
16		华融融达	1,894		3		
17		东吴期货	1,866		242		
18		海通期货	1,728		0		
19		招商期货	1,642		2		
20		创元期货	1,631		10		
总计				60,309		2,063		



会员类别	总成交量	增减		
期货公司会员	21,570		11,381		

会员类别	总持买单量	增减		
期货公司会员	59,381		1,376		

会员类别	总持卖单量	增减		
期货公司会员	60,309		2,063		

