								大连商品交易所 成交量_买持仓_卖持仓排名	

合约代码：jm2111		Date：2021-06-25	

			期货公司会员	

名次		会员简称	成交量		增减		
1		东证期货	4,432		-48		
2		申银万国	2,494		1,057		
3		建信期货	1,568		1,471		
4		国富期货	1,180		299		
5		海通期货	985		327		
6		光大期货	784		-78		
7		国泰君安	655		56		
8		银河期货	647		-82		
9		南华期货	626		206		
10		中州期货	580		540		
11		国信期货	578		-142		
12		长安期货	560		88		
13		江西瑞奇	450		320		
14		中粮期货	405		-2		
15		国贸期货	400		400		
16		浙商期货	394		172		
17		中衍期货	370		339		
18		永安期货	339		113		
19		方正中期	337		93		
20		兴证期货	312		250		
总计				18,096		5,379		

名次		会员简称	持买单量	增减		
1		东证期货	8,512		-33		
2		国泰君安	5,140		15		
3		国富期货	5,110		325		
4		银河期货	4,167		311		
5		申银万国	4,006		-509		
6		中辉期货	2,241		-2		
7		东吴期货	2,121		10		
8		光大期货	1,613		23		
9		南华期货	1,489		44		
10		中信建投	1,465		120		
11		国投安信	1,405		-14		
12		建信期货	1,350		784		
13		鲁证期货	1,086		49		
14		平安期货	915		0		
15		方正中期	871		15		
16		中信期货	764		41		
17		国元期货	722		1		
18		长江期货	716		48		
19		宝城期货	715		0		
20		中国国际	705		-1		
总计				45,113		1,227		

名次		会员简称	持卖单量	增减		
1		东证期货	8,526		-63		
2		国富期货	5,070		321		
3		国泰君安	5,045		-4		
4		银河期货	4,067		312		
5		申银万国	3,992		-493		
6		中辉期货	2,260		14		
7		东吴期货	2,109		1		
8		鲁证期货	1,622		52		
9		光大期货	1,598		5		
10		中信建投	1,461		120		
11		南华期货	1,452		40		
12		建信期货	1,350		784		
13		国投安信	1,308		0		
14		中信期货	897		13		
15		方正中期	871		16		
16		国元期货	722		-4		
17		中国国际	705		1		
18		长江期货	704		51		
19		国贸期货	701		200		
20		宝城期货	700		0		
总计				45,160		1,366		



会员类别	总成交量	增减		
期货公司会员	18,096		5,379		

会员类别	总持买单量	增减		
期货公司会员	45,113		1,227		

会员类别	总持卖单量	增减		
期货公司会员	45,160		1,366		

