								大连商品交易所 成交量_买持仓_卖持仓排名	

合约代码：pg2108		Date：2021-06-25	

			期货公司会员	

名次		会员简称	成交量		增减		
1		东证期货	19,902		5,238		
2		华泰期货	18,615		4,196		
3		国富期货	10,171		3,605		
4		中信期货	7,862		3,063		
5		光大期货	7,031		1,086		
6		国泰君安	6,595		1,033		
7		华闻期货	6,318		3,794		
8		银河期货	5,965		1,785		
9		海通期货	5,785		2,113		
10		申银万国	5,191		1,056		
11		方正中期	4,917		1,220		
12		徽商期货	4,739		565		
13		华安期货	4,406		917		
14		国投安信	3,716		2,083		
15		招商期货	3,688		770		
16		中辉期货	3,503		1,136		
17		东吴期货	3,127		762		
18		安粮期货	2,777		718		
19		浙商期货	2,382		757		
20		瑞达期货	2,147		614		
总计				128,837		36,511		

名次		会员简称	持买单量	增减		
1		中信期货	8,948		734		
2		东证期货	5,220		-369		
3		兴证期货	3,998		-43		
4		招商期货	3,768		85		
5		申银万国	3,161		258		
6		国泰君安	2,854		-14		
7		方正中期	2,603		206		
8		浙商期货	2,407		2		
9		华泰期货	2,392		261		
10		五矿期货	2,352		17		
11		中信建投	2,248		-12		
12		永安期货	2,143		-279		
13		瑞达期货	1,543		-486		
14		长江期货	1,507		-50		
15		宏源期货	1,444		123		
16		光大期货	1,393		148		
17		银河期货	1,124		187		
18		东吴期货	1,060		144		
19		鲁证期货	953		101		
20		中辉期货	938		-36		
总计				52,056		977		

名次		会员简称	持卖单量	增减		
1		中信期货	8,562		-644		
2		东证期货	4,775		121		
3		方正中期	4,495		591		
4		国泰君安	4,305		375		
5		招商期货	3,490		31		
6		申银万国	3,198		241		
7		长江期货	2,956		-36		
8		永安期货	2,796		124		
9		银河期货	2,688		254		
10		兴证期货	2,421		-21		
11		五矿期货	2,326		15		
12		浙商期货	2,309		74		
13		中信建投	2,290		-6		
14		徽商期货	1,984		127		
15		瑞达期货	1,346		151		
16		华泰期货	1,231		-504		
17		东海期货	1,011		75		
18		东吴期货	939		81		
19		光大期货	896		-151		
20		中辉期货	882		17		
总计				54,900		915		



会员类别	总成交量	增减		
期货公司会员	128,837		36,511		

会员类别	总持买单量	增减		
期货公司会员	52,056		977		

会员类别	总持卖单量	增减		
期货公司会员	54,900		915		

