								大连商品交易所 成交量_买持仓_卖持仓排名	

合约代码：pp2109		Date：2021-06-25	

			期货公司会员	

名次		会员简称	成交量		增减		
1		东证期货	176,740		53,760		
2		国投安信	161,027		17,780		
3		中信期货	148,200		44,148		
4		国泰君安	87,859		30,055		
5		海通期货	77,419		18,887		
6		国富期货	61,189		15,845		
7		华泰期货	39,544		10,323		
8		银河期货	38,701		8,207		
9		华闻期货	29,372		4,491		
10		宏源期货	28,423		10,536		
11		新湖期货	28,409		7,174		
12		徽商期货	27,722		6,635		
13		申银万国	25,538		7,590		
14		光大期货	25,154		10,426		
15		永安期货	24,869		2,307		
16		方正中期	22,863		7,153		
17		兴证期货	22,370		8,640		
18		华安期货	21,974		8,925		
19		华西期货	21,367		3,424		
20		东吴期货	21,367		8,797		
总计				1,090,107	285,103		

名次		会员简称	持买单量	增减		
1		永安期货	45,625		-1,654		
2		中信期货	42,620		3,246		
3		国泰君安	23,326		3,107		
4		华泰期货	23,093		400		
5		东证期货	13,933		1,234		
6		海通期货	12,595		1,148		
7		国海良时	11,426		66		
8		国投安信	9,463		343		
9		中投期货	8,173		1,111		
10		兴证期货	7,831		1,221		
11		中粮期货	7,009		232		
12		南华期货	6,746		382		
13		银河期货	6,379		-610		
14		华安期货	6,075		-275		
15		方正中期	6,040		-74		
16		光大期货	5,836		297		
17		东吴期货	5,768		876		
18		弘业期货	5,657		-104		
19		宏源期货	5,498		593		
20		鲁证期货	5,409		556		
总计				258,502		12,095		

名次		会员简称	持卖单量	增减		
1		永安期货	30,331		3,075		
2		国泰君安	23,716		1,326		
3		中信期货	21,395		-1,078		
4		银河期货	20,236		1,687		
5		华泰期货	20,008		-358		
6		浙商期货	13,446		952		
7		国投安信	13,271		-534		
8		方正中期	12,614		397		
9		天风期货	12,189		846		
10		国海良时	11,479		961		
11		光大期货	10,416		1,321		
12		南华期货	9,960		682		
13		长江期货	8,882		436		
14		申银万国	7,964		600		
15		新湖期货	7,868		1,056		
16		中信建投	7,767		857		
17		东证期货	7,036		-162		
18		海通期货	7,008		1,049		
19		国贸期货	6,684		-883		
20		瑞达期货	6,226		1,134		
总计				258,496		13,364		



会员类别	总成交量	增减		
期货公司会员	1,090,107	285,103		

会员类别	总持买单量	增减		
期货公司会员	258,502		12,095		

会员类别	总持卖单量	增减		
期货公司会员	258,496		13,364		

