								大连商品交易所 成交量_买持仓_卖持仓排名	

合约代码：b2109		Date：2021-06-25	

			期货公司会员	

名次		会员简称	成交量		增减		
1		海通期货	5,307		224		
2		国富期货	2,838		-239		
3		光大期货	1,792		-171		
4		国泰君安	1,544		-506		
5		广发期货	1,293		437		
6		南华期货	1,285		-646		
7		弘业期货	1,142		-471		
8		华闻期货	1,087		-720		
9		中信期货	1,022		190		
10		五矿期货	1,022		-241		
11		方正中期	992		-200		
12		国投安信	577		-384		
13		徽商期货	490		74		
14		银河期货	443		284		
15		国海良时	412		-122		
16		中信建投	375		-87		
17		东证期货	359		-19		
18		东海期货	356		114		
19		北京首创	289		267		
20		锦泰期货	287		59		
总计				22,912		-2,157		

名次		会员简称	持买单量	增减		
1		国投安信	1,523		4		
2		东海期货	1,407		86		
3		五矿期货	1,025		151		
4		光大期货	964		107		
5		广发期货	633		473		
6		南华期货	618		1		
7		国泰君安	533		-7		
8		国海良时	492		-6		
9		海通期货	467		-24		
10		弘业期货	428		0		
11		美尔雅期货	420		48		
12		国富期货	410		-58		
13		方正中期	389		8		
14		福能期货	377		-2		
15		中辉期货	350		15		
16		华泰期货	330		-35		
17		摩根大通	267		0		
18		海证期货	203		-9		
19		鑫鼎盛期货	159		-3		
20		创元期货	146		-5		
总计				11,141		744		

名次		会员简称	持卖单量	增减		
1		银河期货	1,560		225		
2		国投安信	1,505		1		
3		东海期货	1,408		88		
4		中粮期货	1,102		0		
5		光大期货	1,097		45		
6		五矿期货	924		129		
7		国泰君安	811		-17		
8		天风期货	700		200		
9		北京首创	514		183		
10		国海良时	467		-16		
11		方正中期	445		8		
12		南华期货	431		-2		
13		弘业期货	423		2		
14		海通期货	415		3		
15		先锋期货	267		2		
16		国富期货	260		-10		
17		创元期货	259		-54		
18		华泰期货	177		14		
19		华安期货	128		4		
20		建信期货	111		0		
总计				13,004		805		



会员类别	总成交量	增减		
期货公司会员	22,912		-2,157		

会员类别	总持买单量	增减		
期货公司会员	11,141		744		

会员类别	总持卖单量	增减		
期货公司会员	13,004		805		

