								大连商品交易所 成交量_买持仓_卖持仓排名	

合约代码：pg2109		Date：2021-06-25	

			期货公司会员	

名次		会员简称	成交量		增减		
1		东证期货	5,364		2,403		
2		华泰期货	4,361		1,492		
3		中信期货	2,481		1,371		
4		国信期货	1,394		984		
5		招商期货	1,293		397		
6		浙商期货	1,168		500		
7		国富期货	1,123		402		
8		申银万国	1,100		423		
9		瑞达期货	924		652		
10		光大期货	887		199		
11		永安期货	860		649		
12		兴证期货	809		346		
13		中衍期货	723		338		
14		徽商期货	691		193		
15		华闻期货	626		-14		
16		方正中期	579		232		
17		中信建投	543		78		
18		海通期货	538		139		
19		长江期货	527		-24		
20		东吴期货	397		254		
总计				26,388		11,014		

名次		会员简称	持买单量	增减		
1		中信期货	2,669		578		
2		招商期货	1,732		160		
3		永安期货	1,307		-181		
4		国泰君安	1,242		-88		
5		东证期货	1,048		-164		
6		中信建投	940		30		
7		瑞达期货	873		519		
8		方正中期	824		0		
9		五矿期货	823		12		
10		申银万国	766		153		
11		兴证期货	486		-16		
12		弘业期货	417		0		
13		长江期货	355		-9		
14		浙商期货	349		-3		
15		华泰期货	327		-8		
16		上海东亚	300		0		
17		新湖期货	220		0		
18		东吴期货	196		166		
19		锦泰期货	190		0		
20		华融融达	175		0		
总计				15,239		1,149		

名次		会员简称	持卖单量	增减		
1		中信期货	3,221		753		
2		招商期货	1,689		73		
3		方正中期	1,184		49		
4		东证期货	1,129		-20		
5		永安期货	976		113		
6		中信建投	890		17		
7		五矿期货	790		-8		
8		浙商期货	648		65		
9		申银万国	595		169		
10		兴证期货	529		13		
11		瑞达期货	440		37		
12		长江期货	406		6		
13		华泰期货	309		-1		
14		南华期货	287		7		
15		东方财富	221		16		
16		银河期货	204		15		
17		锦泰期货	193		0		
18		广发期货	181		35		
19		徽商期货	179		33		
20		国泰君安	169		61		
总计				14,240		1,433		



会员类别	总成交量	增减		
期货公司会员	26,388		11,014		

会员类别	总持买单量	增减		
期货公司会员	15,239		1,149		

会员类别	总持卖单量	增减		
期货公司会员	14,240		1,433		

