								大连商品交易所 成交量_买持仓_卖持仓排名	

合约代码：m2103		Date：2020-10-22	

			期货公司会员	

名次		会员简称	成交量		增减		
1		华闻期货	9,614		-7,354		
2		方正中期	8,847		-5,258		
3		申银万国	5,056		-3,969		
4		鲁证期货	4,301		-1,458		
5		海通期货	3,902		-6,596		
6		弘业期货	3,508		-1,095		
7		国海良时	3,393		-1,958		
8		锦泰期货	2,944		-246		
9		徽商期货	2,630		1,302		
10		招商期货	2,481		-1,134		
11		中粮期货	2,473		-3,631		
12		华安期货	2,370		-1,086		
13		新湖期货	2,245		-775		
14		五矿经易	2,228		-2,034		
15		浙商期货	2,064		-1,372		
16		国投安信	2,035		-2,107		
17		中信期货	1,938		909		
18		南华期货	1,773		-3,654		
19		上海大陆	1,671		-1,378		
20		格林大华	1,616		-3,491		
总计				67,089		-46,385		

名次		会员简称	持买单量	增减		
1		海通期货	2,939		284		
2		永安期货	2,555		-558		
3		中粮期货	2,181		315		
4		南华期货	1,774		-85		
5		国投安信	1,317		95		
6		招商期货	1,150		110		
7		浙商期货	1,148		810		
8		五矿经易	1,078		7		
9		美尔雅期货	1,045		-177		
10		鲁证期货	871		-1		
11		宏源期货	869		-40		
12		华融融达	820		0		
13		瑞达期货	785		0		
14		上海中期	777		-29		
15		天风期货	758		2		
16		格林大华	670		0		
17		国泰君安	668		-16		
18		广发期货	661		4		
19		北京金鹏	660		0		
20		招金期货	655		433		
总计				23,381		1,154		

名次		会员简称	持卖单量	增减		
1		国泰君安	4,483		70		
2		中粮期货	4,399		176		
3		中信期货	3,758		167		
4		海通期货	2,522		0		
5		国投安信	1,963		158		
6		南华期货	1,813		40		
7		方正中期	1,574		-24		
8		摩根大通	1,568		0		
9		金瑞期货	1,002		2		
10		广发期货	964		-2		
11		招商期货	959		81		
12		弘业期货	858		41		
13		鲁证期货	787		56		
14		东吴期货	739		2		
15		五矿经易	637		3		
16		徽商期货	594		19		
17		华安期货	517		-416		
18		一德期货	500		125		
19		格林大华	466		0		
20		浙商期货	430		16		
总计				30,533		514		



会员类别	总成交量	增减		
期货公司会员	67,089		-46,385		

会员类别	总持买单量	增减		
期货公司会员	23,381		1,154		

会员类别	总持卖单量	增减		
期货公司会员	30,533		514		

