								大连商品交易所 成交量_买持仓_卖持仓排名	

合约代码：eg2102		Date：2020-10-22	

			期货公司会员	

名次		会员简称	成交量		增减		
1		东证期货	17,960		-17,852		
2		方正中期	7,004		-530		
3		华闻期货	4,330		-4,037		
4		华西期货	3,892		-3,263		
5		东海期货	2,996		-942		
6		安粮期货	2,961		592		
7		申银万国	2,212		-2,158		
8		招商期货	2,116		-2,319		
9		海通期货	2,010		-1,803		
10		冠通期货	1,948		-1,412		
11		国投安信	1,942		-1,446		
12		光大期货	1,328		-449		
13		五矿经易	1,266		-2,138		
14		国富期货	1,248		-878		
15		中粮期货	1,193		-687		
16		格林大华	1,174		-1,852		
17		中信期货	1,110		-1,863		
18		金瑞期货	922		-350		
19		东吴期货	726		-594		
20		华泰期货	703		-109		
总计				59,041		-44,090		

名次		会员简称	持买单量	增减		
1		申银万国	2,362		31		
2		国投安信	2,067		14		
3		东证期货	1,561		8		
4		招商期货	1,213		-2		
5		五矿经易	892		0		
6		中粮期货	659		-26		
7		创元期货	557		1		
8		冠通期货	415		-131		
9		中信期货	405		-38		
10		方正中期	278		5		
11		安粮期货	252		245		
12		南华期货	156		-1		
13		徽商期货	146		-20		
14		国富期货	53		-1		
15		上海大陆	50		5		
16		海证期货	46		16		
17		国金期货	44		0		
18		浙商期货	38		1		
19		华安期货	34		26		
20		华闻期货	32		15		
总计				11,260		148		

名次		会员简称	持卖单量	增减		
1		申银万国	2,311		-3		
2		国投安信	2,107		6		
3		东证期货	1,547		32		
4		招商期货	1,192		-4		
5		五矿经易	892		0		
6		中粮期货	659		5		
7		创元期货	520		-15		
8		中信期货	412		6		
9		北京首创	294		42		
10		冠通期货	278		-175		
11		安粮期货	254		242		
12		方正中期	219		5		
13		金瑞期货	178		159		
14		徽商期货	125		25		
15		天风期货	101		-250		
16		鲁证期货	90		90		
17		锦泰期货	69		-6		
18		国泰君安	66		4		
19		国富期货	43		-1		
20		华泰期货	38		34		
总计				11,395		196		



会员类别	总成交量	增减		
期货公司会员	59,041		-44,090		

会员类别	总持买单量	增减		
期货公司会员	11,260		148		

会员类别	总持卖单量	增减		
期货公司会员	11,395		196		

