								大连商品交易所 成交量_买持仓_卖持仓排名	

合约代码：p2101		Date：2020-10-22	

			期货公司会员	

名次		会员简称	成交量		增减		
1		东证期货	332,563		-38,812		
2		光大期货	184,475		19,912		
3		国富期货	144,538		14,343		
4		国泰君安	120,594		-51,856		
5		中信期货	97,032		-670		
6		申银万国	78,935		-1,195		
7		华西期货	61,942		14,615		
8		海通期货	59,334		4,745		
9		银河期货	58,363		6,937		
10		华安期货	45,766		1,494		
11		徽商期货	45,270		6,026		
12		方正中期	44,180		3,503		
13		华闻期货	39,272		6,215		
14		华泰期货	36,636		-134		
15		东方财富	31,248		854		
16		永安期货	28,971		11,253		
17		新湖期货	28,099		8,890		
18		兴证期货	27,663		1,477		
19		国元期货	26,345		3,046		
20		宏源期货	24,678		-2,712		
总计				1,515,904	7,931		

名次		会员简称	持买单量	增减		
1		银河期货	22,070		1,706		
2		浙商期货	18,384		-425		
3		中粮期货	17,136		4,151		
4		海通期货	15,554		3,477		
5		中信期货	14,701		1,945		
6		永安期货	13,272		550		
7		五矿经易	13,189		1,106		
8		天风期货	12,783		-83		
9		国投安信	11,144		-1,150		
10		一德期货	10,535		590		
11		国泰君安	10,341		-293		
12		光大期货	9,953		-181		
13		东证期货	9,511		1,461		
14		方正中期	8,685		-666		
15		大越期货	7,572		-16		
16		兴证期货	6,823		902		
17		广发期货	6,697		-193		
18		徽商期货	6,262		1,098		
19		华泰期货	5,953		1,568		
20		大地期货	5,748		-135		
总计				226,313		15,412		

名次		会员简称	持卖单量	增减		
1		中粮期货	36,000		-858		
2		国投安信	31,980		1,234		
3		国富期货	18,812		2,652		
4		国贸期货	17,330		212		
5		一德期货	17,159		4,189		
6		中信期货	15,932		-1,675		
7		永安期货	15,382		627		
8		银河期货	13,760		-1,931		
9		海通期货	13,116		915		
10		东证期货	12,149		-2,928		
11		弘业期货	9,000		424		
12		中天期货	6,971		10		
13		国泰君安	6,844		1,693		
14		广发期货	6,723		-4,701		
15		华融融达	6,022		365		
16		中融汇信	5,666		3,220		
17		中信建投	5,379		-71		
18		华安期货	5,287		1,187		
19		华泰期货	4,876		-1,118		
20		申银万国	4,527		241		
总计				252,915		3,687		



会员类别	总成交量	增减		
期货公司会员	1,515,904	7,931		

会员类别	总持买单量	增减		
期货公司会员	226,313		15,412		

会员类别	总持卖单量	增减		
期货公司会员	252,915		3,687		

