								大连商品交易所 成交量_买持仓_卖持仓排名	

合约代码：m2105		Date：2020-10-22	

			期货公司会员	

名次		会员简称	成交量		增减		
1		东证期货	186,657		-38,227		
2		国泰君安	46,695		-13,297		
3		光大期货	39,549		-5,630		
4		中信期货	36,738		-15		
5		银河期货	32,647		11,010		
6		新湖期货	32,207		14,013		
7		华泰期货	27,306		-2,195		
8		国投安信	25,978		1,175		
9		海通期货	25,151		-1,866		
10		永安期货	23,627		-2,432		
11		国富期货	22,387		3,866		
12		中粮期货	18,499		-6,356		
13		美尔雅期货	17,742		12,091		
14		宏源期货	15,652		1,750		
15		华安期货	13,772		2,443		
16		东海期货	12,781		2,730		
17		一德期货	11,525		-2,924		
18		安粮期货	10,999		-4,909		
19		金瑞期货	10,759		-1,857		
20		兴证期货	10,747		-3,782		
总计				621,418		-34,412		

名次		会员简称	持买单量	增减		
1		五矿经易	88,438		928		
2		永安期货	86,742		-7,662		
3		银河期货	41,150		14,646		
4		宏源期货	37,145		-2,226		
5		浙商期货	35,463		209		
6		光大期货	30,688		2,557		
7		东证期货	30,069		-1,340		
8		国投安信	29,842		-1,395		
9		东吴期货	29,841		898		
10		一德期货	26,940		12		
11		国泰君安	25,698		-154		
12		中粮期货	25,353		386		
13		大地期货	23,642		-733		
14		国富期货	22,719		484		
15		申银万国	20,734		-593		
16		海通期货	20,471		-465		
17		摩根大通	19,922		998		
18		华泰期货	19,217		-2,766		
19		中信期货	16,526		-3,099		
20		方正中期	16,143		-104		
总计				646,743		581		

名次		会员简称	持卖单量	增减		
1		中粮期货	324,620		627		
2		国投安信	184,493		847		
3		银河期货	95,272		5,325		
4		广发期货	55,459		125		
5		中信期货	40,449		1,131		
6		国泰君安	32,914		1,009		
7		海通期货	31,518		1,212		
8		新湖期货	28,686		46		
9		南华期货	27,692		-206		
10		鲁证期货	26,744		-3,098		
11		渤海期货	26,621		0		
12		一德期货	25,959		453		
13		永安期货	24,051		507		
14		北京首创	20,592		102		
15		摩根大通	19,191		551		
16		平安期货	17,768		-1,969		
17		五矿经易	14,020		59		
18		建信期货	13,588		242		
19		宏源期货	13,349		1,954		
20		冠通期货	10,530		42		
总计				1,033,516	8,959		



会员类别	总成交量	增减		
期货公司会员	621,418		-34,412		

会员类别	总持买单量	增减		
期货公司会员	646,743		581		

会员类别	总持卖单量	增减		
期货公司会员	1,033,516	8,959		

