								大连商品交易所 成交量_买持仓_卖持仓排名	

合约代码：jm2101		Date：2020-10-22	

			期货公司会员	

名次		会员简称	成交量		增减		
1		东证期货	32,787		11,860		
2		中辉期货	9,821		5,334		
3		申银万国	9,512		4,112		
4		光大期货	9,125		4,530		
5		国泰君安	8,691		2,746		
6		国富期货	7,663		4,110		
7		华泰期货	5,361		2,279		
8		兴证期货	4,900		3,350		
9		中信期货	4,866		1,514		
10		徽商期货	4,259		2,278		
11		鲁证期货	4,150		3,169		
12		迈科期货	4,022		343		
13		银河期货	3,933		2,606		
14		海通期货	3,707		990		
15		华安期货	3,509		2,418		
16		方正中期	3,462		2,027		
17		中粮期货	3,163		2,545		
18		永安期货	3,129		2,498		
19		东方财富	2,787		1,927		
20		中信建投	2,648		1,418		
总计				131,495		62,054		

名次		会员简称	持买单量	增减		
1		中信期货	13,417		-267		
2		东证期货	13,349		5,702		
3		华泰期货	5,239		326		
4		国泰君安	4,713		446		
5		永安期货	3,935		498		
6		国富期货	3,542		2,495		
7		兴证期货	3,244		714		
8		海通期货	2,927		53		
9		中辉期货	2,924		-87		
10		鲁证期货	2,890		96		
11		国贸期货	2,719		1,790		
12		中信建投	2,691		-488		
13		上海东亚	2,081		89		
14		国投安信	2,044		130		
15		申银万国	1,882		46		
16		光大期货	1,703		-54		
17		东航期货	1,680		224		
18		中粮期货	1,600		-522		
19		迈科期货	1,540		247		
20		银河期货	1,502		-57		
总计				75,622		11,381		

名次		会员简称	持卖单量	增减		
1		东证期货	11,122		4,245		
2		申银万国	9,086		1,810		
3		银河期货	7,387		-54		
4		一德期货	7,165		220		
5		平安期货	5,390		766		
6		永安期货	4,697		245		
7		鲁证期货	4,349		528		
8		中信期货	4,290		537		
9		国泰君安	3,820		227		
10		国富期货	3,714		2,240		
11		中辉期货	3,677		-1,246		
12		冠通期货	2,289		314		
13		中粮期货	2,217		409		
14		兴证期货	2,069		702		
15		中信建投	1,894		-70		
16		迈科期货	1,558		105		
17		英大期货	1,534		-211		
18		华泰期货	1,482		449		
19		国联期货	1,433		-672		
20		长江期货	1,416		24		
总计				80,589		10,568		



会员类别	总成交量	增减		
期货公司会员	131,495		62,054		

会员类别	总持买单量	增减		
期货公司会员	75,622		11,381		

会员类别	总持卖单量	增减		
期货公司会员	80,589		10,568		

