								大连商品交易所 成交量_买持仓_卖持仓排名	

合约代码：c2105		Date：2020-10-22	

			期货公司会员	

名次		会员简称	成交量		增减		
1		华泰期货	43,143		-26,484		
2		东证期货	36,199		-24,233		
3		光大期货	19,071		-13,904		
4		中信期货	15,196		-15,598		
5		南华期货	9,855		-1,549		
6		国泰君安	9,831		-18,595		
7		银河期货	8,934		-1,347		
8		永安期货	8,346		-12,217		
9		建信期货	6,016		2,201		
10		宏源期货	5,548		-5,717		
11		五矿经易	5,325		-4,527		
12		浙商期货	4,837		-3,637		
13		兴证期货	4,670		-5,130		
14		华安期货	4,167		-2,050		
15		国富期货	4,124		-2,772		
16		海通期货	4,009		-2,669		
17		徽商期货	3,925		-9,024		
18		长江期货	3,911		-2,866		
19		东海期货	3,857		-11,195		
20		安粮期货	3,628		-7,708		
总计				204,592		-169,021	

名次		会员简称	持买单量	增减		
1		国泰君安	50,407		373		
2		鲁证期货	40,105		264		
3		光大期货	26,535		494		
4		中信期货	24,496		1,899		
5		海证期货	21,938		65		
6		中州期货	21,262		1,125		
7		一德期货	21,254		-269		
8		永安期货	20,920		331		
9		安粮期货	18,029		-67		
10		中信建投	17,875		-537		
11		华安期货	16,422		-89		
12		中粮期货	15,724		950		
13		建信期货	14,867		-671		
14		华融融达	14,651		181		
15		金瑞期货	12,434		100		
16		中辉期货	11,184		34		
17		国富期货	9,562		84		
18		混沌天成	9,272		19		
19		国盛期货	9,235		-1		
20		东吴期货	8,285		-161		
总计				384,457		4,124		

名次		会员简称	持卖单量	增减		
1		南华期货	69,813		7,222		
2		中粮期货	69,678		14		
3		永安期货	42,572		251		
4		光大期货	34,174		409		
5		中信期货	26,560		-403		
6		金瑞期货	22,647		-37		
7		华融融达	22,293		-3		
8		东证期货	22,230		215		
9		浙商期货	18,638		-62		
10		海证期货	17,768		-978		
11		五矿经易	14,891		-1,418		
12		中金期货	14,686		0		
13		摩根大通	12,671		0		
14		华泰期货	11,943		-198		
15		国投安信	11,790		-402		
16		中辉期货	8,000		221		
17		国泰君安	7,863		1,340		
18		徽商期货	6,275		-204		
19		华安期货	4,656		-278		
20		北京首创	4,398		52		
总计				443,546		5,741		



会员类别	总成交量	增减		
期货公司会员	204,592		-169,021	

会员类别	总持买单量	增减		
期货公司会员	384,457		4,124		

会员类别	总持卖单量	增减		
期货公司会员	443,546		5,741		

