								大连商品交易所 成交量_买持仓_卖持仓排名	

合约代码：y2101		Date：2020-10-22	

			期货公司会员	

名次		会员简称	成交量		增减		
1		东证期货	293,386		24,177		
2		光大期货	143,980		15,493		
3		中信期货	113,650		18,006		
4		国富期货	111,748		26,616		
5		国泰君安	82,358		3,322		
6		兴证期货	74,283		-13,806		
7		海通期货	64,438		21,102		
8		申银万国	59,816		8,419		
9		方正中期	36,670		3,377		
10		银河期货	34,444		14,383		
11		华泰期货	31,999		3,885		
12		格林大华	30,116		-3,956		
13		宏源期货	26,475		2,305		
14		华安期货	24,308		5,162		
15		广发期货	23,794		12,423		
16		五矿经易	23,283		13,754		
17		徽商期货	22,858		4,278		
18		国元期货	22,098		6,591		
19		华西期货	21,064		4,739		
20		国投安信	20,918		8,563		
总计				1,261,686	178,833		

名次		会员简称	持买单量	增减		
1		永安期货	52,753		3,827		
2		一德期货	28,764		45		
3		银河期货	27,296		1,883		
4		五矿经易	24,748		-10,040		
5		浙商期货	21,148		412		
6		国泰君安	16,925		1,177		
7		华泰期货	16,706		1,772		
8		大越期货	16,666		103		
9		广发期货	16,441		-47		
10		中信期货	15,869		2,990		
11		天风期货	14,602		434		
12		国投安信	14,321		1,298		
13		大地期货	14,211		141		
14		东证期货	13,027		3,020		
15		中粮期货	12,995		1,064		
16		南华期货	12,042		903		
17		海通期货	9,822		1,201		
18		美尔雅期货	9,034		430		
19		国富期货	8,809		1,199		
20		中天期货	8,437		197		
总计				354,616		12,009		

名次		会员简称	持卖单量	增减		
1		中粮期货	102,838		3,048		
2		国投安信	61,219		2,358		
3		国泰君安	35,576		1,123		
4		中信期货	26,551		160		
5		广发期货	23,000		4,387		
6		永安期货	22,246		511		
7		摩根大通	18,999		-40		
8		银河期货	16,742		-151		
9		信达期货	15,961		-5,453		
10		鲁证期货	13,583		4,383		
11		海通期货	12,524		885		
12		一德期货	10,760		469		
13		南华期货	8,185		25		
14		新湖期货	7,659		2,333		
15		平安期货	7,008		1,227		
16		浙商期货	5,999		879		
17		东证期货	5,571		-558		
18		五矿经易	5,265		485		
19		国元期货	5,095		1,018		
20		华泰期货	5,090		-491		
总计				409,871		16,598		



会员类别	总成交量	增减		
期货公司会员	1,261,686	178,833		

会员类别	总持买单量	增减		
期货公司会员	354,616		12,009		

会员类别	总持卖单量	增减		
期货公司会员	409,871		16,598		

