								大连商品交易所 成交量_买持仓_卖持仓排名	

合约代码：jd2012		Date：2020-10-22	

			期货公司会员	

名次		会员简称	成交量		增减		
1		东证期货	10,216		-3,940		
2		宏源期货	3,761		-632		
3		中粮期货	3,513		-2,234		
4		南华期货	3,396		-590		
5		国泰君安	2,666		-1,365		
6		招金期货	2,563		1,567		
7		鲁证期货	2,542		-914		
8		华安期货	2,362		-365		
9		徽商期货	2,296		-2,566		
10		瑞达期货	2,050		-380		
11		申银万国	1,542		-819		
12		先锋期货	1,293		-51		
13		中信建投	1,228		-634		
14		方正中期	1,202		-801		
15		中信期货	1,193		-801		
16		光大期货	1,188		-357		
17		中辉期货	1,174		91		
18		格林大华	1,082		481		
19		弘业期货	1,038		-167		
20		中州期货	1,037		-546		
总计				47,342		-15,023		

名次		会员简称	持买单量	增减		
1		福能期货	5,876		-55		
2		鲁证期货	2,667		-39		
3		中信期货	2,431		11		
4		汇鑫期货	2,267		-2		
5		方正中期	2,043		-131		
6		海证期货	1,803		-5		
7		宏源期货	1,649		-99		
8		徽商期货	1,353		136		
9		中辉期货	1,318		15		
10		华泰期货	1,190		-106		
11		永安期货	1,083		-11		
12		中信建投	1,073		169		
13		广发期货	989		17		
14		华安期货	967		30		
15		国泰君安	842		-34		
16		上海大陆	833		24		
17		南华期货	811		13		
18		东兴期货	800		7		
19		中粮期货	787		-25		
20		弘业期货	742		-139		
总计				31,524		-224		

名次		会员简称	持卖单量	增减		
1		徽商期货	4,572		-314		
2		方正中期	4,161		167		
3		中信建投	2,366		-127		
4		宏源期货	1,982		356		
5		华安期货	1,852		-32		
6		海通期货	1,615		3		
7		长江期货	1,601		49		
8		华融融达	1,591		-89		
9		国泰君安	1,585		1,040		
10		中信期货	1,567		-32		
11		鲁证期货	1,509		1		
12		东证期货	1,491		-5		
13		先锋期货	1,289		-185		
14		弘业期货	1,104		377		
15		招金期货	1,086		-1,052		
16		中州期货	981		810		
17		光大期货	838		110		
18		北京首创	767		-12		
19		中粮期货	757		-712		
20		中辉期货	732		-81		
总计				33,446		272		



会员类别	总成交量	增减		
期货公司会员	47,342		-15,023		

会员类别	总持买单量	增减		
期货公司会员	31,524		-224		

会员类别	总持卖单量	增减		
期货公司会员	33,446		272		

