								大连商品交易所 成交量_买持仓_卖持仓排名	

合约代码：m2101		Date：2020-10-22	

			期货公司会员	

名次		会员简称	成交量		增减		
1		东证期货	574,646		-79,741		
2		国泰君安	280,837		-78,214		
3		华泰期货	90,155		18,306		
4		海通期货	80,663		6,967		
5		中信期货	75,720		-18,109		
6		格林大华	68,779		17,679		
7		国富期货	54,980		-4,258		
8		永安期货	53,780		-5,295		
9		方正中期	53,635		-17,967		
10		申银万国	52,230		-18,739		
11		华西期货	51,971		-8,632		
12		五矿经易	45,172		-11,234		
13		银河期货	42,630		-19,176		
14		国投安信	33,550		-1,564		
15		徽商期货	31,341		-4,892		
16		中粮期货	31,258		-578		
17		冠通期货	28,830		8,806		
18		光大期货	28,338		2,456		
19		安粮期货	27,218		1,031		
20		兴证期货	25,619		13,932		
总计				1,731,352	-199,222	

名次		会员简称	持买单量	增减		
1		永安期货	180,375		5,811		
2		五矿经易	85,341		-14,553		
3		中粮期货	74,925		-2,548		
4		一德期货	58,103		1,429		
5		中信期货	56,479		1,373		
6		国投安信	56,092		1,982		
7		申银万国	35,862		-4,254		
8		华泰期货	34,829		2,475		
9		摩根大通	33,896		1,126		
10		南华期货	33,207		980		
11		海通期货	31,910		5,757		
12		国泰君安	31,651		-789		
13		浙商期货	26,728		2,968		
14		瑞达期货	26,300		918		
15		东证期货	25,869		1,149		
16		中信建投	25,055		-2,108		
17		广发期货	20,441		919		
18		深圳金汇	19,323		-40		
19		宏源期货	19,316		-638		
20		兴证期货	18,569		1,445		
总计				894,271		3,402		

名次		会员简称	持卖单量	增减		
1		国投安信	163,172		-578		
2		中粮期货	137,460		798		
3		国泰君安	79,753		3,900		
4		摩根大通	79,553		239		
5		银河期货	73,912		-3,795		
6		中信期货	67,764		-1,570		
7		鲁证期货	48,705		1,086		
8		南华期货	44,090		-311		
9		平安期货	41,353		-303		
10		新湖期货	40,688		-728		
11		海通期货	38,762		2,473		
12		东证期货	36,071		-79		
13		一德期货	35,533		-2,237		
14		民生期货	29,045		-12		
15		建信期货	26,362		-295		
16		广发期货	22,469		-1,731		
17		永安期货	21,348		-1,095		
18		美尔雅期货	19,432		-536		
19		北京金鹏	17,554		-234		
20		北京首创	16,502		5,295		
总计				1,039,528	287		



会员类别	总成交量	增减		
期货公司会员	1,731,352	-199,222	

会员类别	总持买单量	增减		
期货公司会员	894,271		3,402		

会员类别	总持卖单量	增减		
期货公司会员	1,039,528	287		

