								大连商品交易所 成交量_买持仓_卖持仓排名	

合约代码：v2101		Date：2020-10-22	

			期货公司会员	

名次		会员简称	成交量		增减		
1		东证期货	68,754		-9,448		
2		兴证期货	20,999		-3,243		
3		国富期货	16,496		-1,710		
4		华金期货	15,019		-6,566		
5		国泰君安	8,987		-3,673		
6		永安期货	6,731		-5,772		
7		中信期货	6,574		192		
8		华泰期货	6,564		-182		
9		中辉期货	6,407		1,031		
10		银河期货	5,084		-2,364		
11		广发期货	4,316		1,482		
12		申银万国	4,259		-4,620		
13		海通期货	4,137		-1,008		
14		东吴期货	3,077		-188		
15		国信期货	2,990		-1,546		
16		国投安信	2,964		814		
17		徽商期货	2,601		-2,541		
18		大地期货	2,587		-2,049		
19		中信建投	2,466		441		
20		招商期货	2,232		865		
总计				193,244		-40,085		

名次		会员简称	持买单量	增减		
1		永安期货	32,202		1,169		
2		中信期货	15,720		294		
3		国泰君安	8,460		342		
4		国投安信	7,244		-60		
5		东证期货	6,343		1,378		
6		兴证期货	6,144		-1,117		
7		天风期货	5,896		182		
8		浙商期货	5,495		-380		
9		中粮期货	5,427		622		
10		银河期货	5,077		145		
11		中信建投	5,076		1,205		
12		华泰期货	5,059		-498		
13		中大期货	4,380		-133		
14		瑞达期货	4,270		16		
15		海通期货	4,184		-340		
16		申银万国	3,860		112		
17		国信期货	3,663		359		
18		宏源期货	3,598		-451		
19		东航期货	3,070		-133		
20		一德期货	2,839		251		
总计				138,007		2,963		

名次		会员简称	持卖单量	增减		
1		永安期货	20,781		-606		
2		国信期货	18,872		-243		
3		国贸期货	14,855		114		
4		中财期货	8,518		279		
5		大地期货	7,860		568		
6		华泰期货	6,828		450		
7		信达期货	6,763		35		
8		一德期货	6,759		1,010		
9		银河期货	6,535		195		
10		国泰君安	6,504		-145		
11		浙商期货	5,793		-168		
12		中国国际	5,109		120		
13		东证期货	4,638		-506		
14		方正中期	4,425		156		
15		中信建投	4,347		-19		
16		中信期货	4,156		266		
17		国投安信	3,532		-476		
18		宏源期货	3,206		74		
19		新湖期货	2,793		23		
20		兴证期货	2,707		-54		
总计				144,981		1,073		



会员类别	总成交量	增减		
期货公司会员	193,244		-40,085		

会员类别	总持买单量	增减		
期货公司会员	138,007		2,963		

会员类别	总持卖单量	增减		
期货公司会员	144,981		1,073		

