								大连商品交易所 成交量_买持仓_卖持仓排名	

合约代码：cs2103		Date：2020-10-22	

			期货公司会员	

名次		会员简称	成交量		增减		
1		华泰期货	13,490		-454		
2		方正中期	7,026		1,060		
3		光大期货	6,064		-639		
4		国泰君安	4,593		-6,577		
5		国富期货	3,345		73		
6		华闻期货	3,232		-1,090		
7		鲁证期货	2,807		-93		
8		东证期货	2,807		247		
9		海通期货	2,173		157		
10		五矿经易	2,058		-442		
11		中粮期货	1,979		157		
12		南华期货	1,974		158		
13		中辉期货	1,849		-352		
14		格林大华	1,798		594		
15		浙商期货	1,450		-350		
16		中信建投	1,372		109		
17		招商期货	1,342		-764		
18		中信期货	1,325		-198		
19		冠通期货	621		-23		
20		金瑞期货	530		70		
总计				61,835		-8,357		

名次		会员简称	持买单量	增减		
1		鲁证期货	1,597		-11		
2		招商期货	1,505		-3		
3		中信期货	1,365		6		
4		五矿经易	1,337		-2		
5		国泰君安	953		-150		
6		中信建投	806		3		
7		华泰期货	584		4		
8		东证期货	438		-15		
9		南华期货	401		398		
10		海通期货	400		396		
11		中粮期货	369		337		
12		锦泰期货	350		0		
13		光大期货	326		7		
14		中国国际	315		0		
15		格林大华	300		0		
16		方正中期	92		9		
17		华安期货	88		15		
18		国元期货	73		0		
19		宏源期货	36		1		
20		浙商期货	32		-1		
总计				11,367		994		

名次		会员简称	持卖单量	增减		
1		招商期货	1,510		9		
2		鲁证期货	1,507		92		
3		中信期货	1,393		9		
4		五矿经易	1,335		0		
5		国泰君安	957		-159		
6		中信建投	805		-101		
7		华泰期货	671		80		
8		南华期货	410		408		
9		东证期货	400		-40		
10		海通期货	399		397		
11		锦泰期货	350		0		
12		光大期货	349		11		
13		中粮期货	306		302		
14		格林大华	300		0		
15		金瑞期货	283		272		
16		一德期货	88		-45		
17		东航期货	75		0		
18		冠通期货	75		-93		
19		浙商期货	40		-1		
20		银河期货	38		14		
总计				11,291		1,155		



会员类别	总成交量	增减		
期货公司会员	61,835		-8,357		

会员类别	总持买单量	增减		
期货公司会员	11,367		994		

会员类别	总持卖单量	增减		
期货公司会员	11,291		1,155		

