								大连商品交易所 成交量_买持仓_卖持仓排名	

合约代码：p2101		Date：2020-08-13	

			期货公司会员	

名次		会员简称	成交量		增减		
1		东证期货	231,133		77,018		
2		国富期货	94,875		31,438		
3		光大期货	77,998		23,849		
4		国泰君安	65,377		20,664		
5		银河期货	55,777		32,853		
6		中信期货	50,612		14,448		
7		华泰期货	37,932		5,911		
8		方正中期	35,619		7,860		
9		徽商期货	34,178		12,111		
10		海通期货	32,768		7,628		
11		兴证期货	30,178		10,373		
12		华安期货	28,635		5,609		
13		申银万国	26,716		-2,332		
14		中信建投	24,998		-19,711		
15		安粮期货	21,438		-247		
16		宏源期货	21,234		4,595		
17		国元期货	20,212		4,024		
18		永安期货	19,829		8,192		
19		国投安信	18,618		5,200		
20		华闻期货	17,974		4,795		
总计				946,101		254,278		

名次		会员简称	持买单量	增减		
1		永安期货	17,182		2,934		
2		银河期货	13,532		4,907		
3		海通期货	13,086		7,707		
4		天风期货	12,977		1,166		
5		广发期货	12,367		-287		
6		五矿经易	10,568		-36		
7		浙商期货	10,172		-23		
8		中信期货	10,143		3,161		
9		华泰期货	9,105		3,100		
10		光大期货	8,433		4,987		
11		大地期货	8,167		1,986		
12		申银万国	8,068		1,288		
13		一德期货	7,762		936		
14		东证期货	7,625		1,387		
15		大越期货	7,568		94		
16		国投安信	7,137		-709		
17		方正中期	6,333		1,023		
18		国泰君安	5,919		-86		
19		中信建投	5,597		1,521		
20		徽商期货	5,255		522		
总计				186,996		35,578		

名次		会员简称	持卖单量	增减		
1		中粮期货	22,448		2,095		
2		银河期货	21,618		1,192		
3		国投安信	20,654		6,559		
4		国富期货	15,478		2,688		
5		国泰君安	13,191		-1,785		
6		一德期货	11,350		4,417		
7		东证期货	11,273		3,974		
8		永安期货	10,816		631		
9		海通期货	9,953		99		
10		摩根大通	9,164		-470		
11		鲁证期货	8,553		1,000		
12		国贸期货	7,119		2		
13		建信期货	6,706		154		
14		广发期货	6,092		507		
15		中信期货	5,542		-1,077		
16		华融融达	5,150		1,133		
17		海证期货	4,969		518		
18		华安期货	4,601		2,274		
19		浙商期货	4,359		-123		
20		英大期货	4,320		44		
总计				203,356		23,832		



会员类别	总成交量	增减		
期货公司会员	946,101		254,278		

会员类别	总持买单量	增减		
期货公司会员	186,996		35,578		

会员类别	总持卖单量	增减		
期货公司会员	203,356		23,832		

