								大连商品交易所 成交量_买持仓_卖持仓排名	

合约代码：pp2009		Date：2020-08-13	

			期货公司会员	

名次		会员简称	成交量		增减		
1		东证期货	146,589		-7,989		
2		国泰君安	43,925		-1,753		
3		中信期货	40,873		-6,401		
4		海通期货	33,086		-56		
5		兴证期货	22,561		-6,874		
6		方正中期	20,751		-1,833		
7		国富期货	15,098		-2,879		
8		华泰期货	13,785		-7,051		
9		南华期货	12,365		2,752		
10		永安期货	11,955		-55		
11		徽商期货	11,472		1,298		
12		东方财富	11,193		-825		
13		华安期货	11,080		-163		
14		国信期货	10,897		1,869		
15		申银万国	10,366		2,686		
16		银河期货	10,148		-734		
17		弘业期货	9,465		919		
18		瑞达期货	9,196		3,645		
19		宏源期货	9,032		887		
20		中辉期货	8,226		-138		
总计				462,063		-22,695		

名次		会员简称	持买单量	增减		
1		永安期货	20,518		523		
2		中信期货	16,065		-6,589		
3		银河期货	13,684		-271		
4		国泰君安	7,042		586		
5		浙商期货	5,924		591		
6		华泰期货	5,407		-49		
7		东证期货	4,943		-918		
8		长城期货	4,321		4		
9		国投安信	3,981		-168		
10		申银万国	3,337		243		
11		瑞达期货	3,225		132		
12		海通期货	3,096		-902		
13		方正中期	2,747		-849		
14		浙江新世纪	2,705		-130		
15		南华期货	2,342		382		
16		弘业期货	2,265		-1,999		
17		徽商期货	2,124		253		
18		国海良时	2,099		111		
19		长安期货	1,729		-90		
20		中信建投	1,703		-478		
总计				109,257		-9,618		

名次		会员简称	持卖单量	增减		
1		银河期货	9,943		137		
2		华泰期货	9,448		-1,166		
3		浙商期货	7,944		-814		
4		南华期货	7,820		-937		
5		国信期货	7,441		-1,828		
6		瑞达期货	6,995		-1,380		
7		永安期货	5,431		-1,868		
8		国泰君安	5,380		491		
9		中信期货	5,210		-1,646		
10		东证期货	5,114		2,287		
11		鲁证期货	3,925		-184		
12		国投安信	3,366		-1,169		
13		海通期货	3,363		-216		
14		申银万国	2,829		983		
15		兴证期货	2,773		306		
16		华金期货	2,682		-25		
17		建信期货	2,637		-426		
18		广发期货	2,562		284		
19		北京首创	2,365		-565		
20		宏源期货	2,279		-793		
总计				99,507		-8,529		



会员类别	总成交量	增减		
期货公司会员	462,063		-22,695		

会员类别	总持买单量	增减		
期货公司会员	109,257		-9,618		

会员类别	总持卖单量	增减		
期货公司会员	99,507		-8,529		

