								大连商品交易所 成交量_买持仓_卖持仓排名	

合约代码：v2101		Date：2020-08-13	

			期货公司会员	

名次		会员简称	成交量		增减		
1		东证期货	35,410		3,067		
2		中信期货	14,288		4,050		
3		华金期货	11,110		-3,009		
4		国富期货	7,225		524		
5		国泰君安	4,233		-297		
6		永安期货	3,246		-1,886		
7		光大期货	2,783		145		
8		中信建投	2,645		1,455		
9		海通期货	2,578		-200		
10		宏源期货	2,497		-115		
11		方正中期	2,217		745		
12		徽商期货	2,213		286		
13		申银万国	2,182		-971		
14		华泰期货	2,175		-877		
15		中天期货	2,120		352		
16		弘业期货	2,039		1,324		
17		一德期货	2,003		538		
18		信达期货	1,957		240		
19		国信期货	1,881		-43		
20		浙商期货	1,828		961		
总计				106,630		6,289		

名次		会员简称	持买单量	增减		
1		永安期货	15,598		-184		
2		中信期货	15,278		5,642		
3		国泰君安	10,165		163		
4		鲁证期货	6,560		137		
5		一德期货	6,482		-468		
6		南华期货	3,880		-113		
7		银河期货	3,775		48		
8		中信建投	3,340		592		
9		华泰期货	2,879		603		
10		信达期货	2,800		229		
11		东证期货	2,692		154		
12		广发期货	2,675		-512		
13		弘业期货	2,420		1,663		
14		申银万国	2,379		106		
15		国投安信	2,172		453		
16		瑞达期货	1,974		503		
17		华金期货	1,862		262		
18		建信期货	1,695		222		
19		国富期货	1,642		-53		
20		中大期货	1,638		-7		
总计				91,906		9,440		

名次		会员简称	持卖单量	增减		
1		国信期货	16,136		1,189		
2		国贸期货	13,799		244		
3		永安期货	8,318		770		
4		中财期货	6,670		-113		
5		银河期货	5,562		169		
6		浙商期货	5,005		3		
7		信达期货	4,576		716		
8		方正中期	4,273		386		
9		申银万国	4,225		-130		
10		华泰期货	3,667		94		
11		中信期货	3,559		744		
12		大地期货	3,519		0		
13		大越期货	3,264		233		
14		国投安信	2,968		-198		
15		中信建投	2,841		821		
16		国泰君安	2,590		120		
17		中粮期货	1,881		50		
18		一德期货	1,750		437		
19		中大期货	1,482		21		
20		华金期货	1,328		54		
总计				97,413		5,610		



会员类别	总成交量	增减		
期货公司会员	106,630		6,289		

会员类别	总持买单量	增减		
期货公司会员	91,906		9,440		

会员类别	总持卖单量	增减		
期货公司会员	97,413		5,610		

