								大连商品交易所 成交量_买持仓_卖持仓排名	

合约代码：y2101		Date：2020-08-13	

			期货公司会员	

名次		会员简称	成交量		增减		
1		东证期货	220,470		43,021		
2		中信期货	80,707		25,480		
3		光大期货	79,201		28,777		
4		国富期货	78,546		42,155		
5		国泰君安	74,101		26,826		
6		申银万国	67,952		33,631		
7		兴证期货	63,046		30,062		
8		华闻期货	61,226		30,682		
9		华泰期货	51,336		25,952		
10		海通期货	48,778		6,460		
11		方正中期	37,808		23,842		
12		银河期货	37,702		19,178		
13		广发期货	37,065		21,735		
14		永安期货	35,227		25,338		
15		国投安信	33,243		20,763		
16		华安期货	31,771		18,293		
17		中辉期货	31,511		22,079		
18		宏源期货	30,439		18,782		
19		徽商期货	28,692		17,968		
20		中粮期货	23,568		9,416		
总计				1,152,389	490,440		

名次		会员简称	持买单量	增减		
1		永安期货	37,897		3,715		
2		光大期货	29,395		277		
3		东证期货	24,632		8,731		
4		银河期货	21,356		2,003		
5		浙商期货	19,339		-2,079		
6		中粮期货	19,014		-970		
7		国泰君安	18,646		7,703		
8		广发期货	17,726		2,339		
9		国投安信	17,047		733		
10		大越期货	16,870		954		
11		一德期货	16,439		2,215		
12		大地期货	16,410		2,139		
13		天风期货	16,349		1,058		
14		华泰期货	15,892		1,516		
15		中信期货	13,501		-1,742		
16		海通期货	12,339		8,943		
17		兴证期货	10,072		-359		
18		申银万国	9,505		823		
19		五矿经易	8,586		2,100		
20		鲁证期货	8,170		1,149		
总计				349,185		41,248		

名次		会员简称	持卖单量	增减		
1		中粮期货	111,915		2,004		
2		国投安信	63,553		6,274		
3		中信期货	38,115		4,419		
4		摩根大通	32,147		1,020		
5		广发期货	29,643		3,212		
6		国泰君安	27,405		2,240		
7		信达期货	26,278		4,071		
8		银河期货	25,308		3,303		
9		一德期货	18,529		1		
10		永安期货	14,030		2,332		
11		北京首创	11,194		2,399		
12		南华期货	8,715		1,460		
13		东证期货	8,499		1,119		
14		五矿经易	8,380		1,119		
15		新湖期货	7,665		70		
16		国富期货	7,213		234		
17		上海中期	6,998		554		
18		鲁证期货	6,994		879		
19		华泰期货	6,872		1,344		
20		海通期货	6,194		-2,525		
总计				465,647		35,529		



会员类别	总成交量	增减		
期货公司会员	1,152,389	490,440		

会员类别	总持买单量	增减		
期货公司会员	349,185		41,248		

会员类别	总持卖单量	增减		
期货公司会员	465,647		35,529		

