								大连商品交易所 成交量_买持仓_卖持仓排名	

合约代码：cs2101		Date：2020-08-13	

			期货公司会员	

名次		会员简称	成交量		增减		
1		华泰期货	6,661		2,088		
2		中信期货	3,717		2,266		
3		广发期货	1,873		892		
4		东证期货	1,843		283		
5		国泰君安	1,710		528		
6		鲁证期货	1,478		1,310		
7		银河期货	1,449		581		
8		金瑞期货	1,444		1,044		
9		华安期货	1,333		426		
10		海通期货	1,235		281		
11		国金期货	1,219		1,063		
12		中信建投	1,218		949		
13		安粮期货	1,104		602		
14		华闻期货	1,049		453		
15		光大期货	938		164		
16		徽商期货	903		-49		
17		永安期货	804		437		
18		中粮期货	763		-472		
19		国投安信	631		249		
20		国海良时	535		403		
总计				31,907		13,498		

名次		会员简称	持买单量	增减		
1		鲁证期货	6,766		118		
2		一德期货	4,142		56		
3		中信期货	3,631		171		
4		弘业期货	3,102		9		
5		中财期货	2,215		12		
6		中粮期货	1,836		-40		
7		中信建投	1,413		51		
8		方正中期	1,389		104		
9		国泰君安	874		137		
10		徽商期货	848		169		
11		华泰期货	821		233		
12		中国国际	815		11		
13		南华期货	746		-2		
14		安粮期货	709		280		
15		中辉期货	702		15		
16		银河期货	643		-2		
17		华安期货	585		38		
18		国海良时	530		-202		
19		摩根大通	525		0		
20		国投安信	507		-41		
总计				32,799		1,117		

名次		会员简称	持卖单量	增减		
1		中粮期货	9,636		-107		
2		永安期货	3,181		415		
3		中信期货	2,824		96		
4		国泰君安	2,716		39		
5		中融汇信	2,066		13		
6		国金期货	1,910		1,198		
7		东证期货	1,627		309		
8		北京首创	1,406		1		
9		中信建投	1,118		19		
10		国投安信	1,111		-490		
11		上海大陆	1,063		-61		
12		瑞达期货	1,011		117		
13		国富期货	934		6		
14		广发期货	676		-442		
15		东兴期货	450		0		
16		五矿经易	407		94		
17		徽商期货	402		124		
18		申银万国	353		141		
19		华安期货	352		-113		
20		银河期货	350		113		
总计				33,593		1,472		



会员类别	总成交量	增减		
期货公司会员	31,907		13,498		

会员类别	总持买单量	增减		
期货公司会员	32,799		1,117		

会员类别	总持卖单量	增减		
期货公司会员	33,593		1,472		

