								大连商品交易所 成交量_买持仓_卖持仓排名	

合约代码：pg2012		Date：2020-08-13	

			期货公司会员	

名次		会员简称	成交量		增减		
1		华泰期货	14,081		-8,373		
2		浙商期货	3,199		-1,691		
3		东证期货	2,449		-1,190		
4		申银万国	2,312		-1,029		
5		中信建投	1,877		-650		
6		瑞达期货	1,700		-1,402		
7		方正中期	1,451		-1,350		
8		中信期货	1,450		-226		
9		中粮期货	1,428		-638		
10		银河期货	1,310		-324		
11		海证期货	1,160		-377		
12		东吴期货	1,110		46		
13		冠通期货	1,024		-943		
14		五矿经易	958		-703		
15		国海良时	931		-749		
16		海通期货	789		-826		
17		招商期货	646		-544		
18		光大期货	607		-124		
19		浙江新世纪	464		212		
20		锦泰期货	402		-532		
总计				39,348		-21,413		

名次		会员简称	持买单量	增减		
1		永安期货	3,595		105		
2		美尔雅期货	2,835		-205		
3		方正中期	1,552		103		
4		江苏东华	1,540		0		
5		华泰期货	1,365		12		
6		五矿经易	1,319		80		
7		海通期货	1,269		20		
8		东证期货	1,208		23		
9		招金期货	1,188		64		
10		招商期货	1,181		60		
11		徽商期货	1,021		187		
12		浙江新世纪	992		55		
13		中信建投	990		6		
14		平安期货	913		-1		
15		申银万国	815		5		
16		中财期货	788		14		
17		新湖期货	762		28		
18		银河期货	653		-11		
19		华安期货	596		12		
20		东海期货	578		10		
总计				25,160		567		

名次		会员简称	持卖单量	增减		
1		中信期货	5,995		123		
2		浙商期货	3,415		426		
3		永安期货	1,937		-14		
4		方正中期	1,546		108		
5		国投安信	1,468		3		
6		宝城期货	1,441		-19		
7		银河期货	1,410		-83		
8		海通期货	1,290		177		
9		中信建投	1,251		-57		
10		光大期货	1,199		11		
11		五矿经易	1,168		-20		
12		东证期货	1,081		6		
13		招商期货	1,044		46		
14		冠通期货	933		102		
15		长安期货	775		0		
16		平安期货	734		0		
17		东海期货	657		-5		
18		新湖期货	506		0		
19		兴证期货	434		-8		
20		先锋期货	410		7		
总计				28,694		803		



会员类别	总成交量	增减		
期货公司会员	39,348		-21,413		

会员类别	总持买单量	增减		
期货公司会员	25,160		567		

会员类别	总持卖单量	增减		
期货公司会员	28,694		803		

