								大连商品交易所 成交量_买持仓_卖持仓排名	

合约代码：eb2101		Date：2020-08-13	

			期货公司会员	

名次		会员简称	成交量		增减		
1		国泰君安	1,348		-847		
2		浙商期货	1,222		-653		
3		永安期货	1,060		-947		
4		锦泰期货	624		-1,552		
5		华闻期货	614		-634		
6		华泰期货	604		204		
7		中信建投	518		-150		
8		徽商期货	435		-1,328		
9		兴证期货	401		332		
10		国投安信	397		73		
11		申银万国	397		351		
12		中辉期货	357		-317		
13		国贸期货	350		-100		
14		银河期货	327		-349		
15		安粮期货	302		94		
16		中州期货	292		95		
17		东吴期货	286		-93		
18		宏源期货	283		155		
19		东航期货	276		91		
20		中信期货	273		-203		
总计				10,366		-5,778		

名次		会员简称	持买单量	增减		
1		信达期货	4,057		-20		
2		徽商期货	3,076		74		
3		永安期货	2,813		334		
4		福能期货	2,536		101		
5		兴证期货	1,998		306		
6		华融融达	1,791		1		
7		银河期货	1,150		4		
8		国投安信	763		69		
9		浙商期货	740		91		
10		宝城期货	661		4		
11		海通期货	661		-34		
12		国贸期货	635		5		
13		国泰君安	464		-256		
14		南华期货	460		-11		
15		中信期货	418		4		
16		广发期货	402		4		
17		国信期货	400		32		
18		鲁证期货	399		-119		
19		一德期货	394		-1		
20		东吴期货	378		16		
总计				24,196		604		

名次		会员简称	持卖单量	增减		
1		银河期货	2,818		231		
2		红塔期货	2,615		119		
3		永安期货	2,458		60		
4		中粮期货	1,700		-104		
5		华泰期货	1,355		28		
6		华融融达	1,351		61		
7		国海良时	1,326		122		
8		中银期货	1,325		0		
9		浙商期货	1,174		159		
10		国贸期货	1,153		-333		
11		东证期货	881		187		
12		中信建投	869		90		
13		天风期货	842		0		
14		宏源期货	773		11		
15		冠通期货	640		8		
16		瑞达期货	617		34		
17		五矿经易	566		20		
18		徽商期货	559		53		
19		国投安信	545		150		
20		华闻期货	525		-11		
总计				24,092		885		



会员类别	总成交量	增减		
期货公司会员	10,366		-5,778		

会员类别	总持买单量	增减		
期货公司会员	24,196		604		

会员类别	总持卖单量	增减		
期货公司会员	24,092		885		

