								大连商品交易所 成交量_买持仓_卖持仓排名	

合约代码：b2010		Date：2020-08-13	

			期货公司会员	

名次		会员简称	成交量		增减		
1		华泰期货	18,908		5,633		
2		国泰君安	7,127		2,919		
3		国富期货	6,951		2,477		
4		海通期货	4,470		1,454		
5		方正中期	4,175		1,965		
6		光大期货	3,416		1,307		
7		中信期货	3,276		1,109		
8		东证期货	3,056		141		
9		徽商期货	2,918		1,471		
10		申银万国	2,689		883		
11		国投安信	2,524		694		
12		宏源期货	2,405		1,307		
13		东方财富	2,307		1,102		
14		南华期货	2,283		-569		
15		华安期货	1,763		875		
16		东吴期货	1,749		653		
17		国海良时	1,587		234		
18		永安期货	1,484		751		
19		深圳金汇	1,449		1,449		
20		五矿经易	1,418		523		
总计				75,955		26,378		

名次		会员简称	持买单量	增减		
1		海通期货	3,344		258		
2		深圳金汇	1,635		1,435		
3		南华期货	1,547		-103		
4		五矿经易	1,411		-429		
5		光大期货	1,365		152		
6		方正中期	1,290		27		
7		国投安信	1,106		42		
8		中原期货	1,028		-2		
9		渤海期货	768		23		
10		东方财富	735		154		
11		安粮期货	666		273		
12		华泰期货	574		-88		
13		中粮期货	544		4		
14		弘业期货	536		-37		
15		东证期货	519		-7		
16		国泰君安	480		-149		
17		广发期货	375		-375		
18		申银万国	372		4		
19		国海良时	365		-38		
20		永安期货	327		-107		
总计				18,987		1,037		

名次		会员简称	持卖单量	增减		
1		海通期货	3,578		-408		
2		摩根大通	2,000		0		
3		南华期货	1,689		-272		
4		五矿经易	1,433		17		
5		光大期货	1,405		268		
6		先融期货	1,220		-131		
7		东证期货	1,208		595		
8		国投安信	1,153		54		
9		方正中期	1,043		10		
10		中原期货	1,006		-10		
11		渤海期货	772		-68		
12		弘业期货	683		25		
13		中信期货	602		62		
14		宏源期货	538		-33		
15		国泰君安	452		80		
16		兴证期货	402		95		
17		银河期货	366		4		
18		华泰期货	330		-314		
19		中天期货	315		-1		
20		国海良时	295		7		
总计				20,490		-20		



会员类别	总成交量	增减		
期货公司会员	75,955		26,378		

会员类别	总持买单量	增减		
期货公司会员	18,987		1,037		

会员类别	总持卖单量	增减		
期货公司会员	20,490		-20		

