								大连商品交易所 成交量_买持仓_卖持仓排名	

合约代码：jd2101		Date：2020-08-13	

			期货公司会员	

名次		会员简称	成交量		增减		
1		东证期货	10,253		-6,902		
2		上海大陆	4,434		368		
3		申银万国	4,039		-2,772		
4		中信建投	4,009		-3,543		
5		光大期货	3,064		-626		
6		安粮期货	2,979		-4,102		
7		徽商期货	2,902		-2,769		
8		华安期货	2,656		-2,249		
9		方正中期	2,566		-2,454		
10		中信期货	1,889		-1,623		
11		宏源期货	1,745		-1,325		
12		华泰期货	1,618		-1,703		
13		中辉期货	1,459		-1,606		
14		海通期货	1,358		-792		
15		东航期货	1,301		-215		
16		汇鑫期货	1,265		826		
17		国信期货	1,240		-667		
18		永安期货	1,197		-3,161		
19		大地期货	1,140		-1,101		
20		宝城期货	1,124		527		
总计				52,238		-35,889		

名次		会员简称	持买单量	增减		
1		永安期货	3,032		53		
2		徽商期货	2,942		-64		
3		国泰君安	2,569		-34		
4		方正中期	2,515		146		
5		中辉期货	1,926		659		
6		中财期货	1,636		-18		
7		中信建投	1,581		246		
8		银河期货	1,262		163		
9		华融融达	1,233		-179		
10		北京首创	1,198		-3		
11		申银万国	1,194		208		
12		安粮期货	1,166		125		
13		中信期货	1,080		66		
14		中州期货	1,073		86		
15		浙商期货	1,050		63		
16		华安期货	1,032		-74		
17		新湖期货	1,030		371		
18		国投安信	1,009		-70		
19		广发期货	891		107		
20		鲁证期货	854		48		
总计				30,273		1,899		

名次		会员简称	持卖单量	增减		
1		福能期货	3,338		59		
2		永安期货	3,225		460		
3		英大期货	2,748		258		
4		中信建投	2,538		965		
5		方正中期	2,413		170		
6		华泰期货	2,293		-139		
7		鲁证期货	1,396		78		
8		徽商期货	1,334		82		
9		安粮期货	1,308		526		
10		美尔雅期货	1,292		9		
11		华安期货	1,277		112		
12		光大期货	1,270		-2		
13		北京首创	1,267		-29		
14		海通期货	1,258		92		
15		一德期货	1,234		97		
16		南华期货	1,164		-2		
17		国泰君安	1,109		116		
18		宏源期货	1,104		-76		
19		中国国际	1,065		131		
20		银河期货	995		93		
总计				33,628		3,000		



会员类别	总成交量	增减		
期货公司会员	52,238		-35,889		

会员类别	总持买单量	增减		
期货公司会员	30,273		1,899		

会员类别	总持卖单量	增减		
期货公司会员	33,628		3,000		

