								大连商品交易所 成交量_买持仓_卖持仓排名	

合约代码：i2101		Date：2020-11-05	

			期货公司会员	

名次		会员简称	成交量		增减		
1		国富期货	201,683		-18,863		
2		国泰君安	102,537		-7,655		
3		中信期货	98,013		-15,849		
4		海通期货	69,668		-16,299		
5		方正中期	64,097		-1,248		
6		银河期货	53,924		7,610		
7		东证期货	50,726		2,204		
8		申银万国	49,310		-14,959		
9		永安期货	42,648		-5,794		
10		华闻期货	41,491		-5,516		
11		徽商期货	32,474		2,549		
12		光大期货	31,595		-6,694		
13		华泰期货	31,183		-4,381		
14		浙商期货	30,671		3,585		
15		鲁证期货	29,481		11,239		
16		南华期货	28,517		-4,038		
17		一德期货	26,970		1,809		
18		广发期货	26,954		4,469		
19		东海期货	26,249		1,272		
20		中辉期货	25,176		-5,358		
总计				1,063,367	-71,917		

名次		会员简称	持买单量	增减		
1		永安期货	59,028		5,286		
2		中信期货	58,265		-1,848		
3		银河期货	45,204		-162		
4		摩根大通	29,230		-807		
5		东证期货	23,251		472		
6		申银万国	21,518		-1,222		
7		浙商期货	20,676		1,229		
8		东海期货	18,027		3,314		
9		一德期货	17,640		-10,828		
10		国泰君安	16,844		-1,128		
11		兴证期货	16,045		-1,905		
12		鲁证期货	15,071		-4,272		
13		方正中期	14,466		-1,734		
14		华泰期货	14,396		-425		
15		五矿经易	10,827		-172		
16		国海良时	9,549		427		
17		海证期货	8,759		-3		
18		海通期货	7,366		279		
19		国投安信	7,112		-87		
20		倍特期货	6,782		-101		
总计				420,056		-13,687		

名次		会员简称	持卖单量	增减		
1		中信期货	39,264		-4,683		
2		一德期货	32,234		788		
3		鲁证期货	27,400		-8,807		
4		华泰期货	25,098		-164		
5		东证期货	23,706		804		
6		银河期货	21,140		-3,188		
7		方正中期	19,618		8,537		
8		大地期货	19,241		9		
9		浙商期货	17,148		-5,292		
10		永安期货	16,656		-3,852		
11		广发期货	15,774		144		
12		南华期货	15,164		-1,740		
13		五矿经易	14,743		-359		
14		东兴期货	14,370		-658		
15		中辉期货	12,945		904		
16		海通期货	12,601		2,111		
17		中钢期货	12,304		203		
18		国投安信	12,161		1,446		
19		天风期货	11,264		-1,892		
20		道通期货	11,142		-43		
总计				373,973		-15,732		



会员类别	总成交量	增减		
期货公司会员	1,063,367	-71,917		

会员类别	总持买单量	增减		
期货公司会员	420,056		-13,687		

会员类别	总持卖单量	增减		
期货公司会员	373,973		-15,732		

