								大连商品交易所 成交量_买持仓_卖持仓排名	

合约代码：i2105		Date：2020-11-05	

			期货公司会员	

名次		会员简称	成交量		增减		
1		光大期货	18,583		549		
2		东证期货	16,563		10,214		
3		一德期货	14,395		11,831		
4		渤海期货	7,813		3,216		
5		中信期货	7,682		-997		
6		浙商期货	6,188		3,548		
7		永安期货	6,080		1,600		
8		南华期货	5,263		-4,084		
9		国泰君安	5,175		1,337		
10		银河期货	5,153		2,740		
11		华闻期货	4,818		-12		
12		方正中期	4,811		-36		
13		东吴期货	3,532		1,168		
14		五矿经易	3,088		-1,358		
15		中财期货	2,695		-251		
16		兴证期货	2,626		85		
17		国联期货	2,510		707		
18		天风期货	2,181		1,131		
19		瑞达期货	1,921		1,791		
20		中粮期货	1,880		1,345		
总计				122,957		34,524		

名次		会员简称	持买单量	增减		
1		申银万国	22,922		484		
2		银河期货	11,853		-54		
3		鲁证期货	10,574		-285		
4		一德期货	9,712		9,481		
5		方正中期	8,655		1,431		
6		国贸期货	7,814		77		
7		国泰君安	7,777		633		
8		海证期货	7,767		-92		
9		东海期货	7,757		-15		
10		浙商期货	7,070		-313		
11		格林大华	6,476		20		
12		永安期货	5,548		673		
13		长江期货	4,955		267		
14		弘业期货	4,541		-93		
15		英大期货	4,276		-162		
16		中信建投	4,259		6		
17		冠通期货	3,924		2		
18		上海中期	3,537		-19		
19		华泰期货	3,377		-70		
20		中粮期货	3,164		-68		
总计				145,958		11,903		

名次		会员简称	持卖单量	增减		
1		永安期货	17,706		2,115		
2		浙商期货	14,077		3,671		
3		一德期货	12,933		-2,124		
4		兴证期货	9,537		-2,074		
5		天风期货	7,320		1,192		
6		广发期货	6,655		-131		
7		五矿经易	6,313		322		
8		中信期货	5,394		193		
9		中信建投	5,260		84		
10		大越期货	5,154		31		
11		大地期货	4,903		773		
12		国投安信	4,518		240		
13		银河期货	4,428		2,441		
14		上海中期	3,962		482		
15		东兴期货	3,873		685		
16		方正中期	3,616		-520		
17		光大期货	3,597		784		
18		华泰期货	3,439		-259		
19		宝城期货	3,299		60		
20		鲁证期货	3,245		-212		
总计				129,229		7,753		



会员类别	总成交量	增减		
期货公司会员	122,957		34,524		

会员类别	总持买单量	增减		
期货公司会员	145,958		11,903		

会员类别	总持卖单量	增减		
期货公司会员	129,229		7,753		

