								大连商品交易所 成交量_买持仓_卖持仓排名	

合约代码：m2109		Date：2020-11-05	

			期货公司会员	

名次		会员简称	成交量		增减		
1		东证期货	54,341		32,310		
2		迈科期货	15,294		8,262		
3		光大期货	13,123		5,922		
4		国泰君安	12,929		5,454		
5		美尔雅期货	10,199		9,250		
6		安粮期货	9,811		7,311		
7		方正中期	7,819		5,765		
8		招金期货	7,814		5,583		
9		华闻期货	7,275		5,353		
10		海通期货	6,448		3,651		
11		永安期货	6,083		4,145		
12		中信期货	5,626		4,674		
13		国富期货	5,281		3,083		
14		宏源期货	4,752		3,333		
15		大地期货	4,219		4,103		
16		中天期货	4,142		2,012		
17		中信建投	4,070		3,619		
18		华泰期货	3,169		1,727		
19		中粮期货	3,136		1,756		
20		鲁证期货	3,075		1,782		
总计				188,606		119,095		

名次		会员简称	持买单量	增减		
1		海通期货	11,806		-40		
2		国泰君安	11,682		2,714		
3		安粮期货	11,523		-177		
4		华闻期货	10,340		-1,359		
5		永安期货	10,089		-743		
6		格林大华	8,684		259		
7		中粮期货	8,140		429		
8		国富期货	7,884		4,461		
9		大地期货	6,545		822		
10		长江期货	4,970		-195		
11		华泰期货	4,772		-1,620		
12		东证期货	4,576		951		
13		国投安信	4,241		1,349		
14		中信期货	3,959		429		
15		先锋期货	3,897		1,117		
16		美尔雅期货	3,895		-5,810		
17		浙商期货	3,452		-47		
18		方正中期	3,368		135		
19		中辉期货	3,341		272		
20		华金期货	3,319		302		
总计				130,483		3,249		

名次		会员简称	持卖单量	增减		
1		摩根大通	59,596		0		
2		永安期货	28,251		1,888		
3		中粮期货	20,118		-97		
4		银河期货	19,010		255		
5		一德期货	9,733		514		
6		国投安信	8,941		-964		
7		新湖期货	8,405		-110		
8		平安期货	7,500		-186		
9		五矿经易	5,165		-561		
10		华泰期货	5,129		-121		
11		北京首创	3,364		-1,099		
12		宏源期货	2,716		-610		
13		国元期货	2,331		-11		
14		中天期货	2,086		-79		
15		中信期货	1,846		297		
16		东证期货	1,668		858		
17		国泰君安	1,428		-447		
18		弘业期货	1,263		24		
19		南华期货	1,252		-122		
20		瑞达期货	1,046		153		
总计				190,848		-418		



会员类别	总成交量	增减		
期货公司会员	188,606		119,095		

会员类别	总持买单量	增减		
期货公司会员	130,483		3,249		

会员类别	总持卖单量	增减		
期货公司会员	190,848		-418		

