								大连商品交易所 成交量_买持仓_卖持仓排名	

合约代码：jd2101		Date：2020-11-05	

			期货公司会员	

名次		会员简称	成交量		增减		
1		东证期货	46,204		-8,791		
2		徽商期货	19,991		-3,339		
3		国富期货	19,120		-2,415		
4		海通期货	17,309		-3,751		
5		方正中期	15,686		-80		
6		宏源期货	15,614		-2,709		
7		中信期货	14,089		-6,475		
8		申银万国	13,086		-636		
9		国泰君安	12,667		-11,609		
10		东吴期货	10,932		-4,383		
11		华安期货	10,749		-1,574		
12		中信建投	10,372		-807		
13		银河期货	9,508		-5,216		
14		美尔雅期货	8,883		-7,454		
15		瑞达期货	8,267		1,581		
16		兴证期货	6,866		628		
17		华泰期货	6,708		-1,776		
18		中辉期货	6,128		-4,175		
19		安粮期货	6,087		-700		
20		永安期货	6,016		-715		
总计				264,282		-64,396		

名次		会员简称	持买单量	增减		
1		国泰君安	6,292		33		
2		徽商期货	5,444		890		
3		福能期货	5,310		-32		
4		方正中期	4,742		676		
5		东证期货	4,406		154		
6		永安期货	4,263		262		
7		宏源期货	4,216		-1,332		
8		汇鑫期货	4,168		1		
9		华安期货	3,892		-28		
10		中信期货	3,768		-1,199		
11		中信建投	3,294		528		
12		中辉期货	3,102		53		
13		华融融达	2,982		-113		
14		银河期货	2,883		70		
15		鲁证期货	2,539		164		
16		新湖期货	2,298		507		
17		华泰期货	2,184		-363		
18		东航期货	1,910		12		
19		申银万国	1,863		-274		
20		海证期货	1,853		-203		
总计				71,409		-194		

名次		会员简称	持卖单量	增减		
1		中信期货	5,501		426		
2		宏源期货	5,150		-1,742		
3		方正中期	4,620		-474		
4		中信建投	4,480		536		
5		国泰君安	4,324		162		
6		徽商期货	4,309		165		
7		永安期货	4,058		-54		
8		华泰期货	3,863		389		
9		兴证期货	3,791		485		
10		海通期货	3,286		470		
11		东证期货	3,275		60		
12		银河期货	3,241		-114		
13		华安期货	2,702		-117		
14		瑞达期货	2,372		723		
15		浙商期货	2,267		-669		
16		中粮期货	2,202		1,268		
17		东航期货	2,053		-64		
18		申银万国	1,986		-320		
19		长江期货	1,954		28		
20		国海良时	1,932		307		
总计				67,366		1,465		



会员类别	总成交量	增减		
期货公司会员	264,282		-64,396		

会员类别	总持买单量	增减		
期货公司会员	71,409		-194		

会员类别	总持卖单量	增减		
期货公司会员	67,366		1,465		

