								大连商品交易所 成交量_买持仓_卖持仓排名	

合约代码：y2105		Date：2020-11-05	

			期货公司会员	

名次		会员简称	成交量		增减		
1		东证期货	82,242		29,408		
2		光大期货	49,981		14,444		
3		国泰君安	24,860		13,756		
4		五矿经易	19,181		15,272		
5		国投安信	15,238		8,998		
6		国元期货	15,199		7,784		
7		申银万国	15,195		8,278		
8		中粮期货	14,064		8,922		
9		宏源期货	13,010		3,575		
10		银河期货	12,733		1,669		
11		国富期货	11,692		8,986		
12		华泰期货	11,367		1,020		
13		兴证期货	9,710		5,453		
14		一德期货	9,543		5,458		
15		浙商期货	9,321		7,977		
16		中信期货	8,321		1,695		
17		华安期货	7,913		2,407		
18		永安期货	7,074		4,538		
19		平安期货	5,845		4,180		
20		海通期货	5,608		2,210		
总计				348,097		156,030		

名次		会员简称	持买单量	增减		
1		中粮期货	50,517		-2,700		
2		五矿经易	24,932		13,225		
3		浙商期货	21,967		4,296		
4		国投安信	16,328		-240		
5		永安期货	13,879		1,067		
6		广发期货	13,485		507		
7		一德期货	12,359		1,943		
8		中信期货	12,036		-180		
9		天风期货	11,860		788		
10		东证期货	10,742		3,479		
11		中财期货	9,986		-2,421		
12		东兴期货	9,656		23		
13		国泰君安	7,588		3,891		
14		华泰期货	7,561		407		
15		国盛期货	6,612		-103		
16		光大期货	6,606		-3,375		
17		大越期货	5,728		255		
18		宝城期货	5,679		72		
19		银河期货	5,171		1,240		
20		兴证期货	4,942		3,190		
总计				257,634		25,364		

名次		会员简称	持卖单量	增减		
1		中粮期货	58,591		1,632		
2		国投安信	43,032		5,956		
3		一德期货	33,739		3,514		
4		银河期货	28,561		4,717		
5		摩根大通	17,263		2,303		
6		中信期货	16,875		663		
7		平安期货	12,836		-26		
8		国富期货	10,621		4,646		
9		新湖期货	9,934		-243		
10		国泰君安	9,657		-2,705		
11		永安期货	7,794		1,003		
12		海通期货	7,102		369		
13		五矿经易	6,389		260		
14		广发期货	5,933		227		
15		南华期货	5,247		279		
16		东证期货	4,728		527		
17		北京首创	4,621		1,993		
18		信达期货	4,201		79		
19		美尔雅期货	3,892		-1,269		
20		上海中期	3,889		297		
总计				294,905		24,222		



会员类别	总成交量	增减		
期货公司会员	348,097		156,030		

会员类别	总持买单量	增减		
期货公司会员	257,634		25,364		

会员类别	总持卖单量	增减		
期货公司会员	294,905		24,222		

