								大连商品交易所 成交量_买持仓_卖持仓排名	

合约代码：cs2103		Date：2020-11-05	

			期货公司会员	

名次		会员简称	成交量		增减		
1		华泰期货	18,260		7,117		
2		国泰君安	8,494		92		
3		国富期货	7,513		2,683		
4		方正中期	4,311		2,939		
5		东证期货	4,062		881		
6		中辉期货	3,844		467		
7		光大期货	3,521		1,225		
8		鲁证期货	3,056		595		
9		中信期货	2,934		788		
10		海通期货	2,923		844		
11		南华期货	2,669		795		
12		格林大华	2,640		804		
13		华闻期货	2,236		867		
14		五矿经易	2,228		409		
15		浙商期货	1,880		811		
16		招商期货	1,145		105		
17		冠通期货	1,142		186		
18		申银万国	800		158		
19		国投安信	779		324		
20		中信建投	409		-45		
总计				74,846		22,045		

名次		会员简称	持买单量	增减		
1		五矿经易	2,664		436		
2		鲁证期货	1,726		122		
3		中信期货	1,656		1		
4		海通期货	1,506		-2		
5		国泰君安	1,503		64		
6		招商期货	1,503		-10		
7		国富期货	1,053		10		
8		南华期货	1,004		-780		
9		华泰期货	995		117		
10		中信建投	711		6		
11		格林大华	602		-3		
12		东证期货	530		139		
13		光大期货	491		89		
14		华安期货	410		19		
15		锦泰期货	352		2		
16		中国国际	325		0		
17		东吴期货	226		22		
18		上海中期	204		201		
19		方正中期	111		23		
20		新湖期货	95		3		
总计				17,667		459		

名次		会员简称	持卖单量	增减		
1		五矿经易	2,658		430		
2		中信期货	1,573		1		
3		招商期货	1,562		19		
4		海通期货	1,504		3		
5		鲁证期货	1,477		72		
6		国泰君安	1,419		76		
7		国富期货	1,066		15		
8		华泰期货	1,041		101		
9		南华期货	1,009		-771		
10		光大期货	920		212		
11		中信建投	712		-15		
12		格林大华	602		-3		
13		东证期货	569		129		
14		冠通期货	548		218		
15		锦泰期货	350		0		
16		东吴期货	202		0		
17		上海大陆	117		0		
18		一德期货	112		0		
19		先锋期货	92		92		
20		渤海期货	86		-2		
总计				17,619		577		



会员类别	总成交量	增减		
期货公司会员	74,846		22,045		

会员类别	总持买单量	增减		
期货公司会员	17,667		459		

会员类别	总持卖单量	增减		
期货公司会员	17,619		577		

