								大连商品交易所 成交量_买持仓_卖持仓排名	

合约代码：jd2105		Date：2020-11-05	

			期货公司会员	

名次		会员简称	成交量		增减		
1		东证期货	4,234		81		
2		徽商期货	1,424		-479		
3		光大期货	1,412		-221		
4		鲁证期货	1,368		814		
5		宏源期货	1,322		164		
6		方正中期	1,094		-544		
7		一德期货	959		855		
8		申银万国	944		-286		
9		华安期货	790		-216		
10		浙江新世纪	721		422		
11		美尔雅期货	575		-263		
12		中信期货	555		-252		
13		金瑞期货	554		-485		
14		海通期货	481		164		
15		华闻期货	471		-327		
16		华泰期货	438		225		
17		招金期货	410		-264		
18		福能期货	410		-1,008		
19		中信建投	403		-932		
20		安粮期货	384		-268		
总计				18,949		-2,820		

名次		会员简称	持买单量	增减		
1		鲁证期货	2,319		1,310		
2		英大期货	2,080		-246		
3		中信建投	2,047		49		
4		方正中期	1,743		109		
5		中辉期货	1,652		42		
6		永安期货	1,576		98		
7		南华期货	1,485		21		
8		宏源期货	1,442		181		
9		华泰期货	1,418		92		
10		五矿经易	1,100		11		
11		国泰君安	1,042		-27		
12		徽商期货	938		-18		
13		海通期货	893		-197		
14		东证期货	778		3		
15		东航期货	674		29		
16		广发期货	654		36		
17		一德期货	621		544		
18		光大期货	549		40		
19		银河期货	529		14		
20		上海大陆	507		31		
总计				24,047		2,122		

名次		会员简称	持卖单量	增减		
1		徽商期货	2,025		478		
2		方正中期	1,811		203		
3		浙江新世纪	1,598		613		
4		华安期货	1,428		145		
5		长江期货	1,403		35		
6		招金期货	1,340		241		
7		宏源期货	1,284		241		
8		中信建投	1,251		-14		
9		华泰期货	857		18		
10		一德期货	801		-187		
11		广发期货	793		32		
12		中信期货	783		46		
13		先锋期货	669		70		
14		大地期货	603		48		
15		东航期货	524		170		
16		东方财富	520		9		
17		国泰君安	505		31		
18		兴证期货	487		-3		
19		安粮期货	443		110		
20		东证期货	440		17		
总计				19,565		2,303		



会员类别	总成交量	增减		
期货公司会员	18,949		-2,820		

会员类别	总持买单量	增减		
期货公司会员	24,047		2,122		

会员类别	总持卖单量	增减		
期货公司会员	19,565		2,303		

