								大连商品交易所 成交量_买持仓_卖持仓排名	

合约代码：a2101		Date：2020-11-05	

			期货公司会员	

名次		会员简称	成交量		增减		
1		华泰期货	88,455		14,652		
2		中信期货	26,431		-1,226		
3		国富期货	24,588		4,035		
4		申银万国	22,208		1,792		
5		方正中期	19,978		525		
6		东证期货	19,680		3,202		
7		光大期货	18,833		1,566		
8		徽商期货	14,943		4,397		
9		国泰君安	14,244		-9,397		
10		海通期货	13,296		-8,788		
11		南华期货	12,634		5,180		
12		华安期货	10,425		2,581		
13		东方财富	10,198		803		
14		华闻期货	9,589		869		
15		东吴期货	9,232		3,313		
16		兴证期货	8,553		1,497		
17		冠通期货	8,075		785		
18		中信建投	8,059		2,522		
19		银河期货	7,360		1,663		
20		国信期货	6,732		1,742		
总计				353,513		31,713		

名次		会员简称	持买单量	增减		
1		中信期货	10,097		1,323		
2		兴证期货	6,856		167		
3		国投安信	5,914		-303		
4		国泰君安	5,609		700		
5		华泰期货	5,409		774		
6		东证期货	5,405		1,753		
7		中信建投	5,323		1,047		
8		国富期货	5,193		550		
9		永安期货	3,935		126		
10		宏源期货	3,259		8		
11		新湖期货	3,254		34		
12		南华期货	2,916		302		
13		招金期货	2,895		-440		
14		申银万国	2,871		267		
15		中粮期货	2,493		-88		
16		浙商期货	2,346		129		
17		国信期货	2,338		394		
18		海航期货	2,233		22		
19		中辉期货	2,213		235		
20		东航期货	2,180		92		
总计				82,739		7,092		

名次		会员简称	持卖单量	增减		
1		五矿经易	11,978		1,166		
2		一德期货	9,047		1,203		
3		永安期货	8,885		370		
4		弘业期货	6,448		-621		
5		中信期货	4,892		1,230		
6		北京首创	4,436		95		
7		光大期货	3,909		177		
8		南华期货	3,549		680		
9		东方财富	3,499		907		
10		中粮期货	3,287		397		
11		银河期货	3,196		176		
12		国投安信	3,189		657		
13		徽商期货	2,987		353		
14		宏源期货	2,807		478		
15		国泰君安	2,738		508		
16		东证期货	2,501		-551		
17		东海期货	2,442		-96		
18		华安期货	2,258		487		
19		鲁证期货	2,220		-81		
20		方正中期	2,152		351		
总计				86,420		7,886		



会员类别	总成交量	增减		
期货公司会员	353,513		31,713		

会员类别	总持买单量	增减		
期货公司会员	82,739		7,092		

会员类别	总持卖单量	增减		
期货公司会员	86,420		7,886		

