								大连商品交易所 成交量_买持仓_卖持仓排名	

合约代码：c2107		Date：2020-11-05	

			期货公司会员	

名次		会员简称	成交量		增减		
1		华泰期货	40,667		14,099		
2		国泰君安	24,775		-6,533		
3		海通期货	15,573		-5,481		
4		国富期货	14,229		-9,548		
5		光大期货	8,720		-1,223		
6		东证期货	7,908		1,523		
7		中大期货	6,324		1,438		
8		格林大华	5,825		724		
9		方正中期	5,773		-269		
10		五矿经易	5,564		2,200		
11		国海良时	5,404		2,465		
12		弘业期货	5,396		612		
13		鲁证期货	5,108		1,534		
14		冠通期货	4,502		1,299		
15		浙商期货	4,342		-75		
16		申银万国	4,280		-2,273		
17		中辉期货	3,777		-3,202		
18		中信期货	3,270		857		
19		永安期货	2,836		566		
20		宝城期货	2,729		710		
总计				177,002		-577		

名次		会员简称	持买单量	增减		
1		鲁证期货	28,846		0		
2		一德期货	12,491		0		
3		中信建投	10,143		1,045		
4		中州期货	9,220		217		
5		国泰君安	7,940		955		
6		中辉期货	3,422		0		
7		中信期货	3,248		-45		
8		永安期货	3,026		0		
9		海通期货	2,785		-13		
10		混沌天成	1,600		0		
11		中大期货	1,528		0		
12		华泰期货	1,504		74		
13		东证期货	1,409		29		
14		海证期货	1,147		45		
15		东吴期货	1,130		50		
16		申银万国	1,123		-29		
17		国富期货	1,062		2		
18		浙商期货	1,012		-36		
19		五矿经易	867		0		
20		先锋期货	811		1		
总计				94,314		2,295		

名次		会员简称	持卖单量	增减		
1		光大期货	12,720		35		
2		中信期货	12,210		79		
3		东证期货	12,058		-135		
4		金瑞期货	8,686		365		
5		国投安信	6,661		3		
6		鲁证期货	5,983		6		
7		徽商期货	4,499		156		
8		海证期货	3,626		12		
9		国泰君安	3,213		976		
10		海通期货	2,984		-74		
11		永安期货	2,380		6		
12		东吴期货	1,915		-93		
13		长江期货	1,909		15		
14		华安期货	1,716		136		
15		中大期货	1,596		-420		
16		北京首创	1,399		27		
17		浙商期货	1,260		38		
18		国富期货	1,177		5		
19		申银万国	1,096		-19		
20		一德期货	952		6		
总计				88,040		1,124		



会员类别	总成交量	增减		
期货公司会员	177,002		-577		

会员类别	总持买单量	增减		
期货公司会员	94,314		2,295		

会员类别	总持卖单量	增减		
期货公司会员	88,040		1,124		

