								大连商品交易所 成交量_买持仓_卖持仓排名	

合约代码：cs2101		Date：2020-11-05	

			期货公司会员	

名次		会员简称	成交量		增减		
1		华泰期货	55,171		19,783		
2		东证期货	32,129		7,816		
3		国富期货	18,297		5,246		
4		国泰君安	17,806		489		
5		银河期货	10,983		4,720		
6		中信期货	9,521		1,879		
7		海通期货	8,132		3,311		
8		宝城期货	5,808		3,439		
9		广发期货	5,165		1,390		
10		中信建投	5,005		1,082		
11		光大期货	4,923		1,293		
12		兴证期货	4,647		1,441		
13		东吴期货	3,418		792		
14		徽商期货	3,053		713		
15		海证期货	2,795		1,421		
16		宏源期货	2,742		1,633		
17		东方财富	2,634		-882		
18		中辉期货	2,590		444		
19		金瑞期货	2,510		608		
20		天风期货	2,340		2,002		
总计				199,669		58,620		

名次		会员简称	持买单量	增减		
1		中粮期货	8,029		-271		
2		鲁证期货	7,999		-54		
3		中信期货	7,372		-374		
4		永安期货	5,603		498		
5		弘业期货	4,754		4		
6		广发期货	4,482		355		
7		新湖期货	4,463		89		
8		一德期货	4,214		0		
9		中辉期货	3,863		495		
10		国泰君安	3,454		-365		
11		银河期货	3,260		-115		
12		东证期货	3,149		165		
13		东吴期货	2,854		137		
14		华融融达	2,483		-33		
15		南华期货	2,390		153		
16		北京首创	2,352		-683		
17		方正中期	2,192		-206		
18		五矿经易	2,171		-144		
19		华泰期货	2,057		-108		
20		国投安信	1,933		-318		
总计				79,074		-775		

名次		会员简称	持卖单量	增减		
1		中信期货	9,719		271		
2		中粮期货	8,537		-473		
3		国金期货	7,955		-13		
4		金瑞期货	7,803		181		
5		国泰君安	7,079		-3		
6		南华期货	4,089		13		
7		华泰期货	3,662		7		
8		兴证期货	3,497		232		
9		鲁证期货	3,236		314		
10		宏源期货	3,162		296		
11		永安期货	3,148		320		
12		平安期货	3,128		-26		
13		国投安信	2,998		-45		
14		广发期货	2,513		-44		
15		银河期货	2,451		584		
16		方正中期	2,318		-102		
17		光大期货	2,068		-53		
18		海通期货	2,050		35		
19		华安期货	1,929		-217		
20		招商期货	1,845		57		
总计				83,187		1,334		



会员类别	总成交量	增减		
期货公司会员	199,669		58,620		

会员类别	总持买单量	增减		
期货公司会员	79,074		-775		

会员类别	总持卖单量	增减		
期货公司会员	83,187		1,334		

