								大连商品交易所 成交量_买持仓_卖持仓排名	

合约代码：b2012		Date：2020-11-05	

			期货公司会员	

名次		会员简称	成交量		增减		
1		华泰期货	33,051		23,352		
2		国泰君安	10,632		2,324		
3		国富期货	7,550		4,682		
4		东证期货	5,198		1,812		
5		中信期货	5,125		2,126		
6		国投安信	4,886		2,763		
7		安粮期货	3,456		1,626		
8		徽商期货	3,123		1,431		
9		东方财富	2,951		468		
10		宏源期货	2,637		1,258		
11		海通期货	2,603		1,059		
12		华安期货	1,801		396		
13		中信建投	1,712		777		
14		兴证期货	1,486		361		
15		华闻期货	1,450		424		
16		南华期货	1,377		721		
17		长江期货	1,363		1,015		
18		申银万国	1,330		687		
19		广发期货	1,321		428		
20		光大期货	1,278		214		
总计				94,330		47,924		

名次		会员简称	持买单量	增减		
1		国投安信	1,243		-132		
2		国泰君安	787		204		
3		华泰期货	677		315		
4		南华期货	646		503		
5		海通期货	621		279		
6		摩根大通	500		0		
7		国贸期货	441		-14		
8		深圳金汇	400		0		
9		宏源期货	365		232		
10		东证期货	353		195		
11		徽商期货	329		135		
12		方正中期	259		15		
13		一德期货	252		-594		
14		东方财富	237		78		
15		中信期货	231		-295		
16		浙商期货	223		106		
17		永安期货	214		51		
18		银河期货	205		50		
19		东航期货	166		1		
20		美尔雅期货	152		-57		
总计				8,301		1,072		

名次		会员简称	持卖单量	增减		
1		国投安信	1,294		-106		
2		上海中期	936		12		
3		宏源期货	495		369		
4		广发期货	435		182		
5		美尔雅期货	413		285		
6		中粮期货	406		399		
7		东方财富	406		129		
8		海通期货	378		-132		
9		新湖期货	377		2		
10		金石期货	350		300		
11		华闻期货	317		100		
12		兴证期货	310		-283		
13		永安期货	294		3		
14		安粮期货	279		29		
15		先融期货	249		-566		
16		国泰君安	227		-148		
17		东证期货	218		-615		
18		海证期货	211		12		
19		申银万国	208		-119		
20		华泰期货	198		12		
总计				8,001		-135		



会员类别	总成交量	增减		
期货公司会员	94,330		47,924		

会员类别	总持买单量	增减		
期货公司会员	8,301		1,072		

会员类别	总持卖单量	增减		
期货公司会员	8,001		-135		

