								大连商品交易所 成交量_买持仓_卖持仓排名	

合约代码：p2101		Date：2020-11-05	

			期货公司会员	

名次		会员简称	成交量		增减		
1		东证期货	502,879		55,085		
2		光大期货	241,917		7,083		
3		国富期货	236,604		30,279		
4		中信期货	140,830		9,223		
5		国泰君安	140,542		8,131		
6		海通期货	85,257		12,879		
7		申银万国	76,528		-21,833		
8		银河期货	69,125		19,031		
9		华西期货	62,871		-25,276		
10		华泰期货	59,822		12,200		
11		徽商期货	53,667		9,962		
12		华安期货	53,468		595		
13		方正中期	49,881		8,481		
14		永安期货	47,591		-8,441		
15		东方财富	41,885		6,322		
16		国投安信	41,837		6,055		
17		国元期货	36,718		14,465		
18		兴证期货	33,612		-2,184		
19		宏源期货	30,984		3,973		
20		安粮期货	30,252		14,220		
总计				2,036,270	160,250		

名次		会员简称	持买单量	增减		
1		永安期货	30,217		13,639		
2		中信期货	19,646		2,269		
3		银河期货	19,003		1,913		
4		海通期货	17,612		-3,730		
5		国泰君安	15,341		1,149		
6		国投安信	13,317		1,737		
7		浙商期货	12,327		-1,261		
8		东证期货	12,023		-1,383		
9		五矿经易	11,964		-140		
10		华泰期货	11,274		482		
11		天风期货	9,818		-4,550		
12		方正中期	9,630		2,027		
13		大越期货	8,081		162		
14		一德期货	7,586		-404		
15		中粮期货	7,397		3,329		
16		光大期货	6,816		2,195		
17		兴证期货	6,541		2,111		
18		广发期货	6,371		330		
19		东航期货	5,961		2,341		
20		宏源期货	5,765		367		
总计				236,690		22,583		

名次		会员简称	持卖单量	增减		
1		中粮期货	37,921		286		
2		国投安信	28,925		0		
3		银河期货	20,680		2,068		
4		国贸期货	18,169		-21		
5		中信期货	16,535		611		
6		国富期货	16,344		1,622		
7		海通期货	14,176		1,051		
8		东证期货	14,006		656		
9		五矿经易	11,061		3,112		
10		永安期货	10,923		2,234		
11		弘业期货	9,834		814		
12		一德期货	9,595		668		
13		华融融达	8,729		389		
14		中天期货	7,688		54		
15		广发期货	6,100		-231		
16		国泰君安	6,069		257		
17		中融汇信	5,972		726		
18		东方财富	5,490		1,792		
19		中信建投	5,420		285		
20		徽商期货	5,200		921		
总计				258,837		17,294		



会员类别	总成交量	增减		
期货公司会员	2,036,270	160,250		

会员类别	总持买单量	增减		
期货公司会员	236,690		22,583		

会员类别	总持卖单量	增减		
期货公司会员	258,837		17,294		

