								大连商品交易所 成交量_买持仓_卖持仓排名	

合约代码：pp2101		Date：2020-11-05	

			期货公司会员	

名次		会员简称	成交量		增减		
1		东证期货	182,162		-33,226		
2		中信期货	75,682		-15,435		
3		国泰君安	74,386		5,064		
4		国富期货	39,407		-1,335		
5		海通期货	38,111		-17,163		
6		华泰期货	35,483		5,891		
7		方正中期	31,687		1,407		
8		国投安信	30,559		-556		
9		新湖期货	25,800		-1,613		
10		永安期货	25,209		6,055		
11		银河期货	20,885		-7,150		
12		华安期货	18,183		-10,021		
13		东方财富	18,097		646		
14		徽商期货	17,250		-2,237		
15		兴证期货	16,021		-3,551		
16		浙商期货	15,426		3,786		
17		东海期货	14,737		-616		
18		中信建投	14,232		-80		
19		申银万国	14,002		-878		
20		南华期货	13,756		3,397		
总计				721,075		-67,615		

名次		会员简称	持买单量	增减		
1		中信期货	48,863		-1,092		
2		永安期货	42,970		-2,679		
3		东证期货	12,094		1,720		
4		海通期货	12,053		-607		
5		华泰期货	11,411		-13,145		
6		国泰君安	11,021		-3,584		
7		东海期货	10,010		168		
8		国投安信	8,640		2,012		
9		兴证期货	6,855		-696		
10		新湖期货	6,575		-161		
11		中粮期货	5,994		359		
12		申银万国	5,791		99		
13		银河期货	5,623		-1,161		
14		宏源期货	5,536		-376		
15		中信建投	5,308		-865		
16		华安期货	4,669		229		
17		浙商期货	4,474		-1,013		
18		广发期货	4,226		-543		
19		瑞达期货	3,919		-1,609		
20		方正中期	3,866		-1,062		
总计				219,898		-24,006		

名次		会员简称	持卖单量	增减		
1		永安期货	17,501		-2,780		
2		浙商期货	17,051		-2,421		
3		国投安信	12,189		-1,219		
4		国泰君安	12,172		-3,716		
5		中信期货	11,650		-244		
6		南华期货	11,574		-1,704		
7		华泰期货	10,227		-1,078		
8		鲁证期货	10,012		-69		
9		瑞达期货	9,786		659		
10		国信期货	9,622		-422		
11		国海良时	8,240		-1,346		
12		方正中期	7,565		-1,425		
13		广发期货	7,351		-872		
14		华安期货	6,807		-340		
15		银河期货	6,190		-1,020		
16		建信期货	5,596		-1,091		
17		徽商期货	5,154		-758		
18		东证期货	5,087		-292		
19		信达期货	5,078		-2,607		
20		兴证期货	5,043		-981		
总计				183,895		-23,726		



会员类别	总成交量	增减		
期货公司会员	721,075		-67,615		

会员类别	总持买单量	增减		
期货公司会员	219,898		-24,006		

会员类别	总持卖单量	增减		
期货公司会员	183,895		-23,726		

