								大连商品交易所 成交量_买持仓_卖持仓排名	

合约代码：i2101		Date：2020-11-25	

			期货公司会员	

名次		会员简称	成交量		增减		
1		国富期货	171,735		58,828		
2		中信期货	101,664		26,258		
3		国泰君安	98,126		32,540		
4		方正中期	51,249		8,964		
5		海通期货	47,479		12,892		
6		广发期货	47,096		35,688		
7		东证期货	43,829		13,585		
8		永安期货	41,866		16,204		
9		银河期货	40,097		8,773		
10		申银万国	34,620		12,196		
11		光大期货	32,194		6,452		
12		华泰期货	30,738		12,575		
13		中辉期货	25,103		10,087		
14		徽商期货	24,352		4,893		
15		华闻期货	23,973		9,955		
16		冠通期货	18,851		8,859		
17		鲁证期货	17,318		8,460		
18		浙商期货	15,650		7,192		
19		宏源期货	15,568		5,601		
20		国投安信	14,328		4,188		
总计				895,836		304,190		

名次		会员简称	持买单量	增减		
1		摩根大通	47,232		-558		
2		永安期货	46,526		-1,124		
3		银河期货	35,524		-2,936		
4		中信期货	28,344		-540		
5		国泰君安	27,745		149		
6		华泰期货	21,579		479		
7		兴证期货	19,708		-2,470		
8		东证期货	19,572		840		
9		浙商期货	17,908		-19		
10		方正中期	15,747		3,572		
11		海通期货	12,714		-1,350		
12		中粮期货	9,952		1,314		
13		五矿经易	9,622		-2		
14		申银万国	8,293		-2,233		
15		国投安信	8,259		866		
16		东海期货	7,720		-22		
17		瑞达期货	7,414		529		
18		海证期货	7,296		-77		
19		国贸期货	6,703		-1,400		
20		宏源期货	6,544		133		
总计				364,402		-4,849		

名次		会员简称	持卖单量	增减		
1		中信期货	42,140		-1,877		
2		银河期货	37,220		1,341		
3		大地期货	22,525		1,491		
4		永安期货	20,057		87		
5		广发期货	18,856		-75		
6		一德期货	18,320		165		
7		东证期货	17,338		526		
8		华泰期货	16,551		-89		
9		浙商期货	16,123		-331		
10		鲁证期货	15,946		-2,067		
11		南华期货	15,412		-409		
12		中辉期货	14,210		206		
13		东兴期货	13,992		-1		
14		五矿经易	13,544		-661		
15		道通期货	13,038		-132		
16		中钢期货	10,529		-68		
17		大越期货	10,459		-19		
18		天风期货	9,294		-45		
19		国投安信	8,764		-1,734		
20		海通期货	8,717		-322		
总计				343,035		-4,014		



会员类别	总成交量	增减		
期货公司会员	895,836		304,190		

会员类别	总持买单量	增减		
期货公司会员	364,402		-4,849		

会员类别	总持卖单量	增减		
期货公司会员	343,035		-4,014		

