								大连商品交易所 成交量_买持仓_卖持仓排名	

合约代码：c2107		Date：2020-11-25	

			期货公司会员	

名次		会员简称	成交量		增减		
1		华泰期货	25,543		2,776		
2		东证期货	15,005		924		
3		国泰君安	9,787		-1,050		
4		光大期货	7,546		-180		
5		中辉期货	6,902		-2,512		
6		新湖期货	6,791		1,334		
7		中信期货	6,147		2,055		
8		浙商期货	5,841		1,929		
9		五矿经易	5,839		1,252		
10		国富期货	5,131		-3,827		
11		弘业期货	4,910		-6,063		
12		永安期货	4,765		1,687		
13		中大期货	4,661		624		
14		格林大华	4,324		774		
15		冠通期货	4,222		-5,406		
16		鲁证期货	4,065		115		
17		申银万国	4,037		2,203		
18		海通期货	3,643		-1,309		
19		国海良时	3,056		-644		
20		宏源期货	3,009		-4		
总计				135,224		-5,322		

名次		会员简称	持买单量	增减		
1		鲁证期货	28,447		0		
2		一德期货	13,471		0		
3		国泰君安	11,023		36		
4		中州期货	10,442		2		
5		中信建投	10,263		-21		
6		国富期货	7,769		-231		
7		永安期货	3,994		197		
8		中辉期货	3,497		-2		
9		建信期货	3,007		-32		
10		中信期货	2,604		-2		
11		混沌天成	2,000		100		
12		申银万国	1,843		-456		
13		东证期货	1,793		6		
14		华泰期货	1,780		503		
15		国信期货	1,599		239		
16		中大期货	1,536		-1		
17		海证期货	1,165		-22		
18		浙商期货	1,034		-8		
19		海通期货	837		3		
20		摩根大通	800		0		
总计				108,904		311		

名次		会员简称	持卖单量	增减		
1		中信期货	12,518		561		
2		光大期货	11,916		24		
3		东证期货	11,230		-23		
4		金瑞期货	8,543		298		
5		国投安信	6,286		-10		
6		东吴期货	5,868		-213		
7		鲁证期货	5,779		-7		
8		徽商期货	5,047		8		
9		长江期货	4,137		1,793		
10		国泰君安	3,522		179		
11		兴证期货	3,159		-67		
12		华安期货	2,750		258		
13		永安期货	2,244		-606		
14		平安期货	2,207		699		
15		东海期货	1,959		-594		
16		北京首创	1,881		-162		
17		申银万国	1,830		-495		
18		中大期货	1,733		20		
19		浙商期货	1,488		-37		
20		冠通期货	1,440		-701		
总计				95,537		925		



会员类别	总成交量	增减		
期货公司会员	135,224		-5,322		

会员类别	总持买单量	增减		
期货公司会员	108,904		311		

会员类别	总持卖单量	增减		
期货公司会员	95,537		925		

