								大连商品交易所 成交量_买持仓_卖持仓排名	

合约代码：eg2105		Date：2020-11-25	

			期货公司会员	

名次		会员简称	成交量		增减		
1		银河期货	3,837		2,011		
2		东证期货	3,264		910		
3		宏源期货	3,251		-297		
4		南华期货	2,907		1,556		
5		中信期货	2,878		-9		
6		徽商期货	2,704		303		
7		永安期货	1,826		-230		
8		华闻期货	1,506		399		
9		国泰君安	1,459		-840		
10		东海期货	1,455		520		
11		华安期货	1,297		728		
12		东吴期货	1,139		-966		
13		光大期货	1,131		-3,750		
14		天风期货	1,056		273		
15		上海中期	951		-265		
16		信达期货	948		754		
17		中信建投	833		-1,425		
18		华泰期货	811		59		
19		上海大陆	805		734		
20		方正中期	790		-726		
总计				34,848		-261		

名次		会员简称	持买单量	增减		
1		国元期货	9,866		77		
2		华泰期货	7,428		-219		
3		新湖期货	6,678		8		
4		信达期货	5,759		817		
5		建信期货	5,625		483		
6		中信期货	4,492		-8		
7		招商期货	4,407		-17		
8		通惠期货	4,310		100		
9		宝城期货	3,417		15		
10		华安期货	3,385		417		
11		鲁证期货	3,268		-88		
12		永安期货	2,804		222		
13		东证期货	2,794		44		
14		南华期货	2,566		502		
15		银河期货	2,507		298		
16		东吴期货	2,418		-5		
17		兴业期货	2,367		-14		
18		瑞达期货	1,876		9		
19		国富期货	1,518		4		
20		国投安信	1,383		-104		
总计				78,868		2,541		

名次		会员简称	持卖单量	增减		
1		永安期货	12,010		1,180		
2		弘业期货	8,088		2		
3		申银万国	5,839		48		
4		创元期货	5,231		-1		
5		银河期货	4,954		-185		
6		中信期货	4,363		678		
7		中银期货	4,213		90		
8		天风期货	3,311		46		
9		国泰君安	3,160		27		
10		东吴期货	3,158		142		
11		中信建投	3,121		-284		
12		五矿经易	2,522		211		
13		兴业期货	2,344		30		
14		东海期货	2,268		9		
15		中融汇信	2,215		130		
16		瑞达期货	2,198		-1		
17		一德期货	2,014		45		
18		南华期货	1,895		421		
19		国贸期货	1,875		0		
20		北京首创	1,663		-6		
总计				76,442		2,582		



会员类别	总成交量	增减		
期货公司会员	34,848		-261		

会员类别	总持买单量	增减		
期货公司会员	78,868		2,541		

会员类别	总持卖单量	增减		
期货公司会员	76,442		2,582		

