								大连商品交易所 成交量_买持仓_卖持仓排名	

合约代码：jd2101		Date：2020-11-25	

			期货公司会员	

名次		会员简称	成交量		增减		
1		东证期货	31,046		-18,187		
2		徽商期货	19,868		-8,407		
3		国富期货	14,599		-7,724		
4		海通期货	13,165		-802		
5		国泰君安	12,419		-5,873		
6		银河期货	11,966		-12,271		
7		中信期货	10,390		-11,838		
8		中信建投	10,251		-7,527		
9		宏源期货	9,372		-4,114		
10		方正中期	8,535		-6,195		
11		华安期货	8,265		-5,811		
12		东吴期货	7,554		-9,602		
13		华泰期货	7,223		-3,324		
14		申银万国	7,137		-5,822		
15		东方财富	6,279		-2,609		
16		中辉期货	6,081		-2,121		
17		光大期货	5,925		-6,420		
18		兴证期货	5,788		-31		
19		弘业期货	5,698		-14		
20		美尔雅期货	5,306		-2,704		
总计				206,867		-121,396	

名次		会员简称	持买单量	增减		
1		徽商期货	8,804		462		
2		华安期货	8,552		371		
3		方正中期	5,983		394		
4		宏源期货	5,949		-138		
5		永安期货	5,583		386		
6		银河期货	4,981		155		
7		国泰君安	4,891		-76		
8		安粮期货	4,875		230		
9		中信建投	4,630		-159		
10		中信期货	4,381		-968		
11		华泰期货	4,066		215		
12		汇鑫期货	4,042		-28		
13		长江期货	3,903		310		
14		东证期货	3,698		54		
15		中辉期货	3,297		469		
16		瑞达期货	3,184		167		
17		鲁证期货	3,172		108		
18		东方财富	3,161		-117		
19		广发期货	2,967		-30		
20		国投安信	2,895		356		
总计				93,014		2,161		

名次		会员简称	持卖单量	增减		
1		中信期货	8,923		584		
2		兴证期货	8,297		482		
3		国泰君安	7,740		93		
4		华泰期货	7,426		-678		
5		东证期货	6,654		250		
6		永安期货	5,349		294		
7		海通期货	5,211		51		
8		宏源期货	4,885		244		
9		中辉期货	4,694		-26		
10		南华期货	4,382		214		
11		银河期货	4,312		379		
12		徽商期货	4,061		-78		
13		瑞达期货	4,012		192		
14		国海良时	3,936		1,536		
15		方正中期	3,450		-13		
16		中粮期货	3,065		20		
17		中信建投	3,023		-416		
18		鲁证期货	2,930		-221		
19		光大期货	2,864		521		
20		美尔雅期货	2,738		-64		
总计				97,952		3,364		



会员类别	总成交量	增减		
期货公司会员	206,867		-121,396	

会员类别	总持买单量	增减		
期货公司会员	93,014		2,161		

会员类别	总持卖单量	增减		
期货公司会员	97,952		3,364		

