								大连商品交易所 成交量_买持仓_卖持仓排名	

合约代码：eg2101		Date：2020-11-25	

			期货公司会员	

名次		会员简称	成交量		增减		
1		东证期货	77,380		-19,970		
2		中信期货	24,130		-5,680		
3		国富期货	23,068		-7,463		
4		国泰君安	22,013		-2,820		
5		华泰期货	17,752		-4,219		
6		徽商期货	16,365		337		
7		海通期货	14,478		-6,963		
8		方正中期	10,838		-864		
9		中辉期货	10,401		4,345		
10		银河期货	10,028		-1,017		
11		国投安信	9,183		-2,440		
12		浙商期货	8,779		297		
13		美尔雅期货	8,324		-3,826		
14		东吴期货	8,220		510		
15		光大期货	7,992		-6,792		
16		华安期货	6,720		-734		
17		宏源期货	6,324		-606		
18		华闻期货	6,031		-893		
19		东方财富	5,756		-1,512		
20		新湖期货	5,744		-1,509		
总计				299,526		-61,819		

名次		会员简称	持买单量	增减		
1		永安期货	11,208		-24		
2		弘业期货	9,547		-128		
3		华泰期货	8,481		788		
4		东证期货	5,653		-154		
5		信达期货	5,398		-821		
6		宏源期货	5,303		627		
7		创元期货	5,200		-253		
8		通惠期货	5,094		-201		
9		中信期货	4,752		560		
10		华闻期货	4,692		151		
11		国泰君安	4,617		-251		
12		方正中期	4,307		-388		
13		中辉期货	3,847		2,398		
14		建信期货	3,611		-56		
15		美尔雅期货	3,387		-387		
16		徽商期货	3,281		-213		
17		中投期货	3,136		178		
18		鲁证期货	3,134		70		
19		海通期货	2,699		78		
20		银河期货	2,467		-317		
总计				99,814		1,657		

名次		会员简称	持卖单量	增减		
1		申银万国	17,901		536		
2		中信期货	15,930		-440		
3		永安期货	11,839		-118		
4		国元期货	9,072		-1,237		
5		天风期货	6,513		-301		
6		国投安信	4,753		83		
7		宝城期货	4,702		-15		
8		东海期货	4,442		-175		
9		瑞达期货	4,108		172		
10		新湖期货	3,859		661		
11		中财期货	3,758		317		
12		华泰期货	3,732		-160		
13		国泰君安	3,493		-176		
14		银河期货	3,460		521		
15		鲁证期货	3,340		292		
16		南华期货	3,235		-189		
17		国贸期货	3,153		-12		
18		浙商期货	3,066		195		
19		东证期货	2,800		60		
20		兴证期货	2,797		731		
总计				115,953		745		



会员类别	总成交量	增减		
期货公司会员	299,526		-61,819		

会员类别	总持买单量	增减		
期货公司会员	99,814		1,657		

会员类别	总持卖单量	增减		
期货公司会员	115,953		745		

