								大连商品交易所 成交量_买持仓_卖持仓排名	

合约代码：m2107		Date：2020-11-25	

			期货公司会员	

名次		会员简称	成交量		增减		
1		国泰君安	57,652		-5,543		
2		东证期货	44,958		12,488		
3		国富期货	24,328		-36		
4		光大期货	23,278		-21,584		
5		银河期货	20,412		-1,872		
6		申银万国	19,770		-3,004		
7		中州期货	17,126		12,046		
8		冠通期货	13,100		5,794		
9		神华期货	10,197		8,584		
10		华融融达	9,813		-23,150		
11		浙商期货	9,654		865		
12		国元期货	8,528		-13,721		
13		兴业期货	8,301		2,868		
14		新湖期货	7,312		1,848		
15		美尔雅期货	7,161		-14,354		
16		海证期货	7,150		5,513		
17		中天期货	7,126		1,582		
18		中原期货	7,070		5,438		
19		弘业期货	5,853		2,577		
20		国海良时	5,778		1,364		
总计				314,567		-22,297		

名次		会员简称	持买单量	增减		
1		国泰君安	9,412		-21		
2		申银万国	8,299		-131		
3		海通期货	5,410		226		
4		招商期货	3,007		11		
5		国投安信	2,327		-140		
6		南华期货	1,810		1		
7		宝城期货	1,407		207		
8		鲁证期货	1,196		0		
9		中信期货	1,188		0		
10		五矿经易	1,101		0		
11		国海良时	1,044		-21		
12		东吴期货	1,021		-5		
13		新湖期货	994		21		
14		浙商期货	898		-14		
15		国富期货	835		-98		
16		创元期货	793		11		
17		中粮期货	636		13		
18		兴业期货	634		380		
19		东证期货	509		-93		
20		冠通期货	438		-693		
总计				42,959		-346		

名次		会员简称	持卖单量	增减		
1		国泰君安	9,666		-3		
2		申银万国	8,163		-169		
3		安粮期货	6,999		193		
4		海通期货	4,840		-12		
5		招商期货	3,036		0		
6		摩根大通	2,657		0		
7		国投安信	2,357		-39		
8		南华期货	1,805		0		
9		国富期货	1,545		570		
10		东吴期货	1,215		90		
11		鲁证期货	1,189		-150		
12		五矿经易	1,084		0		
13		浙商期货	825		-4		
14		创元期货	657		29		
15		国海良时	558		-9		
16		平安期货	531		5		
17		冠通期货	467		75		
18		东证期货	401		223		
19		锦泰期货	336		144		
20		中大期货	300		0		
总计				48,631		943		



会员类别	总成交量	增减		
期货公司会员	314,567		-22,297		

会员类别	总持买单量	增减		
期货公司会员	42,959		-346		

会员类别	总持卖单量	增减		
期货公司会员	48,631		943		

