								大连商品交易所 成交量_买持仓_卖持仓排名	

合约代码：y2101		Date：2020-08-18	

			期货公司会员	

名次		会员简称	成交量		增减		
1		东证期货	186,445		-27,946		
2		兴证期货	61,945		-4,054		
3		国富期货	49,713		-16,512		
4		中信期货	43,774		-28,793		
5		光大期货	43,552		-9,517		
6		申银万国	35,951		-1,247		
7		海通期货	34,745		-1,393		
8		华闻期货	34,615		-5,712		
9		国泰君安	31,030		-23,483		
10		华泰期货	30,438		689		
11		中粮期货	20,470		-886		
12		银河期货	20,214		-48		
13		招商期货	15,513		3,159		
14		国投安信	15,082		-3,871		
15		徽商期货	14,718		-3,648		
16		方正中期	14,638		-9,962		
17		永安期货	13,585		-751		
18		广发期货	13,445		-3,617		
19		宏源期货	12,798		-4,166		
20		华安期货	12,565		-9,026		
总计				705,236		-150,784	

名次		会员简称	持买单量	增减		
1		永安期货	48,147		3,761		
2		光大期货	31,251		1,075		
3		银河期货	23,298		2,719		
4		天风期货	21,976		1,875		
5		浙商期货	21,574		1,376		
6		国泰君安	21,443		-927		
7		中粮期货	19,519		-175		
8		国投安信	19,393		1,892		
9		广发期货	19,010		227		
10		一德期货	18,000		621		
11		东证期货	17,292		-1,756		
12		大越期货	17,052		-56		
13		华泰期货	16,137		-2,115		
14		大地期货	15,524		80		
15		五矿经易	15,016		452		
16		申银万国	11,191		-386		
17		海通期货	10,725		-2,943		
18		中信期货	8,953		-931		
19		东兴期货	8,247		271		
20		国富期货	8,235		-223		
总计				371,983		4,837		

名次		会员简称	持卖单量	增减		
1		中粮期货	130,552		5,707		
2		国投安信	66,941		-570		
3		广发期货	42,404		2,136		
4		中信期货	35,017		-23		
5		信达期货	34,241		7,938		
6		摩根大通	32,770		295		
7		国泰君安	28,593		877		
8		银河期货	25,647		-1,301		
9		一德期货	19,413		-2,814		
10		永安期货	14,895		-54		
11		海通期货	11,308		254		
12		北京首创	10,260		-787		
13		南华期货	10,039		144		
14		上海中期	8,154		-515		
15		五矿经易	7,908		-46		
16		新湖期货	7,492		-119		
17		鲁证期货	7,341		721		
18		中大期货	6,998		934		
19		国富期货	6,314		42		
20		东证期货	6,297		-2,333		
总计				512,584		10,486		



会员类别	总成交量	增减		
期货公司会员	705,236		-150,784	

会员类别	总持买单量	增减		
期货公司会员	371,983		4,837		

会员类别	总持卖单量	增减		
期货公司会员	512,584		10,486		

