								大连商品交易所 成交量_买持仓_卖持仓排名	

合约代码：c2009		Date：2020-08-18	

			期货公司会员	

名次		会员简称	成交量		增减		
1		中信期货	14,503		4,245		
2		东证期货	13,092		-7,319		
3		中财期货	10,736		10,185		
4		国投安信	10,655		7,227		
5		光大期货	5,093		2,281		
6		长安期货	3,762		-1,695		
7		中原期货	3,281		1,344		
8		华泰期货	2,616		-9,147		
9		永安期货	2,187		-2,265		
10		国泰君安	1,992		-2,028		
11		广发期货	1,900		-9,318		
12		创元期货	1,747		1,195		
13		国富期货	1,601		-1,093		
14		长江期货	1,575		-1,172		
15		北京首创	1,555		433		
16		五矿经易	1,505		104		
17		申银万国	1,383		253		
18		华融融达	1,333		683		
19		银河期货	1,109		-2,266		
20		方正中期	995		3		
总计				82,620		-8,350		

名次		会员简称	持买单量	增减		
1		国投安信	9,840		2,831		
2		广发期货	5,779		-942		
3		永安期货	5,321		-632		
4		中信期货	3,809		-203		
5		鲁证期货	3,649		-233		
6		金瑞期货	3,421		4		
7		华泰期货	2,794		-140		
8		混沌天成	2,513		-4		
9		东证期货	2,360		-727		
10		国泰君安	2,271		-99		
11		中国国际	2,263		-52		
12		光大期货	1,526		-93		
13		北京首创	1,252		-1		
14		一德期货	1,176		-340		
15		创元期货	1,110		-58		
16		摩根大通	1,084		0		
17		华安期货	1,077		263		
18		兴证期货	1,067		14		
19		申银万国	980		-652		
20		大有期货	926		0		
总计				54,218		-1,064		

名次		会员简称	持卖单量	增减		
1		金瑞期货	7,180		-156		
2		中粮期货	5,286		-40		
3		信达期货	5,246		-536		
4		光大期货	4,806		-1,584		
5		银河期货	3,865		-428		
6		国贸期货	3,180		-12		
7		永安期货	2,945		-781		
8		中信期货	2,254		-7,748		
9		中国国际	2,248		-10		
10		华泰期货	2,235		22		
11		国泰君安	2,223		-1		
12		兴证期货	2,168		-22		
13		国投安信	1,884		18		
14		鲁证期货	1,822		-215		
15		广发期货	1,518		-532		
16		西南期货	1,288		-169		
17		中投期货	1,025		-77		
18		瑞达期货	980		-5		
19		海通期货	964		-238		
20		大有期货	954		-3		
总计				54,071		-12,517		



会员类别	总成交量	增减		
期货公司会员	82,620		-8,350		

会员类别	总持买单量	增减		
期货公司会员	54,218		-1,064		

会员类别	总持卖单量	增减		
期货公司会员	54,071		-12,517		

