								大连商品交易所 成交量_买持仓_卖持仓排名	

合约代码：cs2011		Date：2020-08-18	

			期货公司会员	

名次		会员简称	成交量		增减		
1		国泰君安	5,250		2,951		
2		五矿经易	1,363		532		
3		格林大华	1,252		226		
4		浙商期货	1,121		8		
5		银河期货	1,084		-274		
6		新湖期货	1,020		45		
7		华闻期货	855		-152		
8		东证期货	801		498		
9		中信期货	744		-63		
10		鲁证期货	687		92		
11		招商期货	641		259		
12		光大期货	497		-64		
13		海通期货	404		-20		
14		南华期货	349		-84		
15		中粮期货	343		-130		
16		金瑞期货	250		150		
17		中信建投	226		16		
18		徽商期货	167		-90		
19		华安期货	153		-92		
20		国富期货	134		-375		
总计				17,341		3,433		

名次		会员简称	持买单量	增减		
1		中信期货	1,629		0		
2		五矿经易	1,609		22		
3		格林大华	1,270		295		
4		鲁证期货	1,265		0		
5		南华期货	1,112		0		
6		浙商期货	1,056		12		
7		金瑞期货	1,050		-50		
8		光大期货	1,008		1		
9		海通期货	1,003		-1		
10		招商期货	896		-7		
11		中信建投	800		0		
12		东证期货	635		32		
13		中粮期货	602		-8		
14		华泰期货	378		0		
15		新湖期货	304		-65		
16		国泰君安	152		-8		
17		银河期货	119		86		
18		徽商期货	66		-6		
19		华安期货	60		-13		
20		中辉期货	38		1		
总计				15,052		291		

名次		会员简称	持卖单量	增减		
1		中信期货	2,016		-2		
2		五矿经易	1,609		-49		
3		格林大华	1,270		297		
4		鲁证期货	1,267		-1		
5		南华期货	1,123		23		
6		光大期货	1,008		-4		
7		海通期货	1,003		-1		
8		浙商期货	1,000		-5		
9		招商期货	903		0		
10		国富期货	830		-7		
11		中信建投	801		0		
12		东证期货	617		3		
13		中粮期货	603		-5		
14		金瑞期货	500		0		
15		新湖期货	313		25		
16		中融汇信	200		-66		
17		国泰君安	105		-14		
18		华闻期货	33		25		
19		华泰期货	28		0		
20		中州期货	18		2		
总计				15,247		221		



会员类别	总成交量	增减		
期货公司会员	17,341		3,433		

会员类别	总持买单量	增减		
期货公司会员	15,052		291		

会员类别	总持卖单量	增减		
期货公司会员	15,247		221		

