								大连商品交易所 成交量_买持仓_卖持仓排名	

合约代码：m2009		Date：2020-08-18	

			期货公司会员	

名次		会员简称	成交量		增减		
1		东证期货	56,544		-7,902		
2		中粮期货	22,926		145		
3		国投安信	18,601		-3,400		
4		永安期货	18,455		5,185		
5		中信期货	16,044		5,266		
6		兴证期货	13,786		-4,082		
7		光大期货	12,036		-54		
8		华泰期货	10,807		2,303		
9		北京首创	10,418		8,899		
10		倍特期货	8,598		5,474		
11		南华期货	7,574		4,434		
12		国泰君安	6,674		-1,955		
13		一德期货	6,340		3,516		
14		华安期货	6,162		4,626		
15		金瑞期货	6,020		1,607		
16		银河期货	5,531		-289		
17		五矿经易	5,023		4,123		
18		申银万国	4,915		3,774		
19		安粮期货	4,636		2,112		
20		美尔雅期货	3,687		-721		
总计				244,777		33,061		

名次		会员简称	持买单量	增减		
1		永安期货	10,447		-10,928		
2		国泰君安	10,013		-100		
3		中粮期货	9,558		-6,657		
4		一德期货	9,001		-460		
5		倍特期货	8,734		-3,058		
6		中信期货	8,704		-790		
7		国投安信	6,573		-532		
8		格林大华	6,536		394		
9		兴证期货	6,042		-152		
10		华泰期货	4,781		-1,029		
11		国富期货	4,712		-307		
12		五矿经易	4,618		-4,828		
13		广发期货	4,546		-569		
14		平安期货	4,420		-53		
15		东证期货	4,186		-554		
16		安粮期货	3,545		-4,498		
17		方正中期	3,453		-1,262		
18		摩根大通	3,378		-7		
19		宏源期货	3,353		-535		
20		大地期货	3,338		-789		
总计				119,938		-36,714		

名次		会员简称	持卖单量	增减		
1		国投安信	47,586		-14,331		
2		中粮期货	36,504		-13,995		
3		一德期货	10,849		-3,766		
4		中信期货	10,658		-4,734		
5		南华期货	9,936		-3,685		
6		五矿经易	8,886		-71		
7		永安期货	8,476		-6,773		
8		新湖期货	7,338		-460		
9		广发期货	5,759		-26		
10		摩根大通	4,763		1,000		
11		国泰君安	4,491		-356		
12		东海期货	4,318		9		
13		银河期货	3,737		-1,203		
14		鲁证期货	3,444		524		
15		建信期货	3,146		-1,484		
16		中国国际	2,815		-197		
17		信达期货	2,680		-200		
18		海通期货	2,652		295		
19		北京金鹏	2,644		-740		
20		美尔雅期货	2,198		309		
总计				182,880		-49,884		



会员类别	总成交量	增减		
期货公司会员	244,777		33,061		

会员类别	总持买单量	增减		
期货公司会员	119,938		-36,714		

会员类别	总持卖单量	增减		
期货公司会员	182,880		-49,884		

