								大连商品交易所 成交量_买持仓_卖持仓排名	

合约代码：jd2009		Date：2020-08-18	

			期货公司会员	

名次		会员简称	成交量		增减		
1		东证期货	25,960		-15,087		
2		徽商期货	17,640		-14,587		
3		方正中期	11,684		-6,211		
4		华安期货	11,080		-8,851		
5		国泰君安	11,045		-8,295		
6		银河期货	9,826		-4,743		
7		东吴期货	9,284		-4,027		
8		国富期货	8,770		-4,386		
9		申银万国	8,255		-3,890		
10		中信期货	8,107		-8,061		
11		东方财富	7,957		-3,738		
12		宏源期货	7,367		-4,732		
13		海通期货	7,301		-3,907		
14		中辉期货	7,168		-7,884		
15		华泰期货	7,054		-7,147		
16		中信建投	6,680		-3,606		
17		安粮期货	6,007		-4,346		
18		金瑞期货	5,898		-3,292		
19		光大期货	5,712		-5,856		
20		鲁证期货	5,365		-3,143		
总计				188,160		-125,789	

名次		会员简称	持买单量	增减		
1		徽商期货	4,257		-96		
2		国泰君安	3,767		-310		
3		方正中期	2,798		-278		
4		华安期货	2,608		-272		
5		银河期货	2,286		-71		
6		东方财富	2,241		-55		
7		华泰期货	2,206		-309		
8		中信建投	2,104		-125		
9		永安期货	1,972		59		
10		中信期货	1,910		-106		
11		鲁证期货	1,866		-9		
12		南华期货	1,685		-24		
13		新纪元期货	1,672		150		
14		光大期货	1,597		-68		
15		山西三立	1,596		-97		
16		平安期货	1,591		-42		
17		宏源期货	1,581		-153		
18		中辉期货	1,451		-681		
19		东证期货	1,372		-24		
20		国投安信	1,344		-72		
总计				41,904		-2,583		

名次		会员简称	持卖单量	增减		
1		方正中期	4,489		-366		
2		华安期货	3,463		-126		
3		徽商期货	3,258		466		
4		宏源期货	3,028		-602		
5		福能期货	2,623		74		
6		格林大华	2,603		1		
7		先锋期货	2,325		164		
8		中信建投	2,289		299		
9		国泰君安	2,215		177		
10		英大期货	2,190		402		
11		永安期货	2,104		27		
12		华泰期货	1,937		101		
13		中财期货	1,884		28		
14		银河期货	1,810		-295		
15		招金期货	1,782		-366		
16		美尔雅期货	1,760		246		
17		鲁证期货	1,543		-80		
18		中信期货	1,525		-213		
19		国贸期货	1,520		-98		
20		安粮期货	1,498		-303		
总计				45,846		-464		



会员类别	总成交量	增减		
期货公司会员	188,160		-125,789	

会员类别	总持买单量	增减		
期货公司会员	41,904		-2,583		

会员类别	总持卖单量	增减		
期货公司会员	45,846		-464		

