								大连商品交易所 成交量_买持仓_卖持仓排名	

合约代码：p2010		Date：2020-08-18	

			期货公司会员	

名次		会员简称	成交量		增减		
1		国泰君安	7,891		144		
2		华闻期货	2,653		124		
3		中信期货	2,175		-314		
4		浙商期货	2,042		208		
5		徽商期货	1,865		15		
6		新湖期货	1,686		247		
7		平安期货	1,605		114		
8		光大期货	1,479		-649		
9		格林大华	1,454		707		
10		华西期货	1,392		529		
11		银河期货	1,299		983		
12		海通期货	1,257		780		
13		招商期货	1,167		293		
14		国海良时	1,106		521		
15		中信建投	1,104		-569		
16		瑞达期货	656		-468		
17		鲁证期货	601		-156		
18		五矿经易	555		57		
19		方正中期	533		-104		
20		天风期货	418		-127		
总计				32,938		2,335		

名次		会员简称	持买单量	增减		
1		瑞达期货	1,307		-41		
2		中信期货	1,101		-154		
3		光大期货	1,084		25		
4		招商期货	990		-6		
5		五矿经易	869		15		
6		中信建投	808		0		
7		东吴期货	751		1		
8		银河期货	588		585		
9		国海良时	486		-44		
10		冠通期货	400		0		
11		华安期货	400		-3		
12		鲁证期货	372		0		
13		海通期货	210		7		
14		格林大华	210		3		
15		国泰君安	160		-14		
16		东证期货	100		90		
17		国投安信	91		0		
18		中粮期货	87		49		
19		南华期货	47		45		
20		一德期货	40		0		
总计				10,101		558		

名次		会员简称	持卖单量	增减		
1		瑞达期货	1,301		-41		
2		中信期货	1,122		-19		
3		光大期货	1,083		58		
4		招商期货	1,006		3		
5		五矿经易	850		0		
6		中信建投	835		0		
7		东吴期货	752		2		
8		国富期货	493		0		
9		国海良时	475		-24		
10		华安期货	415		4		
11		冠通期货	400		0		
12		鲁证期货	373		1		
13		格林大华	228		21		
14		海通期货	215		8		
15		国泰君安	164		-3		
16		华泰期货	106		106		
17		方正中期	99		2		
18		华闻期货	37		8		
19		徽商期货	33		30		
20		平安期货	32		21		
总计				10,019		177		



会员类别	总成交量	增减		
期货公司会员	32,938		2,335		

会员类别	总持买单量	增减		
期货公司会员	10,101		558		

会员类别	总持卖单量	增减		
期货公司会员	10,019		177		

