								大连商品交易所 成交量_买持仓_卖持仓排名	

合约代码：c2011		Date：2020-08-18	

			期货公司会员	

名次		会员简称	成交量		增减		
1		国泰君安	14,722		4,454		
2		光大期货	6,266		1,073		
3		新湖期货	6,221		2,754		
4		华闻期货	5,914		162		
5		中粮期货	5,223		2,266		
6		中大期货	5,060		2,829		
7		国富期货	3,613		1,482		
8		永安期货	3,148		925		
9		银河期货	2,934		367		
10		海通期货	2,927		1,690		
11		东证期货	2,718		607		
12		方正中期	2,467		787		
13		格林大华	2,454		287		
14		鲁证期货	2,393		393		
15		申银万国	2,196		507		
16		西部期货	2,062		-562		
17		锦泰期货	1,227		-200		
18		中信期货	1,216		-66		
19		五矿经易	1,160		778		
20		国投安信	1,157		1,038		
总计				75,078		21,571		

名次		会员简称	持买单量	增减		
1		宝城期货	5,125		0		
2		永安期货	4,803		21		
3		东证期货	4,219		11		
4		鲁证期货	3,910		4		
5		中信期货	3,586		25		
6		海通期货	3,270		8		
7		五矿经易	3,117		-10		
8		格林大华	3,055		-1		
9		中财期货	3,005		4		
10		中大期货	2,821		221		
11		新湖期货	2,596		32		
12		浙商期货	2,502		-46		
13		弘业期货	2,255		-1		
14		国投安信	2,224		428		
15		华安期货	2,060		18		
16		中粮期货	2,041		190		
17		一德期货	863		6		
18		国海良时	840		3		
19		南华期货	680		-486		
20		国泰君安	648		-21		
总计				53,620		406		

名次		会员简称	持卖单量	增减		
1		永安期货	6,866		-1		
2		宝城期货	5,139		1		
3		中信期货	4,371		-23		
4		东证期货	4,200		73		
5		鲁证期货	3,959		-1		
6		海通期货	3,766		-117		
7		五矿经易	3,265		-2		
8		格林大华	3,072		-1		
9		中大期货	2,801		221		
10		浙商期货	2,646		-29		
11		新湖期货	2,545		11		
12		弘业期货	2,221		-1		
13		中粮期货	2,081		69		
14		国泰君安	1,004		-75		
15		国海良时	867		17		
16		国投安信	639		9		
17		金瑞期货	600		-9		
18		申银万国	586		-19		
19		光大期货	567		2		
20		银河期货	435		89		
总计				51,630		214		



会员类别	总成交量	增减		
期货公司会员	75,078		21,571		

会员类别	总持买单量	增减		
期货公司会员	53,620		406		

会员类别	总持卖单量	增减		
期货公司会员	51,630		214		

