								大连商品交易所 成交量_买持仓_卖持仓排名	

合约代码：cs2009		Date：2020-08-18	

			期货公司会员	

名次		会员简称	成交量		增减		
1		华泰期货	27,974		-3,847		
2		美尔雅期货	19,863		19,400		
3		国泰君安	18,826		5,089		
4		东证期货	9,418		-8,625		
5		方正中期	6,597		5,011		
6		海通期货	5,862		-660		
7		中信期货	5,767		-3,309		
8		兴证期货	4,831		-45		
9		国富期货	4,079		367		
10		金瑞期货	3,539		406		
11		天风期货	3,473		518		
12		中融汇信	3,107		2,084		
13		东吴期货	2,866		959		
14		光大期货	2,679		1,338		
15		银河期货	2,320		-1,125		
16		广发期货	1,904		-68		
17		国贸期货	1,852		1,097		
18		鲁证期货	1,705		-424		
19		长安期货	1,625		1,199		
20		华闻期货	1,575		-68		
总计				129,862		19,297		

名次		会员简称	持买单量	增减		
1		中粮期货	1,632		-276		
2		华泰期货	1,495		-173		
3		东吴期货	1,067		1,000		
4		东证期货	1,013		-40		
5		国富期货	934		-48		
6		国泰君安	824		-33		
7		华安期货	781		411		
8		中信期货	728		65		
9		金瑞期货	711		385		
10		中融汇信	696		-1,487		
11		广发期货	630		404		
12		倍特期货	628		67		
13		海通期货	578		-308		
14		鲁证期货	479		38		
15		长江期货	460		-215		
16		方正中期	439		-286		
17		徽商期货	420		-12		
18		永安期货	415		-505		
19		兴证期货	388		-166		
20		中财期货	381		142		
总计				14,699		-1,037		

名次		会员简称	持卖单量	增减		
1		中粮期货	3,493		-622		
2		永安期货	1,733		-90		
3		鲁证期货	1,468		-75		
4		南华期货	1,365		301		
5		中融汇信	922		4		
6		国金期货	908		-999		
7		海通期货	807		234		
8		华泰期货	746		-57		
9		国泰君安	740		-425		
10		兴证期货	717		-571		
11		中信期货	688		-288		
12		五矿经易	578		2		
13		光大期货	576		80		
14		国富期货	523		-11		
15		长江期货	516		435		
16		东吴期货	515		-400		
17		银河期货	415		-138		
18		宏源期货	349		-38		
19		国信期货	348		186		
20		云财富		337		-2		
总计				17,744		-2,474		



会员类别	总成交量	增减		
期货公司会员	129,862		19,297		

会员类别	总持买单量	增减		
期货公司会员	14,699		-1,037		

会员类别	总持卖单量	增减		
期货公司会员	17,744		-2,474		

