								大连商品交易所 成交量_买持仓_卖持仓排名	

合约代码：eg2010		Date：2020-08-18	

			期货公司会员	

名次		会员简称	成交量		增减		
1		东证期货	8,731		-2,924		
2		国泰君安	4,177		327		
3		申银万国	4,141		-1,280		
4		浙商期货	3,739		-204		
5		中粮期货	3,552		2,411		
6		迈科期货	2,916		38		
7		国富期货	2,794		2,759		
8		国投安信	2,468		233		
9		银河期货	2,437		1,070		
10		方正中期	2,126		-1,345		
11		华闻期货	2,089		-1,948		
12		华西期货	1,999		-679		
13		五矿经易	1,959		-149		
14		中辉期货	1,769		1,752		
15		冠通期货	1,620		1,620		
16		格林大华	1,538		-950		
17		中信期货	1,517		-948		
18		南华期货	1,372		1,070		
19		创元期货	1,336		774		
20		招商期货	1,329		-1,313		
总计				53,609		314		

名次		会员简称	持买单量	增减		
1		国投安信	1,314		54		
2		东吴期货	1,080		24		
3		招商期货	1,042		36		
4		五矿经易	1,027		-1		
5		创元期货	780		-65		
6		方正中期	742		11		
7		一德期货	731		122		
8		申银万国	468		12		
9		冠通期货	440		0		
10		迈科期货	378		-52		
11		中信期货	351		2		
12		国泰君安	329		-17		
13		银河期货	286		253		
14		格林大华	200		-17		
15		长城期货	162		96		
16		北京首创	127		84		
17		宏源期货	117		0		
18		东证期货	113		-14		
19		中粮期货	105		18		
20		宝城期货	100		0		
总计				9,892		546		

名次		会员简称	持卖单量	增减		
1		东吴期货	1,321		62		
2		国投安信	1,272		10		
3		招商期货	1,011		5		
4		五矿经易	964		0		
5		创元期货	793		-19		
6		方正中期	700		-3		
7		宏源期货	556		0		
8		申银万国	552		83		
9		浙商期货	511		-110		
10		冠通期货	440		0		
11		中信期货	378		19		
12		迈科期货	378		-52		
13		中财期货	300		300		
14		大地期货	200		200		
15		国联期货	200		0		
16		格林大华	200		-17		
17		广州期货	124		124		
18		国金期货	112		0		
19		东证期货	101		-19		
20		国泰君安	96		-20		
总计				10,209		563		



会员类别	总成交量	增减		
期货公司会员	53,609		314		

会员类别	总持买单量	增减		
期货公司会员	9,892		546		

会员类别	总持卖单量	增减		
期货公司会员	10,209		563		

