								大连商品交易所 成交量_买持仓_卖持仓排名	

合约代码：p2105		Date：2020-08-18	

			期货公司会员	

名次		会员简称	成交量		增减		
1		一德期货	2,937		2,329		
2		中天期货	1,685		618		
3		光大期货	1,496		536		
4		中辉期货	1,331		1,096		
5		国元期货	1,220		587		
6		兴证期货	1,220		1,046		
7		国泰君安	1,143		-84		
8		华安期货	1,021		456		
9		宏源期货	967		-210		
10		中信期货	949		-750		
11		海通期货	941		641		
12		永安期货	795		-464		
13		申银万国	785		488		
14		国富期货	695		-574		
15		广发期货	653		28		
16		华闻期货	535		414		
17		安粮期货	527		-1,882		
18		中投期货	504		-293		
19		国投安信	489		66		
20		鲁证期货	472		402		
总计				20,365		4,450		

名次		会员简称	持买单量	增减		
1		浙商期货	3,062		12		
2		永安期货	2,510		441		
3		兴证期货	2,123		586		
4		申银万国	1,614		465		
5		华融融达	1,414		-14		
6		中粮期货	1,316		14		
7		中信期货	1,107		-30		
8		中辉期货	1,030		499		
9		广发期货	926		409		
10		银河期货	790		386		
11		五矿经易	770		50		
12		华泰期货	705		-19		
13		鲁证期货	698		459		
14		华安期货	566		32		
15		国投安信	537		98		
16		国富期货	535		-26		
17		平安期货	534		77		
18		安粮期货	482		391		
19		天风期货	411		126		
20		倍特期货	407		102		
总计				21,537		4,058		

名次		会员简称	持卖单量	增减		
1		国富期货	3,975		575		
2		一德期货	3,375		2,597		
3		摩根大通	2,721		0		
4		兴证期货	2,079		488		
5		永安期货	2,070		14		
6		华融融达	1,978		11		
7		国投安信	1,447		31		
8		海通期货	1,424		804		
9		银河期货	897		18		
10		鲁证期货	833		-1		
11		中信期货	707		-303		
12		南华期货	692		10		
13		中辉期货	652		528		
14		国泰君安	621		-10		
15		浙商期货	597		77		
16		上海中期	558		3		
17		中财期货	547		101		
18		中粮期货	505		149		
19		中州期货	464		-2		
20		海证期货	366		21		
总计				26,508		5,111		



会员类别	总成交量	增减		
期货公司会员	20,365		4,450		

会员类别	总持买单量	增减		
期货公司会员	21,537		4,058		

会员类别	总持卖单量	增减		
期货公司会员	26,508		5,111		

