								大连商品交易所 成交量_买持仓_卖持仓排名	

合约代码：b2010		Date：2020-08-18	

			期货公司会员	

名次		会员简称	成交量		增减		
1		华泰期货	13,766		-3,864		
2		国富期货	5,022		-1,169		
3		国泰君安	4,313		-820		
4		东证期货	2,473		-1,460		
5		海通期货	2,022		-1,446		
6		中信期货	1,847		-634		
7		光大期货	1,776		-600		
8		方正中期	1,718		-1,729		
9		国投安信	1,605		-1,031		
10		徽商期货	1,586		392		
11		申银万国	1,519		-939		
12		深圳金汇	1,500		-631		
13		华安期货	1,439		-81		
14		安粮期货	1,307		106		
15		东方财富	1,171		-177		
16		南华期货	1,149		-261		
17		宏源期货	1,100		-217		
18		国海良时	940		-337		
19		渤海期货	937		-491		
20		五矿经易	909		127		
总计				48,099		-15,262		

名次		会员简称	持买单量	增减		
1		海通期货	3,377		-45		
2		深圳金汇	2,000		1,500		
3		方正中期	1,568		119		
4		南华期货	1,557		-52		
5		国投安信	1,345		73		
6		五矿经易	1,181		3		
7		华泰期货	1,070		272		
8		中原期货	1,042		9		
9		光大期货	952		-198		
10		申银万国	873		211		
11		东证期货	767		30		
12		渤海期货	759		-6		
13		永安期货	744		76		
14		国泰君安	709		-11		
15		中信期货	697		197		
16		东方财富	577		-15		
17		弘业期货	559		-1		
18		中粮期货	550		-5		
19		中信建投	368		-2		
20		国海良时	338		-5		
总计				21,033		2,150		

名次		会员简称	持卖单量	增减		
1		海通期货	3,336		-217		
2		南华期货	2,119		1		
3		摩根大通	2,000		0		
4		五矿经易	1,901		226		
5		国投安信	1,869		564		
6		方正中期	1,363		89		
7		光大期货	1,086		-162		
8		北京首创	1,055		151		
9		中原期货	1,016		11		
10		中信建投	899		374		
11		渤海期货	794		-27		
12		国泰君安	675		68		
13		东证期货	590		-37		
14		一德期货	493		247		
15		弘业期货	493		-16		
16		宏源期货	451		21		
17		先锋期货	439		197		
18		银河期货	422		70		
19		中天期货	418		6		
20		申银万国	399		2		
总计				21,818		1,568		



会员类别	总成交量	增减		
期货公司会员	48,099		-15,262		

会员类别	总持买单量	增减		
期货公司会员	21,033		2,150		

会员类别	总持卖单量	增减		
期货公司会员	21,818		1,568		

