								大连商品交易所 成交量_买持仓_卖持仓排名	

合约代码：pp2101		Date：2020-08-18	

			期货公司会员	

名次		会员简称	成交量		增减		
1		东证期货	87,661		37,310		
2		中信期货	30,307		9,668		
3		国富期货	26,367		9,767		
4		海通期货	19,139		9,471		
5		国泰君安	13,667		4,631		
6		永安期货	13,349		4,932		
7		浙商期货	13,318		6,943		
8		徽商期货	12,793		5,958		
9		中辉期货	9,288		5,160		
10		华安期货	9,240		1,926		
11		华泰期货	9,167		879		
12		中信建投	8,219		4,708		
13		混沌天成	7,866		7,481		
14		申银万国	7,795		4,297		
15		国信期货	6,976		3,959		
16		东海期货	6,953		-935		
17		安粮期货	6,789		2,401		
18		宏源期货	6,670		2,576		
19		方正中期	6,212		3,210		
20		银河期货	6,070		1,796		
总计				307,846		126,138		

名次		会员简称	持买单量	增减		
1		永安期货	31,758		982		
2		中信期货	30,452		2,414		
3		新湖期货	10,066		245		
4		银河期货	8,620		1,584		
5		东证期货	7,403		670		
6		混沌天成	6,827		6,493		
7		浙商期货	5,868		446		
8		国泰君安	5,797		3,070		
9		东海期货	5,105		309		
10		华泰期货	4,963		1,381		
11		大地期货	4,269		191		
12		海通期货	4,118		1,429		
13		瑞达期货	3,755		646		
14		方正中期	3,707		244		
15		申银万国	3,530		619		
16		摩根大通	3,524		0		
17		中信建投	3,461		750		
18		华安期货	3,296		389		
19		宏源期货	3,286		1,137		
20		国投安信	2,948		147		
总计				152,753		23,146		

名次		会员简称	持卖单量	增减		
1		浙商期货	15,101		3,142		
2		永安期货	11,512		4,059		
3		国投安信	11,356		1,487		
4		国泰君安	10,926		1,975		
5		中银期货	9,681		363		
6		南华期货	8,244		1,992		
7		华泰期货	8,156		1,464		
8		建信期货	7,407		592		
9		银河期货	6,931		972		
10		瑞达期货	5,874		1,206		
11		中信期货	5,569		313		
12		鲁证期货	5,477		1,288		
13		东证期货	5,351		473		
14		国信期货	5,057		1,745		
15		海通期货	4,781		2,028		
16		方正中期	4,714		1,182		
17		华融融达	4,582		306		
18		广发期货	4,552		1,819		
19		东海期货	4,266		1,508		
20		浙江新世纪	4,135		74		
总计				143,672		27,988		



会员类别	总成交量	增减		
期货公司会员	307,846		126,138		

会员类别	总持买单量	增减		
期货公司会员	152,753		23,146		

会员类别	总持卖单量	增减		
期货公司会员	143,672		27,988		

