								大连商品交易所 成交量_买持仓_卖持仓排名	

合约代码：p2009		Date：2020-08-18	

			期货公司会员	

名次		会员简称	成交量		增减		
1		东证期货	64,582		-32,531		
2		光大期货	30,664		-205		
3		海通期货	18,109		2,979		
4		国泰君安	13,503		-9,960		
5		中信期货	12,534		-6,181		
6		申银万国	12,510		-6,062		
7		中粮期货	10,411		1,336		
8		兴证期货	9,111		-4,498		
9		广发期货	7,628		-1,319		
10		永安期货	6,254		59		
11		国投安信	5,593		500		
12		华泰期货	5,268		-8,284		
13		国富期货	4,612		-5,086		
14		华安期货	4,441		-1,678		
15		金瑞期货	3,971		-1,259		
16		华西期货	3,800		-47		
17		徽商期货	3,656		-2,285		
18		国元期货	3,168		-2,941		
19		东方财富	2,838		-2,210		
20		平安期货	2,803		-923		
总计				225,456		-80,595		

名次		会员简称	持买单量	增减		
1		银河期货	9,252		-522		
2		永安期货	6,498		-3,090		
3		中信期货	5,883		-1,302		
4		一德期货	4,802		-210		
5		国投安信	3,400		78		
6		中粮期货	3,237		-2,191		
7		华融融达	2,686		-278		
8		北京首创	2,412		-2,204		
9		国泰君安	2,254		-459		
10		东证期货	1,745		-780		
11		华泰期货	1,542		-279		
12		华安期货	1,427		360		
13		国富期货	1,372		-55		
14		广发期货	1,349		-2,210		
15		国盛期货	1,340		10		
16		光大期货	1,223		44		
17		中州期货	1,049		-258		
18		中辉期货	1,045		-3		
19		宝城期货	1,034		-516		
20		鲁证期货	949		-306		
总计				54,499		-14,171		

名次		会员简称	持卖单量	增减		
1		中粮期货	16,642		-6,388		
2		国投安信	7,951		-1,165		
3		中信期货	7,102		-1,380		
4		中天期货	3,830		-2		
5		广发期货	3,319		-2,378		
6		国富期货	2,373		-155		
7		方正中期	2,076		-246		
8		东证期货	1,938		-182		
9		银河期货	1,394		-548		
10		东海期货	1,322		-414		
11		申银万国	1,237		-206		
12		永安期货	1,227		-1,156		
13		南华期货	1,169		-24		
14		弘业期货	1,165		-165		
15		国泰君安	1,165		-376		
16		国贸期货	1,064		-337		
17		东方财富	1,036		-457		
18		徽商期货	946		-220		
19		光大期货	898		-172		
20		宏源期货	748		-387		
总计				58,602		-16,358		



会员类别	总成交量	增减		
期货公司会员	225,456		-80,595		

会员类别	总持买单量	增减		
期货公司会员	54,499		-14,171		

会员类别	总持卖单量	增减		
期货公司会员	58,602		-16,358		

