								大连商品交易所 成交量_买持仓_卖持仓排名	

合约代码：jm2111		Date：2021-06-03	

			期货公司会员	

名次		会员简称	成交量		增减		
1		东证期货	4,715		1,119		
2		国富期货	4,066		2,988		
3		中辉期货	1,552		652		
4		中国国际	1,253		1,207		
5		银河期货	1,238		1,069		
6		申银万国	1,210		817		
7		光大期货	846		468		
8		中信建投	836		802		
9		神华期货	788		786		
10		海通期货	646		431		
11		方正中期	547		58		
12		长江期货	486		-150		
13		华闻期货	464		-30		
14		江西瑞奇	426		164		
15		国信期货	425		-77		
16		英大期货	420		416		
17		华泰期货	408		236		
18		一德期货	361		302		
19		浙商期货	293		-66		
20		国泰君安	270		-141		
总计				21,250		11,051		

名次		会员简称	持买单量	增减		
1		国泰君安	6,125		83		
2		申银万国	5,169		6		
3		东证期货	4,550		714		
4		国富期货	3,104		1,435		
5		光大期货	2,899		-17		
6		东吴期货	1,500		-104		
7		银河期货	1,403		676		
8		宏源期货	1,370		8		
9		国投安信	1,305		4		
10		中辉期货	1,291		771		
11		创元期货	1,101		1		
12		中信期货	1,003		-39		
13		中信建投	972		-403		
14		冠通期货	931		0		
15		建信期货	906		30		
16		宝城期货	900		0		
17		中粮期货	824		12		
18		长江期货	800		207		
19		南华期货	708		-17		
20		方正中期	644		137		
总计				37,505		3,504		

名次		会员简称	持卖单量	增减		
1		国泰君安	6,034		13		
2		申银万国	5,162		-2		
3		东证期货	4,549		739		
4		国富期货	3,106		1,431		
5		光大期货	2,890		-21		
6		东吴期货	1,501		-100		
7		宏源期货	1,310		0		
8		国投安信	1,304		0		
9		中辉期货	1,291		771		
10		银河期货	1,242		496		
11		创元期货	1,100		-4		
12		中信期货	1,007		-36		
13		中信建投	972		-403		
14		冠通期货	919		0		
15		建信期货	906		30		
16		宝城期货	900		0		
17		鲁证期货	847		-15		
18		中粮期货	812		0		
19		长江期货	741		145		
20		南华期货	709		-7		
总计				37,302		3,037		



会员类别	总成交量	增减		
期货公司会员	21,250		11,051		

会员类别	总持买单量	增减		
期货公司会员	37,505		3,504		

会员类别	总持卖单量	增减		
期货公司会员	37,302		3,037		

