								大连商品交易所 成交量_买持仓_卖持仓排名	

合约代码：eg2111		Date：2021-06-03	

			期货公司会员	

名次		会员简称	成交量		增减		
1		东证期货	3,020		-766		
2		国富期货	2,187		766		
3		国信期货	1,174		899		
4		华闻期货	1,158		-542		
5		中信期货	1,087		-50		
6		方正中期	1,077		78		
7		锦泰期货	758		-74		
8		国泰君安	684		-168		
9		五矿经易	541		-107		
10		中辉期货	451		337		
11		中国国际	446		436		
12		光大期货	440		440		
13		广州期货	400		400		
14		中州期货	383		-2		
15		国投安信	348		-112		
16		浙商期货	294		94		
17		中财期货	240		121		
18		中信建投	220		212		
19		海通期货	172		-37		
20		招商期货	166		-51		
总计				15,246		1,874		

名次		会员简称	持买单量	增减		
1		东证期货	9,452		-166		
2		申银万国	5,773		-4		
3		中信期货	1,840		-248		
4		国富期货	1,800		290		
5		国泰君安	1,795		-13		
6		海通期货	1,280		-2		
7		银河期货	1,045		-4		
8		创元期货	1,005		-1		
9		英大期货	908		0		
10		浙商期货	905		51		
11		华闻期货	831		4		
12		国投安信	801		-78		
13		鲁证期货	762		2		
14		徽商期货	759		-48		
15		光大期货	711		-100		
16		永安期货	686		1		
17		华泰期货	588		72		
18		华安期货	587		2		
19		招商期货	483		-84		
20		锦泰期货	476		-140		
总计				32,487		-466		

名次		会员简称	持卖单量	增减		
1		东证期货	6,483		-124		
2		申银万国	5,772		-4		
3		中信期货	3,189		-249		
4		国富期货	1,805		283		
5		国泰君安	1,626		1		
6		海通期货	1,456		12		
7		银河期货	1,320		-1		
8		创元期货	1,001		0		
9		永安期货	917		-55		
10		英大期货	908		0		
11		浙商期货	904		47		
12		华闻期货	874		24		
13		国投安信	800		-84		
14		光大期货	770		-100		
15		鲁证期货	765		3		
16		徽商期货	750		0		
17		天风期货	690		0		
18		华安期货	574		-2		
19		华泰期货	520		0		
20		锦泰期货	499		-148		
总计				31,623		-397		



会员类别	总成交量	增减		
期货公司会员	15,246		1,874		

会员类别	总持买单量	增减		
期货公司会员	32,487		-466		

会员类别	总持卖单量	增减		
期货公司会员	31,623		-397		

