								大连商品交易所 成交量_买持仓_卖持仓排名	

合约代码：pg2107		Date：2021-06-03	

			期货公司会员	

名次		会员简称	成交量		增减		
1		东证期货	18,405		7,158		
2		华泰期货	15,432		-5,626		
3		海通期货	11,630		4,733		
4		中信期货	6,098		467		
5		国泰君安	5,278		513		
6		银河期货	4,781		208		
7		申银万国	4,271		-47		
8		光大期货	4,154		198		
9		兴证期货	4,049		2,280		
10		国富期货	3,961		66		
11		徽商期货	3,307		-924		
12		方正中期	3,072		606		
13		锦泰期货	2,307		-31		
14		华闻期货	2,180		557		
15		华安期货	1,999		-208		
16		东吴期货	1,787		300		
17		鲁证期货	1,721		390		
18		五矿经易	1,705		214		
19		永安期货	1,690		-399		
20		中辉期货	1,647		-97		
总计				99,474		10,358		

名次		会员简称	持买单量	增减		
1		中信期货	4,137		-308		
2		兴证期货	2,095		-212		
3		华泰期货	1,997		268		
4		国泰君安	1,858		-190		
5		东证期货	1,803		168		
6		宏源期货	1,116		-53		
7		金元期货	1,113		220		
8		招商期货	991		-252		
9		光大期货	870		-130		
10		方正中期	761		-63		
11		中投期货	743		-117		
12		永安期货	734		0		
13		东航期货	704		-54		
14		银河期货	694		-40		
15		浙商期货	670		22		
16		海通期货	640		-135		
17		国投安信	571		-1		
18		海证期货	568		-59		
19		中信建投	545		-134		
20		申银万国	520		-21		
总计				23,130		-1,091		

名次		会员简称	持卖单量	增减		
1		中信期货	5,208		1,566		
2		国泰君安	4,929		-510		
3		华泰期货	1,548		-240		
4		方正中期	1,311		-395		
5		东证期货	1,264		-81		
6		银河期货	1,228		17		
7		国投安信	1,192		-78		
8		兴证期货	1,040		-167		
9		兴业期货	992		-15		
10		徽商期货	984		42		
11		浙商期货	966		5		
12		永安期货	909		-102		
13		中信建投	827		-41		
14		海通期货	708		-55		
15		招商期货	708		-289		
16		长江期货	668		21		
17		光大期货	641		-90		
18		中州期货	566		85		
19		瑞达期货	564		-36		
20		华安期货	442		14		
总计				26,695		-349		



会员类别	总成交量	增减		
期货公司会员	99,474		10,358		

会员类别	总持买单量	增减		
期货公司会员	23,130		-1,091		

会员类别	总持卖单量	增减		
期货公司会员	26,695		-349		

