								大连商品交易所 成交量_买持仓_卖持仓排名	

合约代码：eb2110		Date：2021-06-03	

			期货公司会员	

名次		会员简称	成交量		增减		
1		华闻期货	2,859		1,838		
2		国泰君安	1,279		941		
3		中信期货	1,204		986		
4		国富期货	1,020		299		
5		永安期货	815		378		
6		华泰期货	805		387		
7		中信建投	664		189		
8		五矿经易	596		266		
9		中粮期货	528		34		
10		光大期货	468		-52		
11		宏源期货	266		125		
12		浙商期货	213		183		
13		国投安信	180		124		
14		一德期货	144		34		
15		冠通期货	90		-70		
16		长江期货	88		-96		
17		海通期货	60		56		
18		银河期货	58		9		
19		锦泰期货	55		-23		
20		英大期货	15		15		
总计				11,407		5,623		

名次		会员简称	持买单量	增减		
1		五矿经易	1,578		250		
2		国泰君安	1,527		506		
3		中信建投	1,259		233		
4		永安期货	1,166		265		
5		华泰期货	1,014		400		
6		长江期货	1,003		28		
7		国富期货	988		-22		
8		中粮期货	903		237		
9		中信期货	869		194		
10		国投安信	562		88		
11		天风期货	78		0		
12		宏源期货	49		26		
13		锦泰期货	49		0		
14		浙商期货	43		13		
15		国金期货	32		0		
16		银河期货	23		-3		
17		一德期货	21		11		
18		中银期货	20		0		
19		瑞达期货	15		-1		
20		国贸期货	12		1		
总计				11,211		2,226		

名次		会员简称	持卖单量	增减		
1		五矿经易	1,578		250		
2		国泰君安	1,510		491		
3		中信建投	1,259		233		
4		永安期货	1,121		226		
5		华泰期货	1,030		405		
6		长江期货	1,005		28		
7		国富期货	991		-40		
8		中粮期货	905		237		
9		中信期货	858		194		
10		国投安信	561		92		
11		东证期货	199		0		
12		锦泰期货	57		19		
13		浙商期货	50		50		
14		国金期货	27		11		
15		海证期货	25		0		
16		国海良时	20		10		
17		银河期货	13		-3		
18		一德期货	11		-1		
19		先锋期货	8		0		
20		国贸期货	8		3		
总计				11,236		2,205		



会员类别	总成交量	增减		
期货公司会员	11,407		5,623		

会员类别	总持买单量	增减		
期货公司会员	11,211		2,226		

会员类别	总持卖单量	增减		
期货公司会员	11,236		2,205		

