								大连商品交易所 成交量_买持仓_卖持仓排名	

合约代码：m2109		Date：2021-06-03	

			期货公司会员	

名次		会员简称	成交量		增减		
1		东证期货	386,013		117,979		
2		华泰期货	229,875		40,242		
3		中信期货	168,946		42,914		
4		国泰君安	124,094		-28,124		
5		国富期货	112,556		9,273		
6		华西期货	86,546		38,659		
7		海通期货	86,314		39,366		
8		兴证期货	64,411		1,658		
9		方正中期	44,656		9,954		
10		国投安信	42,519		-1,657		
11		新湖期货	41,876		11,764		
12		银河期货	40,947		10,565		
13		中粮期货	37,296		-3,337		
14		鲁证期货	32,814		9,390		
15		浙商期货	31,086		14,760		
16		光大期货	29,678		247		
17		徽商期货	27,700		6,754		
18		申银万国	27,360		9,094		
19		永安期货	24,944		-1,903		
20		宏源期货	24,472		-1,193		
总计				1,664,103	326,405		

名次		会员简称	持买单量	增减		
1		中信期货	93,522		5,237		
2		永安期货	71,671		4,060		
3		国泰君安	70,936		6,578		
4		中粮期货	56,824		186		
5		摩根大通	53,199		-1,719		
6		广发期货	52,223		-1,254		
7		银河期货	45,063		651		
8		东证期货	35,089		1,883		
9		华泰期货	29,590		2,149		
10		浙商期货	28,693		3,156		
11		国投安信	27,683		1,529		
12		光大期货	25,926		1,158		
13		平安期货	24,506		-1,160		
14		海通期货	24,315		4,633		
15		一德期货	24,103		-1,084		
16		兴证期货	23,459		2,908		
17		北京首创	22,646		-4,396		
18		创元期货	22,527		1,122		
19		海证期货	22,394		461		
20		申银万国	20,031		4,377		
总计				774,400		30,475		

名次		会员简称	持卖单量	增减		
1		国投安信	127,497		14,224		
2		国泰君安	111,046		2,126		
3		中粮期货	102,689		-21,582		
4		中信期货	72,327		-1,369		
5		南华期货	69,081		-557		
6		摩根大通	65,690		1,088		
7		一德期货	46,763		-1,222		
8		永安期货	36,509		4,080		
9		新湖期货	36,251		4,245		
10		信达期货	31,857		6,073		
11		鲁证期货	31,634		12,214		
12		海通期货	31,346		1,721		
13		宏源期货	30,638		-2,456		
14		国信期货	27,438		86		
15		财信期货	24,881		4,463		
16		东证期货	22,994		-1,686		
17		华泰期货	19,809		-66		
18		五矿经易	19,632		63		
19		国富期货	18,544		677		
20		广发期货	15,884		-310		
总计				942,510		21,812		



会员类别	总成交量	增减		
期货公司会员	1,664,103	326,405		

会员类别	总持买单量	增减		
期货公司会员	774,400		30,475		

会员类别	总持卖单量	增减		
期货公司会员	942,510		21,812		

