								大连商品交易所 成交量_买持仓_卖持仓排名	

合约代码：jd2109		Date：2021-06-03	

			期货公司会员	

名次		会员简称	成交量		增减		
1		东证期货	44,457		7,121		
2		国富期货	19,913		1,517		
3		国泰君安	13,348		2,480		
4		徽商期货	12,540		-568		
5		海通期货	12,144		2,226		
6		中信期货	10,876		-743		
7		方正中期	10,657		1,425		
8		银河期货	9,517		-75		
9		华闻期货	9,244		2,877		
10		华安期货	8,739		-793		
11		宏源期货	8,411		-313		
12		东吴期货	7,908		-58		
13		华泰期货	7,783		1,230		
14		瑞达期货	7,242		3,414		
15		美尔雅期货	6,848		2,671		
16		申银万国	6,472		-332		
17		安粮期货	6,228		339		
18		永安期货	5,872		201		
19		光大期货	5,621		-1,210		
20		中信建投	5,512		-895		
总计				219,332		20,514		

名次		会员简称	持买单量	增减		
1		中信期货	7,146		885		
2		方正中期	6,455		-2,496		
3		中信建投	4,658		-436		
4		中财期货	4,356		-199		
5		中衍期货	4,347		-394		
6		东证期货	4,281		270		
7		海通期货	4,019		1,649		
8		中辉期货	3,907		-27		
9		徽商期货	3,740		-1,835		
10		鲁证期货	3,726		-797		
11		光大期货	3,680		-206		
12		渤海期货	3,599		-752		
13		五矿经易	3,435		49		
14		宏源期货	3,303		-1,505		
15		瑞达期货	3,242		-1,169		
16		广发期货	3,218		64		
17		东航期货	3,202		-61		
18		国泰君安	3,185		-424		
19		北京首创	3,061		-50		
20		华安期货	2,815		-568		
总计				79,375		-8,002		

名次		会员简称	持卖单量	增减		
1		东证期货	7,640		-685		
2		华泰期货	6,836		-1,708		
3		国泰君安	6,772		-572		
4		中信期货	5,570		-859		
5		永安期货	5,219		255		
6		东航期货	4,256		-374		
7		方正中期	3,721		-819		
8		瑞达期货	3,690		-2,533		
9		中信建投	3,624		184		
10		宏源期货	3,510		-332		
11		鲁证期货	3,401		-549		
12		海证期货	3,269		-675		
13		宝城期货	3,140		168		
14		兴证期货	2,814		-1,288		
15		银河期货	2,703		-2,446		
16		徽商期货	2,679		-261		
17		华安期货	2,633		-59		
18		中投期货	2,464		-202		
19		海通期货	2,284		-2,239		
20		中财期货	2,263		-277		
总计				78,488		-15,271		



会员类别	总成交量	增减		
期货公司会员	219,332		20,514		

会员类别	总持买单量	增减		
期货公司会员	79,375		-8,002		

会员类别	总持卖单量	增减		
期货公司会员	78,488		-15,271		

