								大连商品交易所 成交量_买持仓_卖持仓排名	

合约代码：v2109		Date：2021-06-03	

			期货公司会员	

名次		会员简称	成交量		增减		
1		东证期货	115,691		-6,761		
2		国投安信	95,469		6,242		
3		新湖期货	61,944		-6,738		
4		国富期货	43,843		-23,432		
5		中信期货	43,549		-12,556		
6		五矿经易	18,638		-5,394		
7		国泰君安	16,052		-7,264		
8		中信建投	15,460		9,057		
9		申银万国	14,427		-14,902		
10		永安期货	13,266		-5,752		
11		海通期货	13,027		-11,468		
12		光大期货	12,129		4,043		
13		瑞达期货	11,117		-3,708		
14		浙商期货	10,490		-6,520		
15		华金期货	10,032		-849		
16		徽商期货	9,559		58		
17		兴证期货	9,104		2,885		
18		华泰期货	9,069		-1,781		
19		华闻期货	8,959		-1,748		
20		一德期货	8,665		1,157		
总计				540,490		-85,431		

名次		会员简称	持买单量	增减		
1		永安期货	87,497		-1,872		
2		中信期货	38,298		-119		
3		国泰君安	22,237		103		
4		南华期货	10,664		-208		
5		中粮期货	9,359		-364		
6		国投安信	9,354		1,001		
7		平安期货	8,656		84		
8		瑞达期货	7,621		912		
9		申银万国	7,433		-245		
10		海证期货	7,245		-7		
11		五矿经易	7,207		-55		
12		浙商期货	7,054		432		
13		华泰期货	6,941		-575		
14		银河期货	6,744		205		
15		东航期货	5,706		2,055		
16		中辉期货	5,693		291		
17		一德期货	5,485		2,832		
18		东证期货	5,405		-346		
19		招商期货	4,777		-494		
20		中投期货	4,098		214		
总计				267,474		3,844		

名次		会员简称	持卖单量	增减		
1		永安期货	20,866		102		
2		东证期货	20,171		2,019		
3		建信期货	20,119		25		
4		一德期货	18,411		379		
5		中国国际	16,213		-26		
6		中财期货	13,099		-66		
7		中信期货	12,427		198		
8		兴业期货	12,114		29		
9		方正中期	11,775		-12		
10		国泰君安	10,480		459		
11		华融融达	10,346		132		
12		浙商期货	9,227		-36		
13		信达期货	7,503		4		
14		海通期货	7,470		112		
15		申银万国	6,853		968		
16		金瑞期货	6,770		-385		
17		新湖期货	6,708		-80		
18		华泰期货	6,356		40		
19		银河期货	6,241		385		
20		大地期货	5,846		1,030		
总计				228,995		5,277		



会员类别	总成交量	增减		
期货公司会员	540,490		-85,431		

会员类别	总持买单量	增减		
期货公司会员	267,474		3,844		

会员类别	总持卖单量	增减		
期货公司会员	228,995		5,277		

