								大连商品交易所 成交量_买持仓_卖持仓排名	

合约代码：eb2108		Date：2021-06-03	

			期货公司会员	

名次		会员简称	成交量		增减		
1		东证期货	16,762		1,593		
2		锦泰期货	7,044		-573		
3		国泰君安	6,645		1,839		
4		五矿经易	2,674		1,294		
5		中信期货	2,639		819		
6		国投安信	2,448		599		
7		华泰期货	2,160		541		
8		永安期货	1,845		-166		
9		中粮期货	1,841		-524		
10		国富期货	1,808		-1,188		
11		华闻期货	1,794		164		
12		银河期货	1,590		957		
13		大地期货	1,547		55		
14		长江期货	1,536		486		
15		申银万国	1,442		-17		
16		光大期货	1,349		-487		
17		海通期货	1,064		-736		
18		国信期货	1,025		411		
19		冠通期货	1,002		970		
20		中信建投	797		20		
总计				59,012		6,057		

名次		会员简称	持买单量	增减		
1		国泰君安	8,145		200		
2		海通期货	7,597		179		
3		东证期货	5,079		34		
4		华泰期货	4,100		780		
5		国投安信	3,418		224		
6		中信期货	3,333		438		
7		中信建投	2,733		193		
8		永安期货	2,558		-3		
9		五矿经易	2,198		-107		
10		徽商期货	1,783		24		
11		国富期货	1,767		-111		
12		南华期货	1,752		-15		
13		华融融达	1,702		2		
14		长江期货	1,617		-156		
15		光大期货	1,603		70		
16		中粮期货	1,304		-39		
17		锦泰期货	1,254		4		
18		宝城期货	1,091		0		
19		方正中期	1,026		2		
20		东吴期货	817		2		
总计				54,877		1,721		

名次		会员简称	持卖单量	增减		
1		国泰君安	8,169		237		
2		海通期货	7,601		141		
3		东证期货	5,071		20		
4		华泰期货	3,523		520		
5		国投安信	3,398		192		
6		中信期货	2,925		91		
7		中信建投	2,746		234		
8		永安期货	2,505		-40		
9		南华期货	2,126		325		
10		五矿经易	1,924		-381		
11		徽商期货	1,902		19		
12		国富期货	1,801		-61		
13		长江期货	1,751		-102		
14		中粮期货	1,302		-42		
15		大地期货	1,108		-131		
16		华融融达	1,103		3		
17		弘业期货	1,054		115		
18		方正中期	1,046		-2		
19		银河期货	1,027		248		
20		锦泰期货	964		150		
总计				53,046		1,536		



会员类别	总成交量	增减		
期货公司会员	59,012		6,057		

会员类别	总持买单量	增减		
期货公司会员	54,877		1,721		

会员类别	总持卖单量	增减		
期货公司会员	53,046		1,536		

