								大连商品交易所 成交量_买持仓_卖持仓排名	

合约代码：y2109		Date：2021-06-03	

			期货公司会员	

名次		会员简称	成交量		增减		
1		东证期货	274,186		43,260		
2		华泰期货	194,045		6,275		
3		光大期货	138,116		14,520		
4		中信期货	122,039		20,284		
5		国富期货	97,081		-478		
6		海通期货	80,596		4,305		
7		新湖期货	70,088		4,428		
8		国泰君安	69,022		2,394		
9		华西期货	60,047		-911		
10		华闻期货	54,322		13,392		
11		国投安信	38,214		-5,502		
12		方正中期	31,522		1,701		
13		银河期货	29,333		-4,097		
14		国盛期货	24,688		12,237		
15		兴证期货	22,769		-662		
16		永安期货	21,908		1,506		
17		五矿经易	21,520		5,916		
18		徽商期货	20,883		849		
19		申银万国	20,356		-1,349		
20		中粮期货	19,708		-6,827		
总计				1,410,443	111,241		

名次		会员简称	持买单量	增减		
1		中信期货	46,049		1,136		
2		一德期货	38,016		1,277		
3		国泰君安	35,520		5,225		
4		永安期货	29,989		-192		
5		银河期货	26,045		2,249		
6		西部期货	20,876		2,359		
7		东证期货	20,716		4,047		
8		国富期货	20,171		-372		
9		国投安信	17,609		-1,083		
10		中粮期货	17,150		-525		
11		华泰期货	12,903		390		
12		中金期货	12,019		35		
13		海通期货	11,836		-2,136		
14		北京首创	11,001		3,667		
15		申银万国	8,654		-83		
16		浙商期货	8,504		872		
17		光大期货	7,742		-520		
18		兴证期货	7,307		-1,786		
19		广发期货	6,549		-219		
20		五矿经易	6,290		230		
总计				364,946		14,571		

名次		会员简称	持卖单量	增减		
1		中粮期货	81,717		-753		
2		国投安信	33,586		3,879		
3		摩根大通	29,580		-245		
4		国泰君安	28,384		1,023		
5		永安期货	26,301		1,584		
6		中信期货	25,645		-2,325		
7		五矿经易	20,087		-1,186		
8		广发期货	18,975		-253		
9		国富期货	17,556		621		
10		宏源期货	15,384		-261		
11		一德期货	14,826		29		
12		东证期货	13,815		-1,793		
13		海通期货	13,025		-1,226		
14		南华期货	11,714		-801		
15		银河期货	11,692		1,230		
16		鲁证期货	10,986		2,992		
17		申银万国	9,781		-267		
18		新湖期货	9,563		1,330		
19		信达期货	9,519		1,627		
20		兴证期货	5,326		2,265		
总计				407,462		7,470		



会员类别	总成交量	增减		
期货公司会员	1,410,443	111,241		

会员类别	总持买单量	增减		
期货公司会员	364,946		14,571		

会员类别	总持卖单量	增减		
期货公司会员	407,462		7,470		

