								大连商品交易所 成交量_买持仓_卖持仓排名	

合约代码：pp2112		Date：2021-06-24	

			期货公司会员	

名次		会员简称	成交量		增减		
1		东海期货	1,306		-2,824		
2		五矿期货	857		-695		
3		南华期货	639		-368		
4		恒泰期货	602		-362		
5		中粮期货	601		-351		
6		国泰君安	591		-384		
7		海证期货	559		-415		
8		华闻期货	440		222		
9		东航期货	428		319		
10		中信期货	290		-274		
11		方正中期	269		119		
12		瑞达期货	269		269		
13		国富期货	247		-77		
14		宏源期货	148		138		
15		华安期货	111		-677		
16		招金期货	91		76		
17		平安期货	36		-11		
18		华泰期货	33		-14		
19		长安期货	32		0		
20		一德期货	25		2		
总计				7,574		-5,307		

名次		会员简称	持买单量	增减		
1		中信期货	3,403		-6		
2		申银万国	2,400		0		
3		中信建投	2,205		0		
4		五矿期货	1,848		0		
5		中粮期货	1,402		0		
6		海证期货	1,402		0		
7		国泰君安	1,260		48		
8		恒泰期货	1,101		-1		
9		南华期货	1,072		0		
10		国富期货	853		-26		
11		国信期货	204		0		
12		宝城期货	203		0		
13		浙商期货	158		-3		
14		安粮期货	121		0		
15		瑞达期货	100		-269		
16		长江期货	55		0		
17		海通期货	50		2		
18		徽商期货	44		0		
19		弘业期货	40		5		
20		东证期货	34		-1		
总计				17,955		-251		

名次		会员简称	持卖单量	增减		
1		中信期货	3,406		-6		
2		申银万国	2,413		0		
3		中信建投	2,229		0		
4		五矿期货	1,858		-39		
5		中粮期货	1,403		1		
6		海证期货	1,402		1		
7		国泰君安	1,276		47		
8		恒泰期货	1,101		-1		
9		南华期货	1,059		-1		
10		国富期货	852		-25		
11		西南期货	360		-12		
12		国信期货	204		0		
13		东航期货	188		-76		
14		方正中期	97		-69		
15		国金期货	68		-2		
16		长江期货	55		0		
17		华泰期货	49		11		
18		一德期货	48		-14		
19		东证期货	34		-1		
20		浙商期货	21		0		
总计				18,123		-186		



会员类别	总成交量	增减		
期货公司会员	7,574		-5,307		

会员类别	总持买单量	增减		
期货公司会员	17,955		-251		

会员类别	总持卖单量	增减		
期货公司会员	18,123		-186		

