								大连商品交易所 成交量_买持仓_卖持仓排名	

合约代码：m2205		Date：2021-06-24	

			期货公司会员	

名次		会员简称	成交量		增减		
1		东海期货	2,216		2,125		
2		迈科期货	1,867		-220		
3		中天期货	1,658		-1,159		
4		国泰君安	1,334		-406		
5		中信期货	918		-354		
6		安粮期货	674		374		
7		徽商期货	659		271		
8		中信建投	651		45		
9		北京首创	643		632		
10		华安期货	590		334		
11		广发期货	579		288		
12		美尔雅期货	578		-247		
13		弘业期货	576		180		
14		格林大华	571		12		
15		南华期货	508		405		
16		宏源期货	417		244		
17		国联期货	356		-102		
18		中州期货	355		154		
19		海通期货	337		-190		
20		华泰期货	330		2		
总计				15,817		2,388		

名次		会员简称	持买单量	增减		
1		国泰君安	2,946		22		
2		大地期货	2,708		6		
3		东海期货	2,528		1,113		
4		银河期货	1,928		-8		
5		中信建投	1,556		591		
6		海证期货	1,339		94		
7		中粮期货	1,128		114		
8		光大期货	1,026		1		
9		格林大华	1,009		61		
10		徽商期货	965		70		
11		弘业期货	926		85		
12		财信期货	858		3		
13		英大期货	710		-1		
14		永安期货	698		164		
15		宏源期货	657		118		
16		金瑞期货	543		1		
17		山西三立	515		0		
18		方正中期	507		-1		
19		东航期货	491		43		
20		先锋期货	483		56		
总计				23,521		2,532		

名次		会员简称	持卖单量	增减		
1		广发期货	7,653		-2		
2		中天期货	4,477		601		
3		北京首创	3,639		632		
4		安粮期货	2,930		399		
5		东证期货	2,367		2		
6		五矿期货	2,051		152		
7		永安期货	1,691		85		
8		国泰君安	1,158		4		
9		一德期货	1,153		12		
10		东海期货	1,101		1,101		
11		国元期货	928		2		
12		美尔雅期货	695		-145		
13		格林大华	692		-8		
14		中信期货	584		1		
15		国金期货	380		0		
16		兴证期货	365		172		
17		中粮期货	343		9		
18		海证期货	290		65		
19		新湖期货	276		-3		
20		福能期货	259		11		
总计				33,032		3,090		



会员类别	总成交量	增减		
期货公司会员	15,817		2,388		

会员类别	总持买单量	增减		
期货公司会员	23,521		2,532		

会员类别	总持卖单量	增减		
期货公司会员	33,032		3,090		

