								大连商品交易所 成交量_买持仓_卖持仓排名	

合约代码：l2110		Date：2021-06-24	

			期货公司会员	

名次		会员简称	成交量		增减		
1		海通期货	2,372		1,658		
2		国海良时	2,172		1,091		
3		弘业期货	1,908		66		
4		东证期货	1,418		169		
5		安粮期货	1,399		-1,997		
6		国泰君安	1,266		6		
7		金瑞期货	724		-108		
8		海证期货	646		-249		
9		创元期货	600		524		
10		方正中期	594		-43		
11		五矿期货	511		-133		
12		长江期货	510		-98		
13		国元期货	430		-118		
14		广发期货	402		-206		
15		华联期货	391		110		
16		申银万国	370		12		
17		华泰期货	352		-1,408		
18		兴证期货	345		-279		
19		招商期货	319		-207		
20		浙商期货	298		154		
总计				17,027		-1,056		

名次		会员简称	持买单量	增减		
1		国泰君安	5,075		19		
2		招商期货	3,812		-9		
3		国元期货	3,703		213		
4		五矿期货	3,518		-1		
5		申银万国	3,481		16		
6		东证期货	3,345		-33		
7		锦泰期货	3,045		11		
8		海证期货	2,937		116		
9		国海良时	2,860		534		
10		浙商期货	2,785		41		
11		长江期货	2,558		-50		
12		方正中期	2,201		0		
13		海通期货	2,025		1,161		
14		国投安信	1,203		0		
15		国富期货	718		0		
16		中信期货	701		0		
17		安粮期货	569		299		
18		兴证期货	439		-195		
19		华安期货	378		4		
20		创元期货	341		166		
总计				45,694		2,292		

名次		会员简称	持卖单量	增减		
1		国泰君安	5,449		1		
2		招商期货	4,195		6		
3		国元期货	3,674		215		
4		五矿期货	3,517		0		
5		申银万国	3,477		12		
6		东证期货	3,272		27		
7		锦泰期货	3,069		20		
8		国海良时	2,860		534		
9		海证期货	2,824		0		
10		浙商期货	2,777		41		
11		长江期货	2,552		-50		
12		方正中期	2,217		6		
13		海通期货	2,023		1,161		
14		国投安信	1,224		0		
15		国富期货	789		14		
16		中信期货	648		0		
17		华安期货	361		0		
18		国信期货	360		0		
19		平安期货	357		-10		
20		兴证期货	251		32		
总计				45,896		2,009		



会员类别	总成交量	增减		
期货公司会员	17,027		-1,056		

会员类别	总持买单量	增减		
期货公司会员	45,694		2,292		

会员类别	总持卖单量	增减		
期货公司会员	45,896		2,009		

