								大连商品交易所 成交量_买持仓_卖持仓排名	

合约代码：jm2111		Date：2021-06-24	

			期货公司会员	

名次		会员简称	成交量		增减		
1		东证期货	4,480		1,393		
2		申银万国	1,437		10		
3		国富期货	881		-399		
4		光大期货	862		308		
5		银河期货	729		117		
6		国信期货	720		280		
7		海通期货	658		-338		
8		东吴期货	628		219		
9		国泰君安	599		108		
10		长安期货	472		472		
11		南华期货	420		186		
12		中粮期货	407		-35		
13		东方财富	314		202		
14		徽商期货	300		140		
15		方正中期	244		-80		
16		华闻期货	242		69		
17		永安期货	226		131		
18		浙商期货	222		-108		
19		长江期货	180		-63		
20		恒泰期货	178		171		
总计				14,199		2,783		

名次		会员简称	持买单量	增减		
1		东证期货	8,545		-143		
2		国泰君安	5,125		-6		
3		国富期货	4,785		-103		
4		申银万国	4,515		37		
5		银河期货	3,856		302		
6		中辉期货	2,243		0		
7		东吴期货	2,111		295		
8		光大期货	1,590		31		
9		南华期货	1,445		9		
10		国投安信	1,419		111		
11		中信建投	1,345		51		
12		鲁证期货	1,037		39		
13		平安期货	915		17		
14		方正中期	856		86		
15		中信期货	723		56		
16		国元期货	721		0		
17		宝城期货	715		0		
18		中国国际	706		1		
19		新湖期货	701		12		
20		长江期货	668		34		
总计				44,021		829		

名次		会员简称	持卖单量	增减		
1		东证期货	8,589		33		
2		国泰君安	5,049		5		
3		国富期货	4,749		-150		
4		申银万国	4,485		-2		
5		银河期货	3,755		329		
6		中辉期货	2,246		-14		
7		东吴期货	2,108		303		
8		光大期货	1,593		47		
9		鲁证期货	1,570		18		
10		南华期货	1,412		15		
11		中信建投	1,341		49		
12		国投安信	1,308		0		
13		中信期货	884		35		
14		方正中期	855		78		
15		国元期货	726		3		
16		中国国际	704		0		
17		宝城期货	700		0		
18		平安期货	696		3		
19		新湖期货	675		0		
20		长江期货	653		30		
总计				44,098		782		



会员类别	总成交量	增减		
期货公司会员	14,199		2,783		

会员类别	总持买单量	增减		
期货公司会员	44,021		829		

会员类别	总持卖单量	增减		
期货公司会员	44,098		782		

