								大连商品交易所 成交量_买持仓_卖持仓排名	

合约代码：m2112		Date：2021-06-24	

			期货公司会员	

名次		会员简称	成交量		增减		
1		华闻期货	6,222		1,529		
2		国泰君安	3,066		-994		
3		国元期货	2,199		-1,398		
4		海通期货	2,026		-1,396		
5		国富期货	1,886		-710		
6		南华期货	1,370		-570		
7		国海良时	1,291		364		
8		锦泰期货	1,226		280		
9		鲁证期货	772		-194		
10		国投安信	756		-565		
11		申银万国	687		-250		
12		招商期货	620		-502		
13		五矿期货	372		-200		
14		中信建投	352		-406		
15		浙商期货	302		-563		
16		宏源期货	150		102		
17		华安期货	106		103		
18		徽商期货	86		-160		
19		弘业期货	53		-67		
20		东证期货	31		-2,184		
总计				23,573		-7,781		

名次		会员简称	持买单量	增减		
1		申银万国	4,890		-6		
2		国泰君安	1,481		21		
3		华泰期货	1,457		-4		
4		海通期货	1,201		-25		
5		国元期货	1,180		14		
6		永安期货	1,121		2		
7		中信建投	1,030		30		
8		国投安信	1,004		-1		
9		五矿期货	892		0		
10		国富期货	801		-3		
11		鲁证期货	794		0		
12		招商期货	788		-3		
13		浙商期货	713		12		
14		南华期货	615		0		
15		东海期货	601		0		
16		国海良时	515		13		
17		方正中期	250		-11		
18		大有期货	200		0		
19		中财期货	165		0		
20		银河期货	145		0		
总计				19,843		39		

名次		会员简称	持卖单量	增减		
1		申银万国	4,887		45		
2		国泰君安	1,481		21		
3		华泰期货	1,462		5		
4		海通期货	1,200		-7		
5		国元期货	1,176		7		
6		永安期货	1,125		-1		
7		中信建投	1,000		0		
8		国投安信	989		-11		
9		五矿期货	892		0		
10		国富期货	800		-3		
11		招商期货	800		-39		
12		鲁证期货	793		0		
13		浙商期货	704		-12		
14		南华期货	614		0		
15		东海期货	601		0		
16		国海良时	535		16		
17		方正中期	263		0		
18		中财期货	165		0		
19		东航期货	128		1		
20		徽商期货	128		2		
总计				19,743		24		



会员类别	总成交量	增减		
期货公司会员	23,573		-7,781		

会员类别	总持买单量	增减		
期货公司会员	19,843		39		

会员类别	总持卖单量	增减		
期货公司会员	19,743		24		

