								大连商品交易所 成交量_买持仓_卖持仓排名	

合约代码：m2203		Date：2021-06-24	

			期货公司会员	

名次		会员简称	成交量		增减		
1		东证期货	18,675		1,499		
2		国泰君安	5,432		-2,224		
3		华泰期货	4,706		-3,093		
4		华安期货	3,720		304		
5		海通期货	2,803		-1,860		
6		国海良时	2,703		1,081		
7		中信建投	2,675		-229		
8		国元期货	2,555		-405		
9		国富期货	2,552		1,025		
10		浙商期货	2,169		-1,917		
11		美尔雅期货	2,119		107		
12		光大期货	2,022		950		
13		南华期货	1,953		-103		
14		银河期货	1,678		25		
15		申银万国	1,636		-265		
16		鲁证期货	1,610		-60		
17		五矿期货	1,599		-493		
18		招商期货	1,596		-127		
19		中信期货	1,393		83		
20		中天期货	1,138		-611		
总计				64,734		-6,313		

名次		会员简称	持买单量	增减		
1		国泰君安	20,602		12		
2		申银万国	18,952		29		
3		东证期货	17,408		83		
4		海通期货	16,472		2		
5		中信期货	12,856		563		
6		国富期货	10,886		-11		
7		国投安信	9,015		4		
8		华泰期货	8,474		-6		
9		五矿期货	7,987		0		
10		中信建投	7,801		-330		
11		浙商期货	7,656		14		
12		招商期货	7,604		-14		
13		鲁证期货	7,475		-201		
14		国海良时	7,464		2		
15		南华期货	7,352		13		
16		国元期货	6,458		-17		
17		银河期货	3,888		111		
18		华西期货	3,770		0		
19		中粮期货	2,730		200		
20		宏源期货	2,646		28		
总计				187,496		482		

名次		会员简称	持卖单量	增减		
1		东证期货	20,925		0		
2		国泰君安	20,182		24		
3		申银万国	18,842		31		
4		海通期货	16,207		-3		
5		中信期货	12,744		518		
6		国富期货	12,704		1		
7		国投安信	10,902		0		
8		五矿期货	10,008		-19		
9		南华期货	8,403		624		
10		华泰期货	8,165		-10		
11		中信建投	7,745		-341		
12		招商期货	7,585		-6		
13		浙商期货	7,507		1		
14		鲁证期货	7,373		-201		
15		国海良时	7,107		1		
16		国元期货	6,284		4		
17		华融融达	4,000		0		
18		华西期货	3,770		0		
19		银河期货	3,476		-259		
20		国信期货	2,797		442		
总计				196,726		807		



会员类别	总成交量	增减		
期货公司会员	64,734		-6,313		

会员类别	总持买单量	增减		
期货公司会员	187,496		482		

会员类别	总持卖单量	增减		
期货公司会员	196,726		807		

