								大连商品交易所 成交量_买持仓_卖持仓排名	

合约代码：rr2108		Date：2021-06-24	

			期货公司会员	

名次		会员简称	成交量		增减		
1		国投安信	3,505		1,205		
2		东证期货	2,380		291		
3		国泰君安	2,005		-174		
4		永安期货	1,470		437		
5		五矿期货	1,371		586		
6		海通期货	1,278		382		
7		浙商期货	898		151		
8		方正中期	806		130		
9		国信期货	749		172		
10		国海良时	632		-208		
11		国富期货	438		167		
12		徽商期货	307		96		
13		招商期货	306		301		
14		中信期货	236		217		
15		金瑞期货	216		144		
16		美尔雅期货	198		68		
17		申银万国	197		140		
18		福能期货	149		144		
19		长江期货	140		98		
20		天风期货	104		104		
总计				17,385		4,451		

名次		会员简称	持买单量	增减		
1		永安期货	1,949		-122		
2		国投安信	1,867		460		
3		国泰君安	1,605		7		
4		浙商期货	1,502		-2		
5		国信期货	1,103		-114		
6		五矿期货	1,033		-77		
7		方正中期	821		89		
8		东证期货	722		7		
9		国海良时	620		6		
10		海通期货	560		3		
11		中州期货	450		0		
12		美尔雅期货	64		12		
13		广发期货	55		-3		
14		瑞达期货	53		0		
15		东方财富	48		13		
16		格林大华	40		20		
17		银河期货	39		-5		
18		中衍期货	39		4		
19		徽商期货	33		-57		
20		江苏东华	25		0		
总计				12,628		241		

名次		会员简称	持卖单量	增减		
1		国泰君安	2,779		60		
2		永安期货	1,947		-110		
3		浙商期货	1,502		-2		
4		国信期货	1,121		-107		
5		五矿期货	865		0		
6		方正中期	815		101		
7		东证期货	747		17		
8		国海良时	605		0		
9		海通期货	555		3		
10		摩根大通	400		0		
11		国投安信	160		-43		
12		华泰期货	150		18		
13		中融汇信	113		0		
14		鲁证期货	110		0		
15		东方财富	90		-39		
16		长江期货	82		-102		
17		申银万国	68		17		
18		盛达期货	68		0		
19		福能期货	61		57		
20		徽商期货	58		24		
总计				12,296		-106		



会员类别	总成交量	增减		
期货公司会员	17,385		4,451		

会员类别	总持买单量	增减		
期货公司会员	12,628		241		

会员类别	总持卖单量	增减		
期货公司会员	12,296		-106		

