								大连商品交易所 成交量_买持仓_卖持仓排名	

合约代码：cs2111		Date：2021-06-24	

			期货公司会员	

名次		会员简称	成交量		增减		
1		国泰君安	8,385		-282		
2		东证期货	5,745		-1,452		
3		华泰期货	5,192		830		
4		光大期货	4,349		1,528		
5		国富期货	3,006		632		
6		鲁证期货	2,824		185		
7		南华期货	2,579		403		
8		浙商期货	2,037		-332		
9		五矿期货	1,926		-280		
10		银河期货	1,278		-829		
11		中信期货	1,158		187		
12		海通期货	864		45		
13		招商期货	836		67		
14		华安期货	744		-118		
15		广发期货	730		410		
16		华闻期货	695		-362		
17		弘业期货	621		200		
18		兴证期货	530		-205		
19		锦泰期货	524		336		
20		东吴期货	500		-25		
总计				44,523		938		

名次		会员简称	持买单量	增减		
1		国泰君安	4,714		85		
2		中信期货	2,691		9		
3		东证期货	2,464		-4		
4		招商期货	2,029		-11		
5		国富期货	1,729		-21		
6		南华期货	1,631		-28		
7		光大期货	1,619		-7		
8		华泰期货	1,582		101		
9		鲁证期货	1,519		2		
10		海通期货	1,437		-229		
11		五矿期货	1,424		0		
12		浙商期货	1,406		-1		
13		银河期货	411		-595		
14		国投安信	394		-1		
15		永安期货	380		0		
16		金瑞期货	351		18		
17		徽商期货	350		1		
18		中国国际	300		0		
19		长江期货	260		193		
20		东吴期货	256		35		
总计				26,947		-453		

名次		会员简称	持卖单量	增减		
1		中信期货	4,848		1		
2		国泰君安	4,130		26		
3		招商期货	2,005		5		
4		东证期货	1,912		-1		
5		国富期货	1,797		7		
6		鲁证期货	1,626		0		
7		南华期货	1,612		-27		
8		光大期货	1,550		-14		
9		五矿期货	1,424		-8		
10		浙商期货	1,410		2		
11		海通期货	834		3		
12		财信期货	727		77		
13		中信建投	712		-31		
14		国信期货	513		-51		
15		银河期货	391		-605		
16		英大期货	325		0		
17		国投安信	262		0		
18		长江期货	259		189		
19		兴证期货	255		52		
20		福能期货	234		-4		
总计				26,826		-379		



会员类别	总成交量	增减		
期货公司会员	44,523		938		

会员类别	总持买单量	增减		
期货公司会员	26,947		-453		

会员类别	总持卖单量	增减		
期货公司会员	26,826		-379		

