								大连商品交易所 成交量_买持仓_卖持仓排名	

合约代码：j2111		Date：2021-06-24	

			期货公司会员	

名次		会员简称	成交量		增减		
1		东证期货	1,246		-119		
2		渤海期货	644		644		
3		锦泰期货	613		-188		
4		弘业期货	355		271		
5		银河期货	339		-67		
6		华泰期货	304		220		
7		东吴期货	301		-143		
8		国投安信	291		-248		
9		中信建投	266		186		
10		长安期货	252		252		
11		海通期货	243		-24		
12		国金期货	224		141		
13		南华期货	223		44		
14		申银万国	217		-21		
15		国信期货	214		-392		
16		宏源期货	204		153		
17		华闻期货	188		24		
18		北京首创	180		164		
19		兴证期货	174		-31		
20		鲁证期货	166		61		
总计				6,644		927		

名次		会员简称	持买单量	增减		
1		东证期货	6,678		-3		
2		国泰君安	5,875		14		
3		国富期货	5,130		0		
4		申银万国	3,557		3		
5		银河期货	2,883		98		
6		光大期货	2,398		6		
7		东吴期货	2,190		-151		
8		中辉期货	2,029		-35		
9		中信建投	1,747		133		
10		海通期货	1,444		5		
11		中信期货	1,443		-10		
12		国投安信	1,406		0		
13		永安期货	1,325		-6		
14		华闻期货	1,224		-4		
15		南华期货	1,187		-13		
16		方正中期	1,083		-9		
17		创元期货	1,011		0		
18		徽商期货	979		10		
19		华安期货	977		15		
20		冠通期货	839		0		
总计				45,405		53		

名次		会员简称	持卖单量	增减		
1		东证期货	6,697		15		
2		国泰君安	5,923		19		
3		国富期货	5,139		2		
4		申银万国	3,551		0		
5		银河期货	2,726		87		
6		光大期货	2,392		-1		
7		东吴期货	2,152		-150		
8		中辉期货	2,023		-38		
9		中信建投	1,746		133		
10		永安期货	1,459		-3		
11		海通期货	1,436		2		
12		国投安信	1,404		-3		
13		中信期货	1,340		2		
14		鲁证期货	1,296		-70		
15		南华期货	1,179		-14		
16		华闻期货	1,157		-6		
17		方正中期	1,086		-8		
18		创元期货	1,003		0		
19		华安期货	972		-3		
20		徽商期货	952		0		
总计				45,633		-36		



会员类别	总成交量	增减		
期货公司会员	6,644		927		

会员类别	总持买单量	增减		
期货公司会员	45,405		53		

会员类别	总持卖单量	增减		
期货公司会员	45,633		-36		

