								大连商品交易所 成交量_买持仓_卖持仓排名	

合约代码：a2203		Date：2021-06-24	

			期货公司会员	

名次		会员简称	成交量		增减		
1		华泰期货	3,551		3,515		
2		东证期货	2,455		1,414		
3		华闻期货	2,104		886		
4		恒泰期货	1,949		1,177		
5		中信期货	1,759		786		
6		鲁证期货	1,158		642		
7		宏源期货	1,062		663		
8		方正中期	1,017		683		
9		瑞达期货	869		565		
10		招商期货	615		422		
11		浙商期货	613		463		
12		国泰君安	195		42		
13		财信期货	163		-93		
14		光大期货	152		58		
15		西南期货	68		7		
16		大有期货	60		58		
17		一德期货	58		36		
18		银河期货	35		-11		
19		中州期货	29		29		
20		上海中期	26		26		
总计				17,938		11,368		

名次		会员简称	持买单量	增减		
1		东证期货	1,870		60		
2		深圳金汇	1,500		0		
3		宏源期货	900		1		
4		方正中期	900		392		
5		申银万国	800		-1		
6		浙商期货	750		-2		
7		鲁证期货	686		4		
8		中信期货	561		-2		
9		国信期货	550		0		
10		招商期货	490		23		
11		恒泰期货	303		-18		
12		瑞达期货	281		-11		
13		财信期货	200		0		
14		银河期货	88		5		
15		国泰君安	57		20		
16		华泰期货	47		25		
17		长江期货	41		0		
18		西南期货	30		6		
19		中州期货	29		29		
20		一德期货	21		1		
总计				10,104		532		

名次		会员简称	持卖单量	增减		
1		东证期货	1,894		27		
2		财信期货	1,033		121		
3		宏源期货	933		-1		
4		方正中期	932		393		
5		申银万国	804		0		
6		浙商期货	791		-7		
7		鲁证期货	684		0		
8		中信期货	586		29		
9		国信期货	551		1		
10		招商期货	503		6		
11		东吴期货	390		0		
12		恒泰期货	301		-9		
13		瑞达期货	295		16		
14		长江期货	98		-6		
15		天风期货	80		0		
16		银河期货	71		2		
17		大有期货	41		40		
18		广州金控	27		0		
19		国投安信	20		0		
20		华泰期货	19		6		
总计				10,053		618		



会员类别	总成交量	增减		
期货公司会员	17,938		11,368		

会员类别	总持买单量	增减		
期货公司会员	10,104		532		

会员类别	总持卖单量	增减		
期货公司会员	10,053		618		

