								大连商品交易所 成交量_买持仓_卖持仓排名	

合约代码：pp2201		Date：2021-06-24	

			期货公司会员	

名次		会员简称	成交量		增减		
1		银河期货	2,709		909		
2		国泰君安	2,309		857		
3		国信期货	1,707		984		
4		徽商期货	1,387		-33		
5		永安期货	1,293		42		
6		国投安信	1,253		-869		
7		东海期货	965		-952		
8		光大期货	960		-498		
9		华融融达	929		736		
10		宏源期货	821		317		
11		浙商期货	720		331		
12		华泰期货	655		280		
13		上海大陆	616		-899		
14		中投期货	605		597		
15		中信期货	566		155		
16		南华期货	507		244		
17		方正中期	485		-341		
18		招金期货	447		-306		
19		华安期货	436		344		
20		浙江新世纪	425		-51		
总计				19,795		1,847		

名次		会员简称	持买单量	增减		
1		国泰君安	2,048		889		
2		华泰期货	1,927		301		
3		银河期货	1,559		63		
4		中信期货	1,534		-70		
5		申银万国	1,258		3		
6		信达期货	1,256		-18		
7		永安期货	1,212		70		
8		方正中期	1,145		53		
9		华安期货	1,085		-10		
10		东证期货	1,003		29		
11		宏源期货	977		-212		
12		中辉期货	915		6		
13		中粮期货	775		-5		
14		先融期货	701		0		
15		广发期货	692		4		
16		安粮期货	683		102		
17		海通期货	673		92		
18		国投安信	641		-332		
19		浙商期货	597		-2		
20		平安期货	575		-3		
总计				21,256		960		

名次		会员简称	持卖单量	增减		
1		弘业期货	4,854		-9		
2		永安期货	3,554		471		
3		银河期货	2,923		1,372		
4		华泰期货	1,559		32		
5		创元期货	1,310		0		
6		华融融达	1,262		561		
7		浙商期货	985		-698		
8		广州期货	976		0		
9		南华期货	972		106		
10		国富期货	870		74		
11		申银万国	860		242		
12		信达期货	807		-78		
13		国泰君安	674		-810		
14		天风期货	673		73		
15		国投安信	662		-37		
16		海证期货	620		335		
17		中财期货	579		-47		
18		国信期货	511		21		
19		大地期货	505		200		
20		海通期货	473		2		
总计				25,629		1,810		



会员类别	总成交量	增减		
期货公司会员	19,795		1,847		

会员类别	总持买单量	增减		
期货公司会员	21,256		960		

会员类别	总持卖单量	增减		
期货公司会员	25,629		1,810		

