								大连商品交易所 成交量_买持仓_卖持仓排名	

合约代码：v2101		Date：2020-08-24	

			期货公司会员	

名次		会员简称	成交量		增减		
1		东证期货	83,099		14,315		
2		兴证期货	27,667		9,863		
3		国泰君安	15,478		5,674		
4		华金期货	13,844		8,293		
5		国富期货	11,727		5,890		
6		华泰期货	8,158		4,562		
7		中信期货	7,744		-185		
8		永安期货	6,590		2,374		
9		海通期货	5,397		160		
10		方正中期	4,713		1,044		
11		广发期货	3,931		866		
12		华融融达	3,578		-796		
13		申银万国	3,481		354		
14		鲁证期货	3,475		1,511		
15		国投安信	3,448		1,896		
16		大地期货	3,428		2,554		
17		徽商期货	3,248		1,078		
18		中信建投	3,107		951		
19		建信期货	3,073		-627		
20		中财期货	2,977		784		
总计				218,163		60,561		

名次		会员简称	持买单量	增减		
1		中信期货	29,609		1,082		
2		永安期货	18,581		606		
3		一德期货	10,406		44		
4		银河期货	6,939		365		
5		国泰君安	6,904		-296		
6		南华期货	5,499		-293		
7		国投安信	5,054		794		
8		中国国际	4,652		-42		
9		华泰期货	4,542		-2,624		
10		鲁证期货	4,226		-277		
11		东证期货	4,051		5		
12		兴证期货	3,991		35		
13		瑞达期货	3,226		-3		
14		中信建投	2,936		0		
15		海通期货	2,883		-222		
16		宏源期货	2,596		106		
17		方正中期	2,476		-304		
18		信达期货	2,247		-162		
19		申银万国	2,095		-350		
20		国信期货	1,977		151		
总计				124,890		-1,385		

名次		会员简称	持卖单量	增减		
1		国信期货	20,583		-25		
2		国贸期货	17,262		-23		
3		永安期货	13,999		246		
4		信达期货	9,136		546		
5		中财期货	8,271		41		
6		浙商期货	7,803		250		
7		大地期货	7,745		268		
8		申银万国	7,079		533		
9		银河期货	5,500		55		
10		国投安信	5,386		154		
11		方正中期	4,972		-41		
12		华泰期货	4,323		-640		
13		中信期货	4,213		350		
14		新湖期货	3,824		-25		
15		中信建投	3,621		451		
16		东证期货	3,598		-1,138		
17		大越期货	3,466		-205		
18		中粮期货	3,060		234		
19		西南期货	2,825		221		
20		国泰君安	2,577		74		
总计				139,243		1,326		



会员类别	总成交量	增减		
期货公司会员	218,163		60,561		

会员类别	总持买单量	增减		
期货公司会员	124,890		-1,385		

会员类别	总持卖单量	增减		
期货公司会员	139,243		1,326		

