								大连商品交易所 成交量_买持仓_卖持仓排名	

合约代码：y2009		Date：2020-08-24	

			期货公司会员	

名次		会员简称	成交量		增减		
1		中粮期货	3,976		2,471		
2		华泰期货	3,883		-2,019		
3		东证期货	3,406		-7,998		
4		光大期货	3,099		-2,321		
5		北京首创	2,178		1,305		
6		国富期货	2,080		-390		
7		申银万国	1,836		-1,908		
8		中信期货	1,698		-899		
9		中国国际	1,178		44		
10		一德期货	1,143		-424		
11		安粮期货	1,105		683		
12		国元期货	1,083		90		
13		信达期货	981		889		
14		东海期货	937		-50		
15		永安期货	736		495		
16		首创京都	600		600		
17		南华期货	599		-764		
18		招商期货	556		-373		
19		国信期货	555		219		
20		国投安信	530		-175		
总计				32,159		-10,525		

名次		会员简称	持买单量	增减		
1		国盛期货	3,238		0		
2		国投安信	2,459		-212		
3		中信期货	1,778		-515		
4		国联期货	1,343		-1		
5		一德期货	1,271		-51		
6		光大期货	1,232		36		
7		海证期货	1,101		-1		
8		中国国际	1,051		-1,137		
9		华融融达	1,026		-101		
10		国富期货	937		-1,534		
11		申银万国	898		-13		
12		华泰期货	722		-231		
13		中辉期货	605		-20		
14		东证期货	604		-111		
15		永安期货	579		-102		
16		东兴期货	571		0		
17		中融汇信	519		-216		
18		五矿经易	494		-113		
19		国泰君安	459		-114		
20		南华期货	406		-396		
总计				21,293		-4,832		

名次		会员简称	持卖单量	增减		
1		中粮期货	5,861		-3,590		
2		国投安信	4,944		-210		
3		一德期货	3,343		-232		
4		中天期货	2,031		-72		
5		南华期货	851		-71		
6		建信期货	532		9		
7		东证期货	491		-119		
8		新湖期货	452		-16		
9		财信期货	416		0		
10		中大期货	414		-102		
11		北京首创	412		-236		
12		中信期货	352		-87		
13		弘业期货	348		79		
14		永安期货	288		-438		
15		中辉期货	239		5		
16		国富期货	234		0		
17		浙江新世纪	201		-1		
18		华泰期货	190		-282		
19		银河期货	179		-300		
20		国贸期货	171		2		
总计				21,949		-5,661		



会员类别	总成交量	增减		
期货公司会员	32,159		-10,525		

会员类别	总持买单量	增减		
期货公司会员	21,293		-4,832		

会员类别	总持卖单量	增减		
期货公司会员	21,949		-5,661		

