								大连商品交易所 成交量_买持仓_卖持仓排名	

合约代码：v2009		Date：2020-08-24	

			期货公司会员	

名次		会员简称	成交量		增减		
1		东证期货	9,173		-1,143		
2		中信期货	2,842		1,177		
3		永安期货	1,284		-266		
4		国元期货	1,022		943		
5		中财期货	931		301		
6		光大期货	907		153		
7		华泰期货	867		-203		
8		国投安信	856		656		
9		国富期货	672		-285		
10		长江期货	632		350		
11		金瑞期货	603		238		
12		浙商期货	470		403		
13		东海期货	452		152		
14		申银万国	446		349		
15		兴证期货	421		372		
16		银河期货	409		263		
17		鲁证期货	401		183		
18		南华期货	392		236		
19		中融汇信	389		197		
20		中天期货	335		291		
总计				23,504		4,367		

名次		会员简称	持买单量	增减		
1		国投安信	3,079		-579		
2		新湖期货	2,012		-85		
3		永安期货	1,557		-880		
4		中粮期货	1,451		-3		
5		浙商期货	1,175		-306		
6		银河期货	1,004		-89		
7		大地期货	833		0		
8		盛达期货	751		-5		
9		金瑞期货	460		151		
10		华泰期货	438		-64		
11		中财期货	415		-5		
12		一德期货	324		-38		
13		中信期货	318		-832		
14		东证期货	304		-108		
15		五矿经易	303		-1		
16		国泰君安	300		-123		
17		长城期货	299		-101		
18		鲁证期货	293		61		
19		宏源期货	253		-1		
20		中大期货	204		200		
总计				15,773		-2,808		

名次		会员简称	持卖单量	增减		
1		中财期货	2,141		-798		
2		大地期货	1,891		-170		
3		国投安信	1,616		139		
4		华泰期货	891		-3		
5		永安期货	711		-138		
6		宝城期货	654		0		
7		中信期货	647		306		
8		华金期货	580		-17		
9		瑞达期货	492		-12		
10		光大期货	483		-3		
11		一德期货	426		3		
12		长江期货	420		-36		
13		中辉期货	419		1		
14		中大期货	416		-2		
15		建信期货	396		-93		
16		国泰君安	351		-186		
17		中国国际	320		12		
18		东海期货	283		-391		
19		中信建投	274		-32		
20		国海良时	257		15		
总计				13,668		-1,405		



会员类别	总成交量	增减		
期货公司会员	23,504		4,367		

会员类别	总持买单量	增减		
期货公司会员	15,773		-2,808		

会员类别	总持卖单量	增减		
期货公司会员	13,668		-1,405		

