								大连商品交易所 成交量_买持仓_卖持仓排名	

合约代码：cs2101		Date：2020-08-24	

			期货公司会员	

名次		会员简称	成交量		增减		
1		华泰期货	23,500		11,521		
2		国泰君安	14,670		10,825		
3		东证期货	9,039		4,345		
4		华闻期货	5,472		475		
5		中信期货	5,354		-382		
6		海通期货	5,177		1,194		
7		光大期货	4,502		1,892		
8		国富期货	4,283		1,209		
9		兴证期货	3,914		2,173		
10		华安期货	3,594		525		
11		中信建投	2,742		-1,045		
12		徽商期货	2,481		-241		
13		银河期货	2,385		167		
14		中粮期货	2,181		1,102		
15		国信期货	2,109		576		
16		广发期货	2,096		1,829		
17		新湖期货	2,095		946		
18		永安期货	2,057		293		
19		方正中期	1,988		1,319		
20		北京首创	1,974		1,428		
总计				101,613		40,151		

名次		会员简称	持买单量	增减		
1		鲁证期货	6,934		31		
2		中信期货	5,618		-245		
3		一德期货	3,916		-211		
4		弘业期货	3,654		71		
5		中粮期货	2,857		320		
6		华安期货	2,817		974		
7		永安期货	2,574		514		
8		中财期货	2,545		-108		
9		东证期货	2,461		1,614		
10		国泰君安	2,394		445		
11		新湖期货	2,121		973		
12		中信建投	1,984		-389		
13		方正中期	1,886		-50		
14		中辉期货	1,846		649		
15		华泰期货	1,782		116		
16		徽商期货	1,598		442		
17		兴证期货	1,541		171		
18		银河期货	1,450		831		
19		国投安信	1,042		528		
20		华西期货	831		290		
总计				51,851		6,966		

名次		会员简称	持卖单量	增减		
1		中粮期货	9,187		-1,171		
2		国金期货	5,561		43		
3		中信期货	4,623		887		
4		华泰期货	4,019		1,818		
5		永安期货	3,291		567		
6		中融汇信	2,912		28		
7		国泰君安	2,669		655		
8		兴证期货	2,363		851		
9		招金期货	1,640		25		
10		海通期货	1,527		1,018		
11		东证期货	1,453		563		
12		国投安信	1,451		-82		
13		国信期货	1,154		655		
14		国富期货	1,120		202		
15		银河期货	1,077		494		
16		瑞达期货	1,076		-84		
17		宏源期货	1,066		701		
18		上海大陆	1,008		-255		
19		华安期货	989		-8		
20		金瑞期货	845		125		
总计				49,031		7,032		



会员类别	总成交量	增减		
期货公司会员	101,613		40,151		

会员类别	总持买单量	增减		
期货公司会员	51,851		6,966		

会员类别	总持卖单量	增减		
期货公司会员	49,031		7,032		

