								大连商品交易所 成交量_买持仓_卖持仓排名	

合约代码：c2101		Date：2020-08-24	

			期货公司会员	

名次		会员简称	成交量		增减		
1		东证期货	129,950		-15,207		
2		国富期货	121,002		25,056		
3		国泰君安	109,055		39,906		
4		华泰期货	84,355		8,280		
5		冠通期货	54,214		-1,151		
6		中信期货	49,854		21,722		
7		东海期货	48,400		-5,615		
8		永安期货	44,318		11,949		
9		广州金控	43,701		19,925		
10		银河期货	34,370		4,058		
11		中粮期货	28,125		17,992		
12		浙商期货	26,440		12,499		
13		兴证期货	24,677		-3,171		
14		中辉期货	24,583		13,988		
15		东方财富	23,738		-2,095		
16		申银万国	22,791		-3,657		
17		徽商期货	21,217		-554		
18		广发期货	21,164		6,436		
19		新湖期货	20,498		5,773		
20		南华期货	20,185		6,069		
总计				952,637		162,203		

名次		会员简称	持买单量	增减		
1		永安期货	122,453		8,560		
2		中财期货	75,369		-1,044		
3		鲁证期货	71,643		418		
4		中信期货	65,621		-5,878		
5		五矿经易	64,545		357		
6		中粮期货	42,453		4,968		
7		国投安信	41,727		1,878		
8		光大期货	39,440		890		
9		华融融达	38,448		1,941		
10		一德期货	37,705		734		
11		东证期货	24,918		-5,435		
12		国泰君安	24,467		497		
13		海证期货	21,576		2,220		
14		浙商期货	21,207		2,560		
15		申银万国	20,168		-9,335		
16		国富期货	20,148		-477		
17		东海期货	19,103		1,105		
18		方正中期	16,874		3,658		
19		华泰期货	15,771		-1,869		
20		北京首创	14,878		763		
总计				798,514		6,511		

名次		会员简称	持卖单量	增减		
1		中粮期货	184,955		-4,369		
2		永安期货	91,575		-4,034		
3		中信期货	71,109		7,694		
4		南华期货	70,980		-8,723		
5		中辉期货	66,903		4,043		
6		光大期货	55,051		186		
7		东证期货	45,787		5,229		
8		北京首创	40,848		-298		
9		浙商期货	35,197		2,302		
10		国投安信	29,312		-1,750		
11		国富期货	27,975		1,989		
12		中国国际	26,654		-137		
13		中金期货	25,003		1		
14		鲁证期货	22,091		2,037		
15		国泰君安	20,996		-42		
16		摩根大通	20,566		0		
17		金瑞期货	20,390		-944		
18		银河期货	18,874		-3,671		
19		华泰期货	17,823		718		
20		新湖期货	15,973		-4,786		
总计				908,062		-4,555		



会员类别	总成交量	增减		
期货公司会员	952,637		162,203		

会员类别	总持买单量	增减		
期货公司会员	798,514		6,511		

会员类别	总持卖单量	增减		
期货公司会员	908,062		-4,555		

