								大连商品交易所 成交量_买持仓_卖持仓排名	

合约代码：p2105		Date：2020-08-24	

			期货公司会员	

名次		会员简称	成交量		增减		
1		兴证期货	2,202		2,113		
2		海通期货	1,524		-392		
3		安粮期货	1,358		586		
4		中辉期货	1,325		324		
5		中信期货	1,324		-52		
6		国富期货	1,258		-121		
7		国元期货	1,167		342		
8		光大期货	1,116		134		
9		大地期货	974		553		
10		华安期货	956		179		
11		中投期货	803		76		
12		国泰君安	800		-256		
13		东证期货	777		309		
14		中天期货	767		-305		
15		建信期货	571		310		
16		中粮期货	556		122		
17		宏源期货	415		11		
18		银河期货	390		-325		
19		广发期货	366		75		
20		华闻期货	356		28		
总计				19,005		3,711		

名次		会员简称	持买单量	增减		
1		兴证期货	3,240		994		
2		浙商期货	3,067		4		
3		永安期货	3,013		48		
4		中辉期货	1,792		427		
5		华融融达	1,448		-14		
6		大地期货	1,394		961		
7		中信期货	1,329		4		
8		中粮期货	1,283		-451		
9		五矿经易	868		-19		
10		鲁证期货	829		14		
11		广发期货	791		3		
12		银河期货	785		21		
13		华泰期货	775		2		
14		国投安信	638		-6		
15		倍特期货	629		4		
16		弘业期货	611		55		
17		华安期货	606		-66		
18		南华期货	586		81		
19		方正中期	555		-94		
20		国富期货	551		12		
总计				24,790		1,980		

名次		会员简称	持卖单量	增减		
1		国富期货	6,463		484		
2		海通期货	4,583		1,201		
3		兴证期货	3,060		1,018		
4		一德期货	3,002		0		
5		摩根大通	2,402		0		
6		永安期货	1,975		-19		
7		华融融达	1,968		0		
8		中辉期货	1,479		502		
9		中信期货	1,238		-104		
10		英大期货	1,120		0		
11		国投安信	1,077		-4		
12		国泰君安	812		0		
13		鲁证期货	788		-35		
14		中粮期货	615		11		
15		广发期货	608		49		
16		上海中期	555		-1		
17		银河期货	529		-231		
18		中财期货	415		74		
19		南华期货	385		-5		
20		浙商期货	370		-50		
总计				33,444		2,890		



会员类别	总成交量	增减		
期货公司会员	19,005		3,711		

会员类别	总持买单量	增减		
期货公司会员	24,790		1,980		

会员类别	总持卖单量	增减		
期货公司会员	33,444		2,890		

