								大连商品交易所 成交量_买持仓_卖持仓排名	

合约代码：c2107		Date：2020-08-24	

			期货公司会员	

名次		会员简称	成交量		增减		
1		国泰君安	1,721		133		
2		中粮期货	1,616		798		
3		中天期货	1,579		751		
4		浙商期货	1,310		198		
5		冠通期货	1,275		35		
6		华闻期货	1,195		590		
7		中信期货	741		12		
8		永安期货	733		183		
9		鲁证期货	705		138		
10		海通期货	703		-28		
11		华金期货	576		157		
12		国海良时	574		-259		
13		弘业期货	570		138		
14		中信建投	554		238		
15		宝城期货	524		213		
16		五矿经易	495		-199		
17		东证期货	491		-160		
18		新湖期货	467		-337		
19		中大期货	416		-463		
20		格林大华	350		-113		
总计				16,595		2,025		

名次		会员简称	持买单量	增减		
1		鲁证期货	16,445		176		
2		一德期货	11,284		1		
3		中信建投	5,093		511		
4		中州期货	3,002		0		
5		中辉期货	1,669		0		
6		招金期货	1,531		0		
7		海证期货	502		0		
8		上海中期	300		0		
9		华金期货	300		300		
10		申银万国	143		-8		
11		新湖期货	133		-20		
12		永安期货	106		70		
13		华闻期货	90		-7		
14		瑞达期货	80		80		
15		光大期货	72		21		
16		中衍期货	66		0		
17		宝城期货	54		50		
18		平安期货	54		17		
19		东航期货	53		2		
20		财信期货	51		0		
总计				41,028		1,193		

名次		会员简称	持卖单量	增减		
1		光大期货	11,114		1		
2		中信期货	6,024		2		
3		徽商期货	4,088		-13		
4		鲁证期货	3,581		37		
5		金瑞期货	3,000		0		
6		兴证期货	2,650		-3		
7		东证期货	1,607		33		
8		长安期货	909		0		
9		华金期货	764		80		
10		冠通期货	691		315		
11		华泰期货	680		-69		
12		锦泰期货	425		16		
13		平安期货	401		-5		
14		国贸期货	387		0		
15		上海中期	383		6		
16		创元期货	322		16		
17		中天期货	313		233		
18		海通期货	290		-13		
19		国元期货	280		98		
20		宏源期货	275		25		
总计				38,184		759		



会员类别	总成交量	增减		
期货公司会员	16,595		2,025		

会员类别	总持买单量	增减		
期货公司会员	41,028		1,193		

会员类别	总持卖单量	增减		
期货公司会员	38,184		759		

