								大连商品交易所 成交量_买持仓_卖持仓排名	

合约代码：eg2009		Date：2020-08-24	

			期货公司会员	

名次		会员简称	成交量		增减		
1		东证期货	6,660		293		
2		国富期货	2,355		-1,642		
3		创元期货	1,264		-29		
4		东吴期货	1,227		269		
5		永安期货	1,158		-998		
6		华泰期货	1,110		-910		
7		南华期货	1,107		99		
8		浙商期货	1,003		413		
9		福能期货	768		507		
10		中信期货	763		-913		
11		光大期货	720		-644		
12		宏源期货	675		-79		
13		国泰君安	664		-203		
14		浙江新世纪	640		632		
15		一德期货	613		547		
16		天风期货	576		-171		
17		国海良时	514		103		
18		广发期货	499		296		
19		国元期货	434		-572		
20		方正中期	363		59		
总计				23,113		-2,943		

名次		会员简称	持买单量	增减		
1		国泰君安	2,172		5		
2		华闻期货	1,882		-81		
3		混沌天成	1,526		-1		
4		国贸期货	1,222		-21		
5		中辉期货	1,210		-305		
6		永安期货	1,080		-351		
7		广发期货	1,040		-337		
8		宝城期货	793		-6		
9		浙商期货	723		409		
10		中信期货	722		-106		
11		天风期货	510		-168		
12		方正中期	421		-291		
13		平安期货	417		2		
14		华泰期货	365		-189		
15		东证期货	364		-165		
16		申银万国	342		-1		
17		鲁证期货	306		-74		
18		银河期货	274		-69		
19		光大期货	268		-10		
20		福能期货	267		-720		
总计				15,904		-2,479		

名次		会员简称	持卖单量	增减		
1		上海中期	2,637		-6		
2		永安期货	1,890		-405		
3		中财期货	1,450		-89		
4		国元期货	1,206		-232		
5		中银期货	1,183		-357		
6		中信期货	1,151		-207		
7		新湖期货	1,095		41		
8		华泰期货	799		-5		
9		兴业期货	602		0		
10		大地期货	567		-6		
11		东吴期货	552		-378		
12		南华期货	530		-311		
13		国投安信	474		-58		
14		浙商期货	452		-478		
15		光大期货	401		10		
16		鲁证期货	386		-50		
17		银河期货	382		63		
18		国富期货	350		-4		
19		国泰君安	336		-275		
20		国联期货	329		0		
总计				16,772		-2,747		



会员类别	总成交量	增减		
期货公司会员	23,113		-2,943		

会员类别	总持买单量	增减		
期货公司会员	15,904		-2,479		

会员类别	总持卖单量	增减		
期货公司会员	16,772		-2,747		

