								大连商品交易所 成交量_买持仓_卖持仓排名	

合约代码：rr2010		Date：2020-08-24	

			期货公司会员	

名次		会员简称	成交量		增减		
1		东证期货	5,282		750		
2		海通期货	3,703		-14		
3		美尔雅期货	1,907		106		
4		鲁证期货	1,531		640		
5		申银万国	1,415		206		
6		格林大华	1,401		146		
7		中信建投	1,165		226		
8		东海期货	1,154		588		
9		五矿经易	1,098		19		
10		国泰君安	943		-182		
11		浙商期货	900		-119		
12		方正中期	861		-779		
13		中原期货	777		299		
14		国海良时	755		272		
15		北京首创	698		697		
16		永安期货	648		-90		
17		华安期货	576		76		
18		国投安信	381		-44		
19		光大期货	376		30		
20		徽商期货	301		19		
总计				25,872		2,846		

名次		会员简称	持买单量	增减		
1		方正中期	1,450		15		
2		中信建投	1,250		-4		
3		安粮期货	1,178		-3		
4		光大期货	1,075		1		
5		海通期货	1,053		-355		
6		国泰君安	967		-23		
7		永安期货	611		-152		
8		五矿经易	505		-498		
9		国海良时	476		0		
10		中原期货	375		-12		
11		格林大华	342		2		
12		申银万国	265		11		
13		东方财富	253		7		
14		国投安信	219		3		
15		广发期货	203		-126		
16		国信期货	199		28		
17		银河期货	197		-6		
18		华联期货	170		37		
19		东航期货	161		-18		
20		金瑞期货	157		-11		
总计				11,106		-1,104		

名次		会员简称	持卖单量	增减		
1		北京首创	1,401		-609		
2		方正中期	1,308		-4		
3		光大期货	1,044		9		
4		中信建投	1,034		71		
5		申银万国	1,022		84		
6		华安期货	1,004		35		
7		海通期货	966		-98		
8		鲁证期货	581		38		
9		永安期货	538		-140		
10		中信期货	530		45		
11		东海期货	524		19		
12		五矿经易	514		-598		
13		中投期货	432		-119		
14		国海良时	428		3		
15		国泰君安	336		20		
16		中原期货	305		-5		
17		格林大华	302		-1		
18		中州期货	300		0		
19		渤海期货	291		11		
20		平安期货	228		21		
总计				13,088		-1,218		



会员类别	总成交量	增减		
期货公司会员	25,872		2,846		

会员类别	总持买单量	增减		
期货公司会员	11,106		-1,104		

会员类别	总持卖单量	增减		
期货公司会员	13,088		-1,218		

