								大连商品交易所 成交量_买持仓_卖持仓排名	

合约代码：c2105		Date：2020-08-24	

			期货公司会员	

名次		会员简称	成交量		增减		
1		华泰期货	22,404		6,882		
2		东证期货	20,237		977		
3		五矿经易	12,443		12,169		
4		光大期货	8,759		541		
5		中信期货	8,442		3,127		
6		东海期货	7,689		7,046		
7		永安期货	7,521		4,800		
8		中粮期货	6,322		5,980		
9		银河期货	5,624		1,495		
10		中天期货	4,613		1,668		
11		国富期货	3,849		2,145		
12		金瑞期货	3,403		-908		
13		徽商期货	3,346		1,941		
14		兴证期货	2,851		1,027		
15		申银万国	2,796		2,043		
16		华融融达	2,747		1,560		
17		国泰君安	2,629		1,519		
18		华安期货	2,574		281		
19		中辉期货	2,513		1,746		
20		中信建投	2,256		776		
总计				133,018		56,815		

名次		会员简称	持买单量	增减		
1		鲁证期货	38,982		-10		
2		北京首创	38,971		-271		
3		国泰君安	22,761		116		
4		光大期货	22,664		1,804		
5		中信期货	21,883		508		
6		一德期货	18,741		32		
7		中信建投	12,931		39		
8		华泰期货	10,242		18		
9		中州期货	10,100		-3		
10		永安期货	9,549		867		
11		混沌天成	7,781		-96		
12		海证期货	7,345		45		
13		金瑞期货	6,988		887		
14		中辉期货	6,940		-1,196		
15		安粮期货	6,923		-357		
16		中粮期货	6,755		251		
17		徽商期货	5,603		301		
18		东吴期货	5,601		27		
19		东证期货	4,999		714		
20		中天期货	4,910		2,124		
总计				270,669		5,800		

名次		会员简称	持卖单量	增减		
1		永安期货	47,924		1,442		
2		中粮期货	33,482		4,871		
3		中信期货	28,937		-610		
4		光大期货	26,809		-47		
5		南华期货	24,661		-2		
6		金瑞期货	23,659		-74		
7		华融融达	20,917		1,654		
8		五矿经易	16,349		11,998		
9		鲁证期货	13,262		-33		
10		海证期货	12,764		332		
11		国投安信	12,653		-60		
12		浙商期货	12,082		-6		
13		东证期货	10,820		-191		
14		华泰期货	9,781		-118		
15		国泰君安	6,254		793		
16		美尔雅期货	5,094		-51		
17		建信期货	4,182		-55		
18		北京首创	3,908		-136		
19		徽商期货	3,431		-181		
20		方正中期	2,877		44		
总计				319,846		19,570		



会员类别	总成交量	增减		
期货公司会员	133,018		56,815		

会员类别	总持买单量	增减		
期货公司会员	270,669		5,800		

会员类别	总持卖单量	增减		
期货公司会员	319,846		19,570		

