								大连商品交易所 成交量_买持仓_卖持仓排名	

合约代码：m2011		Date：2020-08-24	

			期货公司会员	

名次		会员简称	成交量		增减		
1		东证期货	24,492		5,753		
2		光大期货	10,219		-288		
3		国富期货	5,934		-1,280		
4		海通期货	5,465		590		
5		国投安信	5,296		2,384		
6		新湖期货	4,267		-650		
7		浙商期货	3,999		-634		
8		国海良时	3,089		981		
9		鲁证期货	3,075		48		
10		招商期货	2,905		-356		
11		申银万国	2,689		-143		
12		华闻期货	2,531		909		
13		格林大华	2,530		923		
14		国泰君安	2,159		-1,429		
15		南华期货	1,750		-761		
16		中粮期货	1,708		760		
17		五矿经易	1,385		-243		
18		方正中期	1,381		137		
19		银河期货	1,321		-1,205		
20		徽商期货	1,272		513		
总计				87,467		6,009		

名次		会员简称	持买单量	增减		
1		安粮期货	8,280		507		
2		国投安信	6,143		-848		
3		海通期货	4,618		-88		
4		鲁证期货	3,869		-26		
5		南华期货	3,081		13		
6		国泰君安	2,916		-11		
7		平安期货	2,846		25		
8		五矿经易	2,805		-279		
9		银河期货	2,530		-31		
10		东吴期货	2,260		150		
11		北京首创	2,074		-3		
12		中粮期货	1,883		-10		
13		国元期货	1,876		62		
14		弘业期货	1,871		-7		
15		浙商期货	1,703		455		
16		冠通期货	1,643		0		
17		格林大华	1,624		-2		
18		新湖期货	1,420		128		
19		国海良时	1,238		3		
20		中信期货	1,210		-276		
总计				55,890		-238		

名次		会员简称	持卖单量	增减		
1		南华期货	7,630		-41		
2		国投安信	7,528		-124		
3		国泰君安	5,923		-10		
4		海通期货	4,613		-105		
5		倍特期货	4,001		0		
6		鲁证期货	3,692		3		
7		兴证期货	3,504		-317		
8		五矿经易	2,622		0		
9		中信期货	2,544		-195		
10		东吴期货	2,341		111		
11		华安期货	2,310		5		
12		东证期货	2,184		53		
13		国贸期货	2,090		0		
14		中粮期货	2,028		0		
15		弘业期货	1,871		57		
16		格林大华	1,809		0		
17		冠通期货	1,600		0		
18		宏源期货	1,438		-239		
19		国海良时	1,220		2		
20		招商期货	1,106		4		
总计				62,054		-796		



会员类别	总成交量	增减		
期货公司会员	87,467		6,009		

会员类别	总持买单量	增减		
期货公司会员	55,890		-238		

会员类别	总持卖单量	增减		
期货公司会员	62,054		-796		

