								大连商品交易所 成交量_买持仓_卖持仓排名	

合约代码：jd2009		Date：2020-08-24	

			期货公司会员	

名次		会员简称	成交量		增减		
1		东证期货	12,537		-5,619		
2		国泰君安	5,164		-2,445		
3		徽商期货	4,626		-1,953		
4		中信期货	3,807		-1,162		
5		天风期货	3,401		-2,400		
6		方正中期	3,323		-1,259		
7		宏源期货	3,213		-445		
8		华安期货	3,145		-2,291		
9		申银万国	3,012		-601		
10		国富期货	2,924		-1,477		
11		光大期货	2,486		120		
12		海通期货	2,298		129		
13		先锋期货	2,293		12		
14		中辉期货	2,268		-1		
15		华泰期货	2,215		-1,483		
16		中信建投	2,211		-1,705		
17		银河期货	1,869		-353		
18		安粮期货	1,787		-473		
19		宝城期货	1,661		-191		
20		鲁证期货	1,660		-334		
总计				65,900		-23,931		

名次		会员简称	持买单量	增减		
1		中信建投	2,260		151		
2		方正中期	2,089		86		
3		国泰君安	1,884		-150		
4		徽商期货	1,732		-319		
5		银河期货	1,688		-95		
6		华安期货	1,485		-46		
7		宏源期货	1,445		165		
8		中信期货	1,436		-28		
9		永安期货	1,372		-55		
10		先锋期货	1,159		185		
11		光大期货	1,137		34		
12		平安期货	1,067		-73		
13		国投安信	1,054		-47		
14		海通期货	1,053		251		
15		中辉期货	1,044		69		
16		新纪元期货	1,005		-166		
17		华泰期货	999		-55		
18		宝城期货	983		160		
19		东方财富	981		-68		
20		国元期货	967		-137		
总计				26,840		-138		

名次		会员简称	持卖单量	增减		
1		方正中期	3,758		127		
2		徽商期货	2,604		-233		
3		福能期货	2,566		39		
4		格林大华	2,537		1		
5		英大期货	2,330		127		
6		华安期货	2,128		-329		
7		先锋期货	2,002		-64		
8		中信建投	1,677		22		
9		美尔雅期货	1,590		23		
10		宏源期货	1,556		-312		
11		国贸期货	1,511		89		
12		永安期货	1,307		-333		
13		中财期货	1,305		-103		
14		银河期货	1,242		48		
15		国泰君安	1,232		76		
16		五矿经易	1,092		72		
17		海证期货	1,062		180		
18		安粮期货	989		-5		
19		海通期货	921		103		
20		鲁证期货	835		-66		
总计				34,244		-538		



会员类别	总成交量	增减		
期货公司会员	65,900		-23,931		

会员类别	总持买单量	增减		
期货公司会员	26,840		-138		

会员类别	总持卖单量	增减		
期货公司会员	34,244		-538		

