								大连商品交易所 成交量_买持仓_卖持仓排名	

合约代码：pp2101		Date：2020-08-24	

			期货公司会员	

名次		会员简称	成交量		增减		
1		东证期货	108,274		-51,174		
2		中信期货	33,067		-10,285		
3		国泰君安	30,780		-11,817		
4		海通期货	25,934		-10,713		
5		国富期货	22,345		1,634		
6		华泰期货	18,061		-4,827		
7		方正中期	15,291		-7,105		
8		永安期货	14,050		-1,628		
9		华安期货	12,508		-1,152		
10		兴证期货	10,615		-5,828		
11		浙商期货	10,595		-3,553		
12		南华期货	10,406		-2,527		
13		银河期货	9,894		-6,658		
14		徽商期货	9,877		-4,682		
15		东方财富	7,749		166		
16		宏源期货	7,472		-3,010		
17		国投安信	7,101		743		
18		中辉期货	6,483		-3,020		
19		申银万国	6,208		-3,724		
20		安粮期货	6,108		-1,921		
总计				372,818		-131,081	

名次		会员简称	持买单量	增减		
1		永安期货	39,568		3,238		
2		中信期货	32,188		337		
3		银河期货	11,249		752		
4		新湖期货	10,732		329		
5		东证期货	9,190		277		
6		华泰期货	8,728		3,443		
7		东海期货	6,675		270		
8		国泰君安	5,174		1,023		
9		中信建投	4,437		-770		
10		兴证期货	4,385		718		
11		宏源期货	4,299		-909		
12		大地期货	4,260		191		
13		国投安信	4,149		494		
14		申银万国	3,744		343		
15		华安期货	3,675		-1,431		
16		方正中期	3,668		165		
17		东航期货	3,598		279		
18		海通期货	3,597		-686		
19		浙商期货	3,395		-1,710		
20		摩根大通	3,368		-15		
总计				170,079		6,338		

名次		会员简称	持卖单量	增减		
1		浙商期货	17,576		659		
2		国泰君安	14,180		25		
3		华泰期货	13,616		2,622		
4		国投安信	13,021		193		
5		永安期货	12,659		224		
6		南华期货	11,267		1,133		
7		中银期货	9,270		-188		
8		东证期货	7,926		-1,253		
9		中信期货	7,279		68		
10		建信期货	7,163		112		
11		鲁证期货	7,132		404		
12		银河期货	6,809		184		
13		瑞达期货	6,733		92		
14		华融融达	5,122		140		
15		一德期货	5,122		1,905		
16		广发期货	4,703		586		
17		海通期货	4,680		834		
18		东海期货	4,558		788		
19		国信期货	4,418		-628		
20		方正中期	4,315		812		
总计				167,549		8,712		



会员类别	总成交量	增减		
期货公司会员	372,818		-131,081	

会员类别	总持买单量	增减		
期货公司会员	170,079		6,338		

会员类别	总持卖单量	增减		
期货公司会员	167,549		8,712		

