								大连商品交易所 成交量_买持仓_卖持仓排名	

合约代码：jd2011		Date：2020-08-24	

			期货公司会员	

名次		会员简称	成交量		增减		
1		东证期货	4,133		1,541		
2		安粮期货	2,386		-2,525		
3		南华期货	2,224		-488		
4		光大期货	2,122		233		
5		中粮期货	2,066		-327		
6		申银万国	1,913		269		
7		中信建投	1,512		-479		
8		华安期货	1,489		-56		
9		国泰君安	1,423		-46		
10		中信期货	1,401		175		
11		瑞达期货	1,370		424		
12		徽商期货	1,240		-498		
13		华闻期货	1,084		457		
14		宏源期货	1,063		301		
15		鲁证期货	987		139		
16		新湖期货	843		581		
17		天风期货	819		-81		
18		美尔雅期货	814		354		
19		方正中期	786		-536		
20		海证期货	679		569		
总计				30,354		7		

名次		会员简称	持买单量	增减		
1		宏源期货	2,851		342		
2		方正中期	2,739		91		
3		中信期货	1,991		150		
4		徽商期货	1,971		363		
5		华联期货	1,282		152		
6		安粮期货	1,214		54		
7		永安期货	1,137		135		
8		海通期货	1,112		-29		
9		华安期货	1,107		-319		
10		国泰君安	1,089		193		
11		弘业期货	1,031		140		
12		北京首创	966		0		
13		华泰期货	947		105		
14		国联期货	865		-8		
15		中信建投	820		58		
16		瑞达期货	815		53		
17		申银万国	811		164		
18		国海良时	766		76		
19		南华期货	761		20		
20		光大期货	755		97		
总计				25,030		1,837		

名次		会员简称	持卖单量	增减		
1		美尔雅期货	3,101		515		
2		北京首创	2,269		117		
3		江苏东华	2,012		31		
4		申银万国	1,677		683		
5		海通期货	1,641		50		
6		华泰期货	1,534		-57		
7		华融融达	1,457		438		
8		中财期货	1,456		82		
9		宏源期货	1,439		53		
10		永安期货	1,401		67		
11		瑞达期货	1,265		39		
12		徽商期货	1,202		41		
13		华安期货	1,098		48		
14		上海大陆	1,082		-13		
15		中信建投	1,054		-658		
16		华金期货	1,032		10		
17		国联期货	960		156		
18		九州期货	918		0		
19		广州金控	877		133		
20		中信期货	801		93		
总计				28,276		1,828		



会员类别	总成交量	增减		
期货公司会员	30,354		7		

会员类别	总持买单量	增减		
期货公司会员	25,030		1,837		

会员类别	总持卖单量	增减		
期货公司会员	28,276		1,828		

