								大连商品交易所 成交量_买持仓_卖持仓排名	

合约代码：pg2011		Date：2020-09-02	

			期货公司会员	

名次		会员简称	成交量		增减		
1		华泰期货	40,213		12,475		
2		中信期货	29,721		11,604		
3		徽商期货	15,439		7,614		
4		华安期货	12,485		4,960		
5		银河期货	12,414		6,242		
6		东证期货	12,321		5,185		
7		海通期货	11,087		3,349		
8		国泰君安	10,771		4,341		
9		中辉期货	10,028		3,886		
10		国富期货	9,996		3,080		
11		东吴期货	9,125		4,087		
12		光大期货	8,877		2,646		
13		申银万国	7,137		1,568		
14		永安期货	6,162		1,941		
15		中信建投	6,158		3,961		
16		方正中期	5,835		2,152		
17		宏源期货	5,707		2,402		
18		华西期货	5,693		2,366		
19		国投安信	5,530		3,402		
20		冠通期货	4,613		1,918		
总计				229,312		89,179		

名次		会员简称	持买单量	增减		
1		中大期货	10,227		171		
2		永安期货	9,579		-109		
3		银河期货	3,665		1,126		
4		海通期货	2,932		-734		
5		东证期货	2,798		-322		
6		中信期货	2,240		829		
7		一德期货	2,092		931		
8		方正中期	2,065		442		
9		徽商期货	2,015		-314		
10		中粮期货	1,965		-234		
11		光大期货	1,808		261		
12		国泰君安	1,614		527		
13		国海良时	1,600		219		
14		华安期货	1,523		416		
15		中辉期货	1,377		808		
16		申银万国	1,353		155		
17		浙商期货	1,349		295		
18		河北恒银	1,283		778		
19		南华期货	1,276		293		
20		宏源期货	1,193		695		
总计				53,954		6,233		

名次		会员简称	持卖单量	增减		
1		国投安信	13,897		-372		
2		中信期货	9,667		304		
3		永安期货	5,480		131		
4		银河期货	5,374		14		
5		广发期货	3,707		466		
6		国泰君安	3,197		1,268		
7		海通期货	2,344		399		
8		华泰期货	2,055		49		
9		华安期货	1,899		-131		
10		方正中期	1,567		-97		
11		东证期货	1,530		473		
12		兴证期货	1,392		1,015		
13		南华期货	1,389		661		
14		东航期货	1,241		307		
15		山金期货	1,193		1,135		
16		中信建投	1,176		809		
17		宏源期货	1,132		168		
18		海航期货	1,089		79		
19		天风期货	1,012		688		
20		徽商期货	997		-173		
总计				61,338		7,193		



会员类别	总成交量	增减		
期货公司会员	229,312		89,179		

会员类别	总持买单量	增减		
期货公司会员	53,954		6,233		

会员类别	总持卖单量	增减		
期货公司会员	61,338		7,193		

