								大连商品交易所 成交量_买持仓_卖持仓排名	

合约代码：b2010		Date：2020-09-02	

			期货公司会员	

名次		会员简称	成交量		增减		
1		华泰期货	14,333		-4,798		
2		海通期货	6,323		1,453		
3		国富期货	4,331		-1,947		
4		国泰君安	3,672		-1,828		
5		南华期货	3,550		602		
6		国投安信	3,154		1,462		
7		东证期货	3,015		-691		
8		中信期货	2,423		-31		
9		安粮期货	1,298		-476		
10		中信建投	1,255		337		
11		徽商期货	1,244		-560		
12		宏源期货	1,176		398		
13		东方财富	1,058		-662		
14		光大期货	984		-1,797		
15		华安期货	878		-855		
16		兴证期货	795		24		
17		先锋期货	747		-93		
18		永安期货	714		-1,161		
19		海证期货	659		-153		
20		美尔雅期货	592		-458		
总计				52,201		-11,234		

名次		会员简称	持买单量	增减		
1		深圳金汇	2,240		0		
2		申银万国	1,029		-8		
3		五矿经易	856		-185		
4		国泰君安	747		-230		
5		华泰期货	728		-233		
6		中信期货	663		-129		
7		海通期货	562		-1,873		
8		中粮期货	483		1		
9		东方财富	463		-70		
10		徽商期货	430		36		
11		南华期货	406		-567		
12		银河期货	404		-39		
13		国投安信	370		-1,057		
14		方正中期	349		4		
15		华安期货	299		-3		
16		中信建投	258		-17		
17		宏源期货	256		12		
18		国元期货	247		-12		
19		安粮期货	246		8		
20		永安期货	217		3		
总计				11,253		-4,359		

名次		会员简称	持卖单量	增减		
1		摩根大通	2,000		0		
2		五矿经易	1,286		-127		
3		中州期货	1,040		121		
4		北京首创	1,008		-102		
5		中信建投	1,000		548		
6		先融期货	601		1		
7		海通期货	557		-2,008		
8		东证期货	519		-458		
9		一德期货	453		99		
10		国泰君安	400		-286		
11		兴证期货	381		-47		
12		海证期货	372		27		
13		新湖期货	367		209		
14		中信期货	367		-240		
15		永安期货	362		61		
16		国投安信	360		-997		
17		南华期货	296		-1,181		
18		美尔雅期货	282		105		
19		华泰期货	279		62		
20		上海中期	276		-3		
总计				12,206		-4,216		



会员类别	总成交量	增减		
期货公司会员	52,201		-11,234		

会员类别	总持买单量	增减		
期货公司会员	11,253		-4,359		

会员类别	总持卖单量	增减		
期货公司会员	12,206		-4,216		

