								大连商品交易所 成交量_买持仓_卖持仓排名	

合约代码：p2105		Date：2020-09-02	

			期货公司会员	

名次		会员简称	成交量		增减		
1		东证期货	11,343		6,633		
2		光大期货	9,712		4,225		
3		摩根大通	2,544		1,644		
4		中信期货	2,231		415		
5		华融融达	1,879		1,379		
6		国元期货	1,863		627		
7		华泰期货	1,488		525		
8		海通期货	1,378		1,062		
9		国泰君安	1,228		476		
10		金瑞期货	1,189		1,189		
11		华西期货	1,109		1,103		
12		宏源期货	1,011		264		
13		永安期货	919		-19		
14		国投安信	917		394		
15		中粮期货	807		591		
16		一德期货	740		503		
17		兴证期货	739		423		
18		国富期货	716		378		
19		弘业期货	703		426		
20		长江期货	653		23		
总计				43,169		22,261		

名次		会员简称	持买单量	增减		
1		兴证期货	4,382		44		
2		国投安信	4,205		173		
3		永安期货	3,495		0		
4		浙商期货	3,161		99		
5		中辉期货	1,871		-187		
6		华融融达	1,642		94		
7		华泰期货	1,458		153		
8		大地期货	1,426		-1		
9		中信期货	1,290		89		
10		摩根大通	1,156		1,156		
11		中粮期货	1,150		69		
12		南华期货	1,121		246		
13		五矿经易	1,065		195		
14		华安期货	781		77		
15		银河期货	765		-18		
16		鲁证期货	755		186		
17		东证期货	736		29		
18		国富期货	703		210		
19		方正中期	687		-211		
20		上海中期	645		41		
总计				32,494		2,444		

名次		会员简称	持卖单量	增减		
1		国富期货	6,283		-140		
2		海通期货	4,560		27		
3		兴证期货	4,082		19		
4		摩根大通	3,636		500		
5		一德期货	3,104		101		
6		华融融达	2,126		893		
7		中信期货	1,848		196		
8		永安期货	1,814		249		
9		中粮期货	1,619		342		
10		上海中期	1,433		14		
11		中辉期货	1,421		-26		
12		东证期货	1,187		1,024		
13		广发期货	1,134		41		
14		英大期货	1,120		0		
15		国投安信	1,115		-586		
16		鲁证期货	844		1		
17		国泰君安	825		-190		
18		建信期货	716		101		
19		银河期货	525		54		
20		光大期货	500		152		
总计				39,892		2,772		



会员类别	总成交量	增减		
期货公司会员	43,169		22,261		

会员类别	总持买单量	增减		
期货公司会员	32,494		2,444		

会员类别	总持卖单量	增减		
期货公司会员	39,892		2,772		

