								大连商品交易所 成交量_买持仓_卖持仓排名	

合约代码：c2011		Date：2020-09-02	

			期货公司会员	

名次		会员简称	成交量		增减		
1		华闻期货	21,696		7,126		
2		国泰君安	17,573		-462		
3		华泰期货	12,593		-5,328		
4		东证期货	12,505		3,829		
5		海通期货	9,810		5,810		
6		光大期货	6,943		-2,278		
7		国投安信	6,772		6,537		
8		格林大华	4,551		-779		
9		鲁证期货	4,400		905		
10		弘业期货	4,254		3,093		
11		中粮期货	3,796		164		
12		永安期货	3,669		602		
13		冠通期货	3,589		2,138		
14		国海良时	3,308		119		
15		五矿经易	3,065		1,106		
16		中大期货	3,019		-493		
17		中信期货	2,980		152		
18		中辉期货	2,904		2,896		
19		新湖期货	2,341		-391		
20		浙商期货	2,226		702		
总计				131,994		25,448		

名次		会员简称	持买单量	增减		
1		中大期货	4,950		2		
2		永安期货	4,631		-399		
3		宝城期货	3,112		-748		
4		中财期货	3,028		21		
5		弘业期货	2,231		40		
6		中信期货	1,723		-931		
7		华安期货	1,635		4		
8		兴证期货	1,604		1,523		
9		海通期货	1,502		-88		
10		冠通期货	1,444		987		
11		五矿经易	1,168		-1,435		
12		浙商期货	1,074		-1,133		
13		新湖期货	1,068		7		
14		鲁证期货	990		-1,993		
15		中粮期货	980		72		
16		国泰君安	963		-71		
17		创元期货	766		614		
18		格林大华	752		0		
19		广发期货	689		-378		
20		光大期货	525		285		
总计				34,835		-3,621		

名次		会员简称	持卖单量	增减		
1		国投安信	6,025		3,861		
2		中大期货	3,903		-1		
3		宝城期货	3,093		-764		
4		永安期货	2,989		-302		
5		民生期货	2,884		202		
6		中信期货	2,525		-1,235		
7		弘业期货	2,198		-36		
8		海通期货	2,035		-22		
9		五矿经易	1,522		-1,220		
10		浙商期货	1,082		-1,091		
11		新湖期货	1,066		2		
12		中粮期货	1,017		-100		
13		鲁证期货	988		-2,061		
14		广州金控	901		0		
15		格林大华	778		1		
16		中信建投	728		106		
17		国泰君安	710		-44		
18		光大期货	611		-156		
19		银河期货	492		69		
20		中融汇信	350		-35		
总计				35,897		-2,826		



会员类别	总成交量	增减		
期货公司会员	131,994		25,448		

会员类别	总持买单量	增减		
期货公司会员	34,835		-3,621		

会员类别	总持卖单量	增减		
期货公司会员	35,897		-2,826		

