								大连商品交易所 成交量_买持仓_卖持仓排名	

合约代码：c2101		Date：2020-09-02	

			期货公司会员	

名次		会员简称	成交量		增减		
1		国泰君安	189,473		45,705		
2		东证期货	150,621		27,449		
3		华泰期货	86,861		40,584		
4		国富期货	81,555		22,978		
5		广州金控	75,131		20,204		
6		浙商期货	38,147		13,805		
7		永安期货	35,237		14,998		
8		中信期货	32,205		13,066		
9		天风期货	31,988		14,232		
10		兴证期货	30,668		15,163		
11		国投安信	27,622		16,191		
12		东方财富	26,326		8,287		
13		银河期货	24,491		8,391		
14		华安期货	20,921		5,022		
15		光大期货	19,919		7,627		
16		徽商期货	19,102		3,508		
17		金瑞期货	19,048		10,021		
18		海通期货	18,041		2,424		
19		申银万国	17,986		6,096		
20		东海期货	17,822		-7,545		
总计				963,164		288,206		

名次		会员简称	持买单量	增减		
1		永安期货	126,618		1,842		
2		中财期货	81,991		4,403		
3		鲁证期货	73,970		-2,669		
4		五矿经易	67,673		151		
5		中信期货	52,877		-9,625		
6		中粮期货	46,741		604		
7		光大期货	42,173		276		
8		一德期货	39,804		-1,128		
9		国投安信	39,721		496		
10		华融融达	34,242		484		
11		国泰君安	27,418		1,442		
12		申银万国	26,256		4,806		
13		海证期货	25,015		-832		
14		国富期货	23,874		3,848		
15		华泰期货	21,954		4,043		
16		东证期货	21,868		-1,265		
17		国盛期货	21,628		-233		
18		浙商期货	21,493		5,892		
19		海通期货	20,029		5,076		
20		北京首创	17,306		703		
总计				832,651		18,314		

名次		会员简称	持卖单量	增减		
1		中粮期货	197,230		2,914		
2		永安期货	100,366		-997		
3		中信期货	77,604		446		
4		南华期货	72,185		3,734		
5		中辉期货	63,297		155		
6		光大期货	59,782		2,029		
7		国投安信	45,310		11,696		
8		东证期货	42,887		-7,120		
9		北京首创	40,289		-33		
10		国富期货	32,617		-541		
11		中国国际	29,991		508		
12		浙商期货	27,068		-3,751		
13		中金期货	25,006		1		
14		国泰君安	24,817		37		
15		鲁证期货	24,665		-582		
16		华泰期货	21,287		1,600		
17		摩根大通	21,203		300		
18		银河期货	18,330		1,937		
19		新湖期货	16,507		151		
20		建信期货	16,250		252		
总计				956,691		12,736		



会员类别	总成交量	增减		
期货公司会员	963,164		288,206		

会员类别	总持买单量	增减		
期货公司会员	832,651		18,314		

会员类别	总持卖单量	增减		
期货公司会员	956,691		12,736		

