								大连商品交易所 成交量_买持仓_卖持仓排名	

合约代码：p2101		Date：2020-09-02	

			期货公司会员	

名次		会员简称	成交量		增减		
1		东证期货	223,414		338		
2		光大期货	127,787		2,956		
3		国富期货	72,164		5,993		
4		国泰君安	65,401		-1,179		
5		申银万国	52,659		9,497		
6		中信期货	51,846		-9,725		
7		方正中期	44,720		-2,447		
8		海通期货	37,537		-10,193		
9		银河期货	32,945		-555		
10		徽商期货	29,652		2,783		
11		华闻期货	24,850		886		
12		永安期货	22,655		-2,596		
13		华安期货	22,261		1,594		
14		宏源期货	19,233		2,813		
15		华泰期货	18,747		2,205		
16		安粮期货	17,402		2,738		
17		华西期货	16,942		-493		
18		国投安信	16,489		2,098		
19		中国国际	15,898		2,327		
20		兴证期货	15,831		-2,516		
总计				928,433		6,524		

名次		会员简称	持买单量	增减		
1		永安期货	46,429		1,366		
2		五矿经易	30,552		1,977		
3		银河期货	17,992		392		
4		东证期货	15,519		943		
5		中信期货	15,509		550		
6		国盛期货	15,319		135		
7		海通期货	13,667		301		
8		国泰君安	12,233		-588		
9		光大期货	12,228		138		
10		方正中期	11,811		1,777		
11		浙商期货	10,752		332		
12		天风期货	10,557		-288		
13		兴证期货	9,972		1,721		
14		国投安信	9,354		-596		
15		华泰期货	9,321		333		
16		一德期货	8,461		309		
17		大越期货	8,427		311		
18		徽商期货	7,568		329		
19		广发期货	6,959		196		
20		东航期货	6,763		-54		
总计				279,393		9,584		

名次		会员简称	持卖单量	增减		
1		中粮期货	39,817		5,390		
2		银河期货	33,285		281		
3		国投安信	31,806		2,405		
4		国富期货	23,849		2,292		
5		一德期货	20,849		934		
6		海通期货	19,536		1,322		
7		广发期货	16,603		659		
8		东证期货	14,404		-1,339		
9		摩根大通	14,033		756		
10		国泰君安	12,533		2,363		
11		国贸期货	11,226		-109		
12		中信期货	11,183		-1,772		
13		永安期货	9,985		531		
14		上海中期	9,724		41		
15		浙商期货	6,856		-70		
16		弘业期货	6,402		541		
17		华泰期货	6,326		40		
18		北京首创	6,244		-1,063		
19		鲁证期货	6,090		322		
20		中融汇信	5,730		-30		
总计				306,481		13,494		



会员类别	总成交量	增减		
期货公司会员	928,433		6,524		

会员类别	总持买单量	增减		
期货公司会员	279,393		9,584		

会员类别	总持卖单量	增减		
期货公司会员	306,481		13,494		

