								大连商品交易所 成交量_买持仓_卖持仓排名	

合约代码：a2101		Date：2020-09-02	

			期货公司会员	

名次		会员简称	成交量		增减		
1		华泰期货	42,205		-15,364		
2		海通期货	18,383		-3,318		
3		中信期货	17,914		-13,915		
4		申银万国	14,604		-5,114		
5		国富期货	14,447		-5,897		
6		东证期货	13,620		-2,343		
7		光大期货	10,449		-5,270		
8		国泰君安	8,839		180		
9		徽商期货	8,259		-2,974		
10		永安期货	6,498		258		
11		华安期货	6,246		-2,149		
12		兴证期货	5,395		-2,363		
13		银河期货	5,377		-810		
14		东吴期货	5,146		-187		
15		国信期货	5,094		-559		
16		国联期货	4,628		1,727		
17		方正中期	4,564		-2,082		
18		津投期货	4,003		3,146		
19		南华期货	3,938		-2,643		
20		格林大华	3,891		-216		
总计				203,500		-59,893		

名次		会员简称	持买单量	增减		
1		永安期货	9,386		2,030		
2		中信期货	8,634		-64		
3		信达期货	5,549		76		
4		华泰期货	3,914		-355		
5		兴证期货	3,609		-58		
6		国泰君安	3,238		-490		
7		国投安信	3,165		8		
8		国元期货	2,963		250		
9		五矿经易	2,864		-236		
10		中粮期货	2,666		-29		
11		申银万国	2,594		181		
12		宏源期货	2,306		-604		
13		方正中期	2,230		2		
14		新湖期货	2,198		-334		
15		东吴期货	2,189		100		
16		徽商期货	2,080		62		
17		华安期货	2,019		41		
18		深圳金汇	1,961		950		
19		东证期货	1,868		-565		
20		银河期货	1,828		-1,048		
总计				67,261		-83		

名次		会员简称	持卖单量	增减		
1		一德期货	8,104		-786		
2		银河期货	7,983		821		
3		永安期货	7,517		260		
4		鲁证期货	7,229		34		
5		南华期货	6,752		-443		
6		国投安信	6,208		-698		
7		国泰君安	5,565		-541		
8		中信期货	5,078		94		
9		广发期货	4,463		-296		
10		兴证期货	3,989		103		
11		天风期货	3,756		104		
12		东证期货	3,128		827		
13		华泰期货	3,104		1,068		
14		华安期货	3,035		-215		
15		中信建投	2,945		-31		
16		北京首创	2,897		-561		
17		浙商期货	2,671		8		
18		格林大华	2,588		-222		
19		东吴期货	1,863		194		
20		海通期货	1,418		808		
总计				90,293		528		



会员类别	总成交量	增减		
期货公司会员	203,500		-59,893		

会员类别	总持买单量	增减		
期货公司会员	67,261		-83		

会员类别	总持卖单量	增减		
期货公司会员	90,293		528		

