								大连商品交易所 成交量_买持仓_卖持仓排名	

合约代码：eb2109		Date：2021-06-15	

			期货公司会员	

名次		会员简称	成交量		增减		
1		华泰期货	4,968		1,535		
2		锦泰期货	4,275		-104		
3		浙商期货	2,910		-46		
4		财信期货	2,560		-270		
5		国泰君安	1,788		-490		
6		徽商期货	1,696		267		
7		东证期货	1,635		425		
8		申银万国	1,479		308		
9		广发期货	1,449		1,273		
10		中信期货	1,273		277		
11		光大期货	1,158		139		
12		国富期货	1,104		411		
13		平安期货	1,056		541		
14		银河期货	1,055		-271		
15		国贸期货	1,038		178		
16		永安期货	990		-800		
17		东吴期货	980		-137		
18		大有期货	904		-157		
19		英大期货	859		370		
20		国信期货	836		130		
总计				34,013		3,579		

名次		会员简称	持买单量	增减		
1		华泰期货	4,142		-340		
2		银河期货	2,499		-27		
3		建信期货	2,137		-1		
4		永安期货	2,019		118		
5		广发期货	1,384		-4		
6		浙商期货	1,259		13		
7		红塔期货	1,020		50		
8		中信期货	987		21		
9		国泰君安	919		13		
10		宝城期货	889		-5		
11		国海良时	748		-144		
12		锦泰期货	681		0		
13		平安期货	633		210		
14		徽商期货	625		2		
15		方正中期	501		-44		
16		浙江新世纪	451		-35		
17		光大期货	444		-28		
18		东证期货	432		-114		
19		东海期货	417		0		
20		一德期货	413		142		
总计				22,600		-173		

名次		会员简称	持卖单量	增减		
1		国泰君安	3,885		747		
2		格林大华	2,077		-14		
3		浙商期货	1,752		-129		
4		广发期货	1,240		-531		
5		锦泰期货	1,045		-183		
6		新湖期货	943		64		
7		安粮期货	826		192		
8		国信期货	781		31		
9		银河期货	770		-34		
10		华泰期货	743		60		
11		一德期货	579		186		
12		浙江新世纪	574		-12		
13		长江期货	554		-485		
14		东证期货	542		-5		
15		永安期货	535		-98		
16		平安期货	480		16		
17		海证期货	427		39		
18		红塔期货	423		72		
19		天风期货	396		61		
20		国金期货	389		-38		
总计				18,961		-61		



会员类别	总成交量	增减		
期货公司会员	34,013		3,579		

会员类别	总持买单量	增减		
期货公司会员	22,600		-173		

会员类别	总持卖单量	增减		
期货公司会员	18,961		-61		

