								大连商品交易所 成交量_买持仓_卖持仓排名	

合约代码：eg2110		Date：2021-06-15	

			期货公司会员	

名次		会员简称	成交量		增减		
1		东证期货	8,849		-4,450		
2		锦泰期货	2,862		-1,101		
3		国富期货	1,806		-1,092		
4		浙商期货	1,212		-446		
5		方正中期	1,038		162		
6		五矿经易	1,030		-498		
7		海通期货	871		-262		
8		申银万国	733		44		
9		银河期货	727		600		
10		广发期货	708		706		
11		鲁证期货	614		-168		
12		中辉期货	575		-419		
13		金瑞期货	535		102		
14		国泰君安	518		-463		
15		国投安信	510		124		
16		新湖期货	481		481		
17		弘业期货	466		252		
18		中信期货	413		-394		
19		华闻期货	381		0		
20		招商期货	378		-153		
总计				24,707		-6,975		

名次		会员简称	持买单量	增减		
1		国富期货	3,865		-43		
2		东证期货	3,778		111		
3		国投安信	3,301		-5		
4		五矿经易	2,799		0		
5		浙商期货	2,391		11		
6		招商期货	2,225		-3		
7		国泰君安	1,834		4		
8		方正中期	1,653		27		
9		新湖期货	1,433		219		
10		海通期货	971		-7		
11		中信期货	904		56		
12		鲁证期货	801		36		
13		东吴期货	782		-20		
14		锦泰期货	591		13		
15		华安期货	581		1		
16		永安期货	406		-100		
17		银河期货	385		-33		
18		金瑞期货	382		-38		
19		物产中大	291		0		
20		国信期货	283		-41		
总计				29,656		188		

名次		会员简称	持卖单量	增减		
1		国富期货	3,876		-93		
2		东证期货	3,638		34		
3		国投安信	3,315		5		
4		五矿经易	2,799		0		
5		浙商期货	2,354		-3		
6		招商期货	2,243		3		
7		国泰君安	1,634		2		
8		方正中期	1,585		-25		
9		新湖期货	1,264		144		
10		瑞达期货	1,065		0		
11		海通期货	1,054		12		
12		东吴期货	908		55		
13		鲁证期货	811		-22		
14		华安期货	583		6		
15		国信期货	498		-1		
16		锦泰期货	459		67		
17		银河期货	441		2		
18		金瑞期货	440		83		
19		中信期货	345		1		
20		永安期货	338		-97		
总计				29,650		173		



会员类别	总成交量	增减		
期货公司会员	24,707		-6,975		

会员类别	总持买单量	增减		
期货公司会员	29,656		188		

会员类别	总持卖单量	增减		
期货公司会员	29,650		173		

