								大连商品交易所 成交量_买持仓_卖持仓排名	

合约代码：m2111		Date：2021-06-15	

			期货公司会员	

名次		会员简称	成交量		增减		
1		东证期货	35,005		4,890		
2		国泰君安	6,364		-3,468		
3		五矿经易	5,803		-2,276		
4		浙商期货	5,176		-2,309		
5		锦泰期货	4,781		2,264		
6		华泰期货	4,682		-16,739		
7		申银万国	4,671		-545		
8		国元期货	4,332		-6,341		
9		鲁证期货	4,266		-2,658		
10		中信建投	3,983		-1,080		
11		南华期货	2,914		-270		
12		海通期货	2,754		-270		
13		国富期货	2,480		-1,192		
14		华安期货	2,335		575		
15		招商期货	2,040		-1,000		
16		国投安信	1,941		-538		
17		光大期货	1,922		-1,898		
18		冠通期货	1,597		224		
19		国海良时	1,448		-822		
20		弘业期货	1,105		804		
总计				99,599		-32,649		

名次		会员简称	持买单量	增减		
1		华泰期货	4,206		57		
2		安粮期货	3,168		-26		
3		永安期货	1,504		105		
4		中粮期货	1,387		201		
5		海通期货	1,071		1		
6		国投安信	1,040		-5		
7		鲁证期货	953		2		
8		中信建投	843		4		
9		国泰君安	807		71		
10		美尔雅期货	777		-330		
11		申银万国	763		-103		
12		中州期货	762		100		
13		国富期货	736		101		
14		南华期货	666		-1		
15		东海期货	601		76		
16		浙商期货	554		-6		
17		东证期货	508		197		
18		海证期货	461		28		
19		福能期货	450		8		
20		摩根大通	437		0		
总计				21,694		480		

名次		会员简称	持卖单量	增减		
1		华泰期货	4,632		373		
2		弘业期货	2,701		0		
3		先锋期货	2,101		1		
4		国泰君安	1,873		3		
5		平安期货	1,498		487		
6		海通期货	1,155		1		
7		永安期货	1,106		0		
8		中信建投	1,105		271		
9		鲁证期货	1,068		16		
10		银河期货	945		-18		
11		徽商期货	809		-3		
12		申银万国	789		-132		
13		东海期货	667		68		
14		南华期货	535		1		
15		国信期货	519		-6		
16		海证期货	505		-2		
17		国投安信	504		-10		
18		东航期货	483		6		
19		浙商期货	477		-6		
20		招商期货	440		-21		
总计				23,912		1,029		



会员类别	总成交量	增减		
期货公司会员	99,599		-32,649		

会员类别	总持买单量	增减		
期货公司会员	21,694		480		

会员类别	总持卖单量	增减		
期货公司会员	23,912		1,029		

