								大连商品交易所 成交量_买持仓_卖持仓排名	

合约代码：v2110		Date：2021-06-15	

			期货公司会员	

名次		会员简称	成交量		增减		
1		国投安信	6,068		1,654		
2		东证期货	1,564		-3,506		
3		中天期货	1,252		311		
4		申银万国	1,053		-252		
5		中信期货	857		-842		
6		鲁证期货	820		-536		
7		五矿经易	712		-354		
8		华泰期货	685		31		
9		浙商期货	646		-2,269		
10		安粮期货	611		246		
11		海通期货	524		173		
12		永安期货	398		249		
13		华闻期货	381		-356		
14		海证期货	363		-642		
15		中辉期货	354		120		
16		弘业期货	340		-49		
17		兴证期货	335		-163		
18		国泰君安	326		-5		
19		金瑞期货	321		-455		
20		长江期货	306		-620		
总计				17,916		-7,265		

名次		会员简称	持买单量	增减		
1		五矿经易	4,672		-4		
2		中信期货	4,241		49		
3		浙商期货	4,184		0		
4		鲁证期货	3,646		0		
5		海证期货	3,644		112		
6		申银万国	3,621		28		
7		永安期货	3,337		-315		
8		锦泰期货	3,140		4		
9		长江期货	2,434		52		
10		东证期货	2,104		-46		
11		国富期货	1,369		0		
12		中投期货	1,001		-6		
13		新湖期货	730		0		
14		华金期货	550		0		
15		大地期货	493		-1		
16		国投安信	406		-11		
17		国泰君安	352		-55		
18		国信期货	310		0		
19		民生期货	226		0		
20		中信建投	217		53		
总计				40,677		-140		

名次		会员简称	持卖单量	增减		
1		中信期货	4,270		-26		
2		五矿经易	4,172		0		
3		浙商期货	3,780		48		
4		海证期货	3,771		113		
5		鲁证期货	3,730		54		
6		申银万国	3,675		-79		
7		锦泰期货	3,178		-13		
8		长江期货	2,439		52		
9		东证期货	2,148		-6		
10		国信期货	1,826		-66		
11		国富期货	1,418		-25		
12		新湖期货	773		-6		
13		兴业期货	614		114		
14		宏源期货	589		-150		
15		华金期货	560		0		
16		国海良时	546		0		
17		安粮期货	472		-156		
18		华闻期货	446		-46		
19		兴证期货	417		-29		
20		金瑞期货	268		155		
总计				39,092		-66		



会员类别	总成交量	增减		
期货公司会员	17,916		-7,265		

会员类别	总持买单量	增减		
期货公司会员	40,677		-140		

会员类别	总持卖单量	增减		
期货公司会员	39,092		-66		

