								大连商品交易所 成交量_买持仓_卖持仓排名	

合约代码：y2109		Date：2021-06-15	

			期货公司会员	

名次		会员简称	成交量		增减		
1		东证期货	275,331		6,113		
2		中信期货	149,159		-17,256		
3		海通期货	82,940		-20,958		
4		光大期货	77,306		-36,412		
5		国富期货	62,276		-29,442		
6		国泰君安	49,931		-27,852		
7		华泰期货	41,079		-134,501	
8		华西期货	31,844		-28,523		
9		国投安信	26,721		-15,194		
10		银河期货	26,601		-3,492		
11		广发期货	24,269		4,690		
12		华闻期货	24,159		-7,340		
13		方正中期	22,173		-4,588		
14		东吴期货	20,645		8,630		
15		中粮期货	19,849		-6,640		
16		徽商期货	19,763		-746		
17		宏源期货	19,690		1,689		
18		申银万国	18,621		-7,631		
19		中信建投	17,837		2,018		
20		浙商期货	17,353		-2,641		
总计				1,027,547	-320,076	

名次		会员简称	持买单量	增减		
1		永安期货	34,071		-1,525		
2		中信期货	30,779		-1,299		
3		一德期货	26,741		1,391		
4		西部期货	21,763		6,009		
5		国泰君安	21,352		-1,107		
6		银河期货	20,368		-7,427		
7		国富期货	17,746		-1,109		
8		中粮期货	16,891		-323		
9		国投安信	16,372		-546		
10		华泰期货	13,741		1,208		
11		东证期货	12,624		454		
12		海通期货	11,828		1,699		
13		中信建投	9,616		1,006		
14		兴证期货	8,815		-244		
15		浙商期货	7,812		40		
16		北京首创	7,460		-39		
17		申银万国	7,226		366		
18		中金期货	6,802		-148		
19		光大期货	6,282		639		
20		汇鑫期货	6,109		890		
总计				304,398		-65		

名次		会员简称	持卖单量	增减		
1		中粮期货	76,718		-1,198		
2		摩根大通	29,508		13		
3		永安期货	28,523		447		
4		国投安信	27,754		-1,135		
5		国泰君安	27,171		122		
6		中信期货	19,214		-3,828		
7		五矿经易	18,249		898		
8		东证期货	15,737		1,727		
9		宏源期货	15,048		-659		
10		广发期货	13,675		-437		
11		国富期货	13,041		-889		
12		一德期货	12,679		-1,862		
13		海通期货	12,579		-1,093		
14		南华期货	11,537		353		
15		银河期货	8,233		-1,192		
16		新湖期货	6,922		-2,258		
17		申银万国	6,413		-2,205		
18		信达期货	6,303		44		
19		浙商期货	5,283		743		
20		瑞达期货	4,751		664		
总计				359,338		-11,745		



会员类别	总成交量	增减		
期货公司会员	1,027,547	-320,076	

会员类别	总持买单量	增减		
期货公司会员	304,398		-65		

会员类别	总持卖单量	增减		
期货公司会员	359,338		-11,745		

