								大连商品交易所 成交量_买持仓_卖持仓排名	

合约代码：jd2109		Date：2021-06-15	

			期货公司会员	

名次		会员简称	成交量		增减		
1		东证期货	65,601		28,115		
2		国富期货	26,488		10,341		
3		国泰君安	23,769		11,550		
4		徽商期货	20,688		7,408		
5		中信期货	18,992		5,622		
6		方正中期	17,879		6,603		
7		海通期货	15,371		6,117		
8		申银万国	14,629		4,518		
9		东吴期货	13,416		1,874		
10		华泰期货	12,875		4,124		
11		银河期货	11,783		5,478		
12		华闻期货	11,684		7,089		
13		宏源期货	11,619		3,630		
14		华安期货	9,689		921		
15		瑞达期货	9,378		2,046		
16		光大期货	8,677		2,527		
17		中信建投	8,395		3,170		
18		中辉期货	7,731		1,830		
19		兴证期货	7,272		3,940		
20		南华期货	6,769		2,507		
总计				322,705		119,410		

名次		会员简称	持买单量	增减		
1		中信期货	10,039		2,354		
2		中财期货	6,719		916		
3		中信建投	6,566		454		
4		华泰期货	5,893		2,116		
5		国泰君安	5,638		985		
6		银河期货	5,320		1,993		
7		方正中期	5,289		164		
8		东证期货	5,227		91		
9		永安期货	5,176		215		
10		徽商期货	4,343		1,267		
11		中辉期货	4,319		679		
12		海通期货	4,236		2,301		
13		兴证期货	3,986		1,171		
14		北京首创	3,918		437		
15		鲁证期货	3,884		99		
16		宏源期货	3,729		842		
17		光大期货	3,566		49		
18		瑞达期货	3,534		1,374		
19		中衍期货	3,492		-155		
20		东航期货	2,916		-246		
总计				97,790		17,106		

名次		会员简称	持卖单量	增减		
1		方正中期	10,942		3,193		
2		华泰期货	8,911		1,303		
3		国泰君安	6,560		674		
4		徽商期货	5,623		1,925		
5		宏源期货	4,975		521		
6		东证期货	4,748		-10		
7		鲁证期货	4,627		1,004		
8		中信建投	4,609		367		
9		华安期货	4,313		641		
10		银河期货	3,737		-300		
11		中信期货	3,675		328		
12		永安期货	3,604		93		
13		广发期货	3,600		383		
14		瑞达期货	3,155		1,092		
15		东吴期货	3,080		358		
16		南华期货	3,062		438		
17		美尔雅期货	2,913		924		
18		一德期货	2,696		734		
19		东航期货	2,682		-215		
20		华融融达	2,411		1,455		
总计				89,923		14,908		



会员类别	总成交量	增减		
期货公司会员	322,705		119,410		

会员类别	总持买单量	增减		
期货公司会员	97,790		17,106		

会员类别	总持卖单量	增减		
期货公司会员	89,923		14,908		

