								大连商品交易所 成交量_买持仓_卖持仓排名	

合约代码：lh2109		Date：2021-06-15	

			期货公司会员	

名次		会员简称	成交量		增减		
1		国泰君安	2,316		1,415		
2		海通期货	2,172		879		
3		中信期货	1,938		654		
4		东方财富	1,658		844		
5		中信建投	1,647		1,146		
6		东证期货	1,642		174		
7		银河期货	1,565		777		
8		华泰期货	1,447		612		
9		永安期货	1,307		565		
10		鲁证期货	1,195		804		
11		方正中期	1,176		681		
12		徽商期货	1,163		497		
13		光大期货	921		591		
14		华闻期货	758		495		
15		国信期货	756		431		
16		南华期货	714		92		
17		广发期货	697		330		
18		东海期货	689		93		
19		宏源期货	619		206		
20		平安期货	616		272		
总计				24,996		11,558		

名次		会员简称	持买单量	增减		
1		中信期货	2,138		45		
2		华泰期货	1,402		170		
3		广发期货	1,257		-9		
4		国泰君安	1,182		-30		
5		永安期货	1,004		128		
6		银河期货	949		159		
7		海通期货	891		149		
8		中信建投	830		248		
9		方正中期	700		90		
10		东方财富	607		60		
11		东证期货	587		-113		
12		平安期货	561		131		
13		徽商期货	530		123		
14		浙商期货	511		69		
15		国投安信	497		96		
16		招金期货	493		45		
17		宏源期货	477		-23		
18		申银万国	461		39		
19		国信期货	459		-53		
20		光大期货	440		44		
总计				15,976		1,368		

名次		会员简称	持卖单量	增减		
1		永安期货	2,685		499		
2		中粮期货	2,540		65		
3		国投安信	2,433		140		
4		中信期货	2,192		73		
5		华泰期货	1,179		249		
6		海通期货	951		337		
7		北京首创	906		262		
8		国泰君安	849		218		
9		中信建投	822		75		
10		东吴期货	705		62		
11		广发期货	644		-24		
12		光大期货	627		15		
13		银河期货	617		28		
14		东海期货	588		529		
15		南华期货	578		29		
16		东证期货	563		-49		
17		宁证期货	558		3		
18		东方财富	484		-40		
19		上海中期	415		276		
20		英大期货	393		23		
总计				20,729		2,770		



会员类别	总成交量	增减		
期货公司会员	24,996		11,558		

会员类别	总持买单量	增减		
期货公司会员	15,976		1,368		

会员类别	总持卖单量	增减		
期货公司会员	20,729		2,770		

