								大连商品交易所 成交量_买持仓_卖持仓排名	

合约代码：c2203		Date：2021-06-15	

			期货公司会员	

名次		会员简称	成交量		增减		
1		华闻期货	13,608		3,133		
2		东证期货	13,557		-1,877		
3		国泰君安	6,360		-963		
4		光大期货	3,884		24		
5		海通期货	3,644		422		
6		鲁证期货	2,651		595		
7		银河期货	2,521		842		
8		中信期货	2,292		-1,231		
9		申银万国	2,247		-678		
10		南华期货	2,173		-872		
11		弘业期货	2,157		-923		
12		国富期货	2,066		-2,472		
13		物产中大	2,047		-952		
14		永安期货	2,013		-292		
15		五矿经易	1,994		-122		
16		国海良时	1,111		-298		
17		浙商期货	1,044		-303		
18		中信建投	432		194		
19		平安期货	343		218		
20		徽商期货	278		138		
总计				66,422		-5,417		

名次		会员简称	持买单量	增减		
1		国泰君安	7,399		-58		
2		中信期货	3,850		6		
3		申银万国	2,818		-16		
4		浙商期货	2,730		-12		
5		东证期货	2,066		-135		
6		弘业期货	2,001		-6		
7		物产中大	1,903		-11		
8		鲁证期货	1,867		315		
9		摩根大通	1,830		0		
10		南华期货	1,826		19		
11		五矿经易	1,793		-600		
12		银河期货	1,680		45		
13		海通期货	1,519		-1		
14		永安期货	1,307		-161		
15		国富期货	1,166		0		
16		国海良时	785		-1		
17		兴证期货	288		38		
18		华闻期货	201		133		
19		华融融达	190		0		
20		长江期货	104		2		
总计				37,323		-443		

名次		会员简称	持卖单量	增减		
1		国泰君安	7,403		-60		
2		中信期货	3,992		20		
3		申银万国	2,819		-29		
4		浙商期货	2,725		-16		
5		弘业期货	2,146		-43		
6		东证期货	2,102		34		
7		鲁证期货	1,909		304		
8		物产中大	1,908		-8		
9		南华期货	1,829		10		
10		五矿经易	1,812		-8		
11		银河期货	1,737		-42		
12		海通期货	1,512		-33		
13		永安期货	1,470		-64		
14		国富期货	1,178		0		
15		国海良时	781		-4		
16		大有期货	402		-1		
17		华闻期货	349		159		
18		华泰期货	342		36		
19		兴证期货	164		-2		
20		东方财富	117		-27		
总计				36,697		226		



会员类别	总成交量	增减		
期货公司会员	66,422		-5,417		

会员类别	总持买单量	增减		
期货公司会员	37,323		-443		

会员类别	总持卖单量	增减		
期货公司会员	36,697		226		

