								大连商品交易所 成交量_买持仓_卖持仓排名	

合约代码：eg2109		Date：2021-06-15	

			期货公司会员	

名次		会员简称	成交量		增减		
1		东证期货	89,489		-39,082		
2		中信期货	31,892		-13,489		
3		国泰君安	30,801		-18,411		
4		海通期货	24,694		-5,963		
5		国富期货	14,638		-3,843		
6		浙商期货	11,851		-2,927		
7		华泰期货	10,573		-6,884		
8		东吴期货	10,032		-3,575		
9		华闻期货	9,283		1,479		
10		光大期货	8,344		-2,458		
11		银河期货	8,296		-8,665		
12		方正中期	7,634		-4,888		
13		兴证期货	7,610		-2,622		
14		永安期货	6,863		-2,950		
15		新湖期货	6,818		-5,652		
16		徽商期货	6,559		-4,306		
17		广发期货	5,295		928		
18		华西期货	5,283		-1,518		
19		申银万国	5,152		150		
20		南华期货	4,830		-141		
总计				305,937		-124,817	

名次		会员简称	持买单量	增减		
1		中信期货	18,972		814		
2		东吴期货	18,294		-231		
3		华泰期货	9,805		-595		
4		建信期货	9,596		-122		
5		东证期货	9,217		281		
6		永安期货	9,069		212		
7		国泰君安	8,807		-802		
8		瑞达期货	7,922		125		
9		银河期货	5,088		182		
10		上海中期	4,867		-232		
11		通惠期货	4,855		-122		
12		弘业期货	4,219		227		
13		南华期货	4,160		-6		
14		方正中期	3,817		150		
15		宏源期货	3,778		394		
16		国元期货	3,767		105		
17		中银期货	3,637		-291		
18		新湖期货	3,589		75		
19		兴业期货	3,425		107		
20		中信建投	3,336		221		
总计				140,220		492		

名次		会员简称	持卖单量	增减		
1		永安期货	16,972		607		
2		国泰君安	14,565		-385		
3		中信期货	11,773		424		
4		天风期货	11,421		186		
5		银河期货	10,369		0		
6		宝城期货	8,639		117		
7		东海期货	8,331		250		
8		格林大华	6,407		-26		
9		东证期货	6,151		3,164		
10		华泰期货	5,968		-146		
11		南华期货	5,923		2,256		
12		瑞达期货	3,804		72		
13		中粮期货	3,714		-354		
14		海通期货	3,575		104		
15		建信期货	3,463		-4		
16		兴证期货	3,462		-340		
17		宏源期货	3,341		-100		
18		方正中期	3,133		-370		
19		东吴期货	3,089		75		
20		新湖期货	2,969		-435		
总计				137,069		5,095		



会员类别	总成交量	增减		
期货公司会员	305,937		-124,817	

会员类别	总持买单量	增减		
期货公司会员	140,220		492		

会员类别	总持卖单量	增减		
期货公司会员	137,069		5,095		

