								大连商品交易所 成交量_买持仓_卖持仓排名	

合约代码：pp2110		Date：2021-06-15	

			期货公司会员	

名次		会员简称	成交量		增减		
1		国投安信	20,238		6,478		
2		中信期货	7,547		-105		
3		五矿经易	6,342		-1,061		
4		东海期货	5,262		-3,466		
5		华泰期货	3,428		-120		
6		银河期货	3,298		2,461		
7		广发期货	3,044		3,039		
8		申银万国	2,968		856		
9		安粮期货	2,957		-618		
10		国富期货	2,544		-850		
11		东吴期货	2,276		-323		
12		东证期货	2,208		-12,739		
13		南华期货	2,196		-747		
14		国泰君安	2,017		-626		
15		中粮期货	1,328		-2,086		
16		恒泰期货	1,328		-997		
17		海证期货	1,326		-965		
18		国海良时	1,130		-5,821		
19		华安期货	995		-821		
20		华闻期货	851		-33		
总计				73,283		-18,544		

名次		会员简称	持买单量	增减		
1		中信期货	7,334		-109		
2		国泰君安	4,672		-11		
3		五矿经易	3,703		-2		
4		申银万国	3,458		15		
5		国富期货	3,124		307		
6		海证期货	3,101		40		
7		国投安信	2,495		10		
8		银河期货	2,483		-6		
9		国信期货	2,305		116		
10		南华期货	2,271		0		
11		恒泰期货	2,202		1		
12		宏源期货	1,625		-2		
13		中粮期货	1,609		-8		
14		海通期货	1,330		9		
15		东证期货	903		68		
16		安粮期货	732		-153		
17		新湖期货	714		0		
18		方正中期	695		3		
19		华安期货	622		-71		
20		中财期货	598		6		
总计				45,976		213		

名次		会员简称	持卖单量	增减		
1		中信期货	7,985		254		
2		国泰君安	5,003		120		
3		五矿经易	3,565		2		
4		申银万国	3,515		-7		
5		海证期货	3,465		-4		
6		国富期货	3,052		259		
7		国信期货	2,641		38		
8		国投安信	2,423		8		
9		南华期货	2,221		10		
10		恒泰期货	2,203		1		
11		银河期货	1,688		-4		
12		中粮期货	1,603		-4		
13		海通期货	1,339		-17		
14		安粮期货	1,053		-710		
15		东证期货	865		46		
16		鲁证期货	833		95		
17		新湖期货	709		0		
18		东吴期货	709		-28		
19		瑞达期货	709		-1		
20		东海期货	653		-146		
总计				46,234		-88		



会员类别	总成交量	增减		
期货公司会员	73,283		-18,544		

会员类别	总持买单量	增减		
期货公司会员	45,976		213		

会员类别	总持卖单量	增减		
期货公司会员	46,234		-88		

