								大连商品交易所 成交量_买持仓_卖持仓排名	

合约代码：m2108		Date：2021-06-15	

			期货公司会员	

名次		会员简称	成交量		增减		
1		华闻期货	3,520		44		
2		国泰君安	2,648		664		
3		海通期货	1,348		165		
4		南华期货	1,190		310		
5		国元期货	1,116		246		
6		国富期货	918		-670		
7		国投安信	701		18		
8		招商期货	652		2		
9		鲁证期货	610		-2		
10		国海良时	590		142		
11		五矿经易	586		-464		
12		申银万国	515		79		
13		浙商期货	502		44		
14		东证期货	393		2		
15		国贸期货	310		1		
16		物产中大	273		231		
17		华安期货	170		-3		
18		中信建投	138		-12		
19		光大期货	86		-58		
20		中信期货	67		50		
总计				16,333		789		

名次		会员简称	持买单量	增减		
1		国泰君安	2,323		4		
2		浙商期货	1,702		195		
3		海通期货	1,623		0		
4		五矿经易	1,489		0		
5		招商期货	1,212		23		
6		申银万国	1,188		-142		
7		国投安信	1,013		2		
8		鲁证期货	970		0		
9		中信建投	911		-1		
10		国富期货	814		-4		
11		南华期货	802		0		
12		国元期货	776		1		
13		国海良时	744		5		
14		物产中大	223		-271		
15		创元期货	203		0		
16		中信期货	170		0		
17		银河期货	139		18		
18		信达期货	101		0		
19		华泰期货	99		0		
20		中粮期货	73		15		
总计				16,575		-155		

名次		会员简称	持卖单量	增减		
1		国泰君安	2,001		0		
2		海通期货	1,927		-164		
3		浙商期货	1,521		11		
4		五矿经易	1,489		0		
5		申银万国	1,241		-47		
6		招商期货	1,203		17		
7		国投安信	1,003		-1		
8		中信建投	921		9		
9		鲁证期货	908		0		
10		国元期货	869		11		
11		国富期货	814		-4		
12		南华期货	802		0		
13		国海良时	785		5		
14		中州期货	500		0		
15		北京首创	459		0		
16		中信期货	109		35		
17		美尔雅期货	67		1		
18		迈科期货	53		5		
19		广州金控	52		-13		
20		华闻期货	38		26		
总计				16,762		-109		



会员类别	总成交量	增减		
期货公司会员	16,333		789		

会员类别	总持买单量	增减		
期货公司会员	16,575		-155		

会员类别	总持卖单量	增减		
期货公司会员	16,762		-109		

