								大连商品交易所 成交量_买持仓_卖持仓排名	

合约代码：cs2109		Date：2021-06-15	

			期货公司会员	

名次		会员简称	成交量		增减		
1		东证期货	16,583		6,391		
2		中信期货	14,773		5,509		
3		国泰君安	8,568		3,746		
4		光大期货	7,814		4,607		
5		国富期货	7,121		1,683		
6		华泰期货	6,618		-1,316		
7		海通期货	4,514		1,880		
8		徽商期货	3,472		1,171		
9		兴证期货	3,150		1,173		
10		永安期货	3,091		2,005		
11		华闻期货	3,002		1,631		
12		广发期货	2,565		1,209		
13		银河期货	2,263		1,486		
14		北京首创	2,218		2,101		
15		国信期货	2,100		1,322		
16		华安期货	1,897		180		
17		国盛期货	1,864		806		
18		宏源期货	1,651		181		
19		中粮期货	1,546		1,250		
20		中信建投	1,497		766		
总计				96,307		37,781		

名次		会员简称	持买单量	增减		
1		中信期货	12,609		3,719		
2		华泰期货	5,414		1,522		
3		华融融达	5,177		-7		
4		东证期货	5,116		151		
5		永安期货	4,533		415		
6		国投安信	3,650		787		
7		光大期货	3,434		-202		
8		上海大陆	2,433		117		
9		宏源期货	1,862		125		
10		五矿经易	1,817		333		
11		中粮期货	1,754		84		
12		北京首创	1,717		1,677		
13		国泰君安	1,572		-135		
14		鲁证期货	1,121		102		
15		东航期货	1,091		-11		
16		天风期货	1,017		30		
17		银河期货	1,015		88		
18		中国国际	979		-50		
19		广发期货	916		394		
20		上海中期	854		244		
总计				58,081		9,383		

名次		会员简称	持卖单量	增减		
1		中信期货	10,414		1,858		
2		国泰君安	5,586		1,579		
3		国富期货	4,753		936		
4		东证期货	2,335		306		
5		海通期货	2,098		1,898		
6		华泰期货	1,778		154		
7		五矿经易	1,717		12		
8		国信期货	1,581		-350		
9		兴证期货	1,563		-533		
10		南华期货	1,507		192		
11		永安期货	1,418		-1,172		
12		中信建投	1,402		492		
13		迈科期货	1,365		139		
14		中财期货	1,351		-61		
15		天风期货	1,323		-106		
16		银河期货	1,295		559		
17		国贸期货	1,167		191		
18		华闻期货	1,151		-780		
19		方正中期	1,050		-292		
20		宏源期货	1,039		210		
总计				45,893		5,232		



会员类别	总成交量	增减		
期货公司会员	96,307		37,781		

会员类别	总持买单量	增减		
期货公司会员	58,081		9,383		

会员类别	总持卖单量	增减		
期货公司会员	45,893		5,232		

