								大连商品交易所 成交量_买持仓_卖持仓排名	

合约代码：l2110		Date：2021-06-15	

			期货公司会员	

名次		会员简称	成交量		增减		
1		国海良时	725		-158		
2		国元期货	724		368		
3		方正中期	672		4		
4		兴证期货	642		367		
5		华泰期货	613		397		
6		国泰君安	542		51		
7		广发期货	475		248		
8		弘业期货	448		-360		
9		东证期货	440		38		
10		安粮期货	386		155		
11		浙商期货	374		-132		
12		银河期货	336		19		
13		海证期货	266		-51		
14		招商期货	240		-189		
15		长江期货	226		-36		
16		五矿经易	201		-410		
17		华闻期货	186		-19		
18		海通期货	175		65		
19		徽商期货	151		70		
20		国富期货	144		70		
总计				7,966		497		

名次		会员简称	持买单量	增减		
1		国投安信	4,993		0		
2		国泰君安	4,503		132		
3		申银万国	3,468		-42		
4		招商期货	3,353		113		
5		五矿经易	3,273		-24		
6		国海良时	3,270		32		
7		东证期货	3,111		-75		
8		海证期货	2,867		66		
9		锦泰期货	2,863		7		
10		国元期货	2,588		-240		
11		长江期货	2,406		-28		
12		浙商期货	2,395		3		
13		方正中期	2,083		4		
14		国富期货	1,480		41		
15		银河期货	1,000		-19		
16		安粮期货	730		222		
17		中信期货	715		1		
18		兴证期货	597		226		
19		海通期货	573		3		
20		华泰期货	487		4		
总计				46,755		426		

名次		会员简称	持卖单量	增减		
1		国投安信	5,003		10		
2		国泰君安	4,666		252		
3		招商期货	3,733		123		
4		申银万国	3,487		-22		
5		五矿经易	3,270		-25		
6		东证期货	3,034		-113		
7		锦泰期货	2,887		6		
8		海证期货	2,850		36		
9		国元期货	2,545		-226		
10		长江期货	2,406		-28		
11		浙商期货	2,380		3		
12		国海良时	2,150		-3		
13		方正中期	2,109		6		
14		国富期货	1,530		-15		
15		国信期货	1,125		0		
16		银河期货	953		-19		
17		华泰期货	921		343		
18		海通期货	605		-2		
19		中信期货	594		4		
20		平安期货	428		0		
总计				46,676		330		



会员类别	总成交量	增减		
期货公司会员	7,966		497		

会员类别	总持买单量	增减		
期货公司会员	46,755		426		

会员类别	总持卖单量	增减		
期货公司会员	46,676		330		

