								大连商品交易所 成交量_买持仓_卖持仓排名	

合约代码：pp2201		Date：2021-06-01	

			期货公司会员	

名次		会员简称	成交量		增减		
1		国泰君安	1,810		1,142		
2		东海期货	1,494		1,358		
3		广发期货	1,424		228		
4		国投安信	1,081		299		
5		永安期货	934		263		
6		银河期货	840		387		
7		浙商期货	824		504		
8		华泰期货	788		412		
9		徽商期货	712		95		
10		南华期货	586		-732		
11		光大期货	577		71		
12		国信期货	571		162		
13		安粮期货	497		218		
14		上海大陆	454		-165		
15		方正中期	440		-235		
16		招金期货	416		-126		
17		广州期货	393		293		
18		英大期货	327		204		
19		华闻期货	322		42		
20		中信期货	318		88		
总计				14,808		4,508		

名次		会员简称	持买单量	增减		
1		华泰期货	1,883		544		
2		南华期货	1,189		-69		
3		方正中期	1,049		-193		
4		国泰君安	909		233		
5		银河期货	888		-15		
6		宏源期货	769		-18		
7		中辉期货	754		5		
8		永安期货	721		417		
9		先融期货	701		201		
10		华安期货	569		57		
11		一德期货	519		250		
12		信达期货	477		-4		
13		海通期货	472		25		
14		安粮期货	434		-218		
15		新湖期货	422		255		
16		宝城期货	387		108		
17		中信期货	384		53		
18		平安期货	352		4		
19		华鑫期货	330		6		
20		光大期货	313		-9		
总计				13,522		1,632		

名次		会员简称	持卖单量	增减		
1		瑞达期货	2,176		30		
2		浙商期货	1,906		98		
3		永安期货	1,750		-69		
4		华融融达	1,717		9		
5		国泰君安	1,334		441		
6		华泰期货	1,008		10		
7		国信期货	700		-11		
8		中投期货	616		0		
9		国投安信	585		-96		
10		国富期货	545		45		
11		东证期货	523		9		
12		广州期货	447		393		
13		中银期货	320		0		
14		华安期货	319		0		
15		大地期货	301		0		
16		徽商期货	296		45		
17		迈科期货	275		-1		
18		海通期货	263		2		
19		南华期货	262		-3		
20		银河期货	216		5		
总计				15,559		907		



会员类别	总成交量	增减		
期货公司会员	14,808		4,508		

会员类别	总持买单量	增减		
期货公司会员	13,522		1,632		

会员类别	总持卖单量	增减		
期货公司会员	15,559		907		

