								大连商品交易所 成交量_买持仓_卖持仓排名	

合约代码：v2109		Date：2021-06-01	

			期货公司会员	

名次		会员简称	成交量		增减		
1		东证期货	124,822		-2,055		
2		国投安信	111,705		-1,132		
3		国富期货	86,277		13,231		
4		新湖期货	67,571		-3,343		
5		中信期货	57,420		15,716		
6		海通期货	32,061		15,713		
7		申银万国	29,939		9,572		
8		国泰君安	27,152		4,138		
9		永安期货	21,247		2,283		
10		瑞达期货	17,131		6,483		
11		浙商期货	15,226		2,453		
12		中信建投	13,216		7,280		
13		五矿经易	12,772		1,890		
14		光大期货	12,256		-1,151		
15		华泰期货	12,230		2,127		
16		银河期货	11,259		2,406		
17		华闻期货	10,786		-62		
18		方正中期	9,161		2,339		
19		兴证期货	8,902		2,475		
20		华金期货	8,737		-2,631		
总计				689,870		77,732		

名次		会员简称	持买单量	增减		
1		永安期货	86,913		-3,065		
2		中信期货	38,435		3,667		
3		国泰君安	24,560		-570		
4		五矿经易	10,647		91		
5		南华期货	9,850		-161		
6		中粮期货	9,591		-668		
7		申银万国	8,865		269		
8		平安期货	8,679		-367		
9		国投安信	8,636		-207		
10		华泰期货	8,027		141		
11		瑞达期货	7,925		1,046		
12		海证期货	7,889		190		
13		浙商期货	7,428		-582		
14		东证期货	7,260		2,371		
15		银河期货	7,023		114		
16		中辉期货	6,031		-847		
17		东航期货	4,895		146		
18		宁证期货	4,793		2,599		
19		东吴期货	4,782		1,323		
20		招商期货	4,650		234		
总计				276,879		5,724		

名次		会员简称	持卖单量	增减		
1		永安期货	20,556		1,960		
2		建信期货	20,323		547		
3		一德期货	18,538		1,073		
4		东证期货	16,869		-1,719		
5		中国国际	16,500		255		
6		中信期货	14,896		-1,951		
7		中财期货	14,474		1,203		
8		方正中期	12,482		603		
9		兴业期货	12,259		2,496		
10		华融融达	10,554		219		
11		国泰君安	10,011		-2,058		
12		浙商期货	9,347		30		
13		海通期货	8,436		208		
14		华金期货	7,997		2,573		
15		信达期货	7,826		450		
16		申银万国	7,629		1,150		
17		新湖期货	7,146		113		
18		华泰期货	7,123		-1,035		
19		大地期货	6,880		1,650		
20		金瑞期货	6,823		80		
总计				236,669		7,847		



会员类别	总成交量	增减		
期货公司会员	689,870		77,732		

会员类别	总持买单量	增减		
期货公司会员	276,879		5,724		

会员类别	总持卖单量	增减		
期货公司会员	236,669		7,847		

