								大连商品交易所 成交量_买持仓_卖持仓排名	

合约代码：c2203		Date：2021-06-01	

			期货公司会员	

名次		会员简称	成交量		增减		
1		华闻期货	6,872		-837		
2		国泰君安	5,347		-6,260		
3		中信期货	2,462		-2,006		
4		光大期货	2,290		-1,057		
5		海通期货	2,018		139		
6		东证期货	1,717		-502		
7		弘业期货	1,606		-746		
8		银河期货	1,585		-789		
9		申银万国	1,514		-886		
10		国富期货	1,456		-2,798		
11		南华期货	1,296		-744		
12		鲁证期货	1,287		-345		
13		物产中大	1,283		-903		
14		永安期货	1,283		-533		
15		五矿经易	1,212		-1,129		
16		国海良时	798		-229		
17		浙商期货	728		-461		
18		华金期货	394		264		
19		徽商期货	316		208		
20		平安期货	245		97		
总计				35,709		-19,517		

名次		会员简称	持买单量	增减		
1		国泰君安	7,423		435		
2		海通期货	3,009		354		
3		中信期货	2,849		9		
4		东证期货	2,068		33		
5		申银万国	2,027		205		
6		浙商期货	1,918		-5		
7		五矿经易	1,915		174		
8		摩根大通	1,830		0		
9		物产中大	1,811		-204		
10		南华期货	1,611		5		
11		银河期货	1,528		-27		
12		国富期货	1,356		0		
13		永安期货	1,006		-111		
14		鲁证期货	977		1		
15		弘业期货	805		92		
16		国海良时	745		169		
17		兴证期货	280		-1		
18		北京首创	270		-24		
19		信达期货	207		0		
20		华融融达	190		0		
总计				33,825		1,105		

名次		会员简称	持卖单量	增减		
1		国泰君安	7,433		434		
2		海通期货	3,045		392		
3		中信期货	2,822		13		
4		东证期货	2,080		-2		
5		申银万国	2,028		207		
6		浙商期货	1,910		-5		
7		物产中大	1,813		-207		
8		银河期货	1,661		-68		
9		南华期货	1,614		5		
10		国富期货	1,392		24		
11		五矿经易	1,391		196		
12		鲁证期货	1,092		2		
13		华闻期货	1,079		135		
14		永安期货	1,017		-100		
15		弘业期货	976		92		
16		国海良时	757		175		
17		中信建投	697		45		
18		华泰期货	598		-37		
19		平安期货	278		-218		
20		中州期货	165		3		
总计				33,848		1,086		



会员类别	总成交量	增减		
期货公司会员	35,709		-19,517		

会员类别	总持买单量	增减		
期货公司会员	33,825		1,105		

会员类别	总持卖单量	增减		
期货公司会员	33,848		1,086		

