								大连商品交易所 成交量_买持仓_卖持仓排名	

合约代码：p2112		Date：2021-06-01	

			期货公司会员	

名次		会员简称	成交量		增减		
1		海通期货	1,200		1,200		
2		国泰君安	882		-2,984		
3		中信建投	620		607		
4		华闻期货	561		-762		
5		中信期货	439		-797		
6		北京首创	280		244		
7		锦泰期货	277		83		
8		华泰期货	256		-501		
9		光大期货	244		-760		
10		鲁证期货	236		-322		
11		五矿经易	224		-144		
12		招商期货	147		-275		
13		国富期货	126		-214		
14		国联期货	58		-15		
15		兴证期货	57		-37		
16		徽商期货	45		40		
17		一德期货	42		25		
18		中投期货	24		-90		
19		安粮期货	20		0		
20		银河期货	17		1		
总计				5,755		-4,701		

名次		会员简称	持买单量	增减		
1		中信期货	6,125		-131		
2		国泰君安	4,724		-289		
3		光大期货	3,725		-106		
4		国盛期货	2,500		0		
5		国富期货	1,893		63		
6		南华期货	1,664		0		
7		鲁证期货	1,501		0		
8		五矿经易	1,340		-112		
9		招商期货	1,276		-79		
10		浙商期货	1,101		-8		
11		长江期货	970		0		
12		东吴期货	868		0		
13		东证期货	808		1		
14		华闻期货	800		-5		
15		海通期货	607		600		
16		华融融达	450		0		
17		国元期货	410		0		
18		华泰期货	353		63		
19		创元期货	351		0		
20		华西期货	350		0		
总计				31,816		-3		

名次		会员简称	持卖单量	增减		
1		中信期货	6,137		-114		
2		国泰君安	4,725		-289		
3		光大期货	3,729		-102		
4		国盛期货	2,500		0		
5		国富期货	1,893		63		
6		南华期货	1,667		-1		
7		鲁证期货	1,501		0		
8		五矿经易	1,340		-112		
9		招商期货	1,285		-68		
10		浙商期货	1,101		-8		
11		长江期货	970		0		
12		东吴期货	868		0		
13		华闻期货	827		-8		
14		东证期货	810		1		
15		海通期货	600		600		
16		华融融达	450		0		
17		国元期货	411		0		
18		创元期货	352		0		
19		华泰期货	350		99		
20		华西期货	350		0		
总计				31,866		61		



会员类别	总成交量	增减		
期货公司会员	5,755		-4,701		

会员类别	总持买单量	增减		
期货公司会员	31,816		-3		

会员类别	总持卖单量	增减		
期货公司会员	31,866		61		

