								大连商品交易所 成交量_买持仓_卖持仓排名	

合约代码：m2107		Date：2021-06-01	

			期货公司会员	

名次		会员简称	成交量		增减		
1		东证期货	10,267		-3,179		
2		中信期货	4,077		3,053		
3		华泰期货	4,039		-7,310		
4		华安期货	3,731		280		
5		长安期货	3,537		3,532		
6		国泰君安	3,073		-1,832		
7		中信建投	2,808		-310		
8		国投安信	2,697		1,243		
9		银河期货	2,686		1,593		
10		广发期货	2,622		1,608		
11		光大期货	2,566		159		
12		金瑞期货	2,355		443		
13		国元期货	2,234		52		
14		弘业期货	2,060		1,465		
15		申银万国	1,962		-2,520		
16		海通期货	1,952		-373		
17		宏源期货	1,531		638		
18		上海中期	1,483		1,409		
19		东吴期货	1,371		519		
20		中粮期货	1,212		392		
总计				58,263		862		

名次		会员简称	持买单量	增减		
1		国泰君安	9,362		-635		
2		东吴期货	4,705		-43		
3		广州期货	4,617		-46		
4		国投安信	4,200		-228		
5		中信期货	4,053		203		
6		西部期货	3,038		-1		
7		先锋期货	2,846		420		
8		摩根大通	2,800		100		
9		华泰期货	2,554		-184		
10		一德期货	2,407		914		
11		渤海期货	2,327		43		
12		银河期货	2,254		-21		
13		华融融达	2,241		-200		
14		平安期货	2,082		59		
15		弘业期货	2,055		-1,213		
16		中粮期货	2,035		-21		
17		五矿经易	2,029		7		
18		首创京都	2,018		0		
19		广发期货	1,943		-2,335		
20		长江期货	1,888		0		
总计				61,454		-3,181		

名次		会员简称	持卖单量	增减		
1		安粮期货	7,552		-982		
2		天风期货	6,053		411		
3		国信期货	5,165		56		
4		北京金鹏	4,745		0		
5		中信期货	3,902		6		
6		创元期货	3,897		-72		
7		国投安信	3,430		-139		
8		国元期货	3,193		-2,122		
9		中融汇信	2,916		-5		
10		华金期货	2,815		-162		
11		华融融达	2,388		-20		
12		华鑫期货	2,183		-44		
13		中粮期货	2,020		-41		
14		南华期货	1,807		-165		
15		银河期货	1,772		136		
16		广州期货	1,742		-42		
17		永安期货	1,733		55		
18		国海良时	1,723		11		
19		光大期货	1,572		57		
20		福能期货	1,361		-104		
总计				61,969		-3,166		



会员类别	总成交量	增减		
期货公司会员	58,263		862		

会员类别	总持买单量	增减		
期货公司会员	61,454		-3,181		

会员类别	总持卖单量	增减		
期货公司会员	61,969		-3,166		

