								大连商品交易所 成交量_买持仓_卖持仓排名	

合约代码：b2108		Date：2021-06-01	

			期货公司会员	

名次		会员简称	成交量		增减		
1		海通期货	3,051		-1,479		
2		光大期货	1,266		98		
3		国富期货	1,245		152		
4		东海期货	641		-359		
5		锦泰期货	625		234		
6		五矿经易	556		-337		
7		冠通期货	522		337		
8		南华期货	446		-383		
9		国投安信	420		-77		
10		弘业期货	390		-213		
11		中信期货	363		-134		
12		国泰君安	315		-609		
13		华闻期货	307		-285		
14		美尔雅期货	303		-1,938		
15		中天期货	244		-1,009		
16		华泰期货	234		-63		
17		方正中期	231		-129		
18		国海良时	212		-297		
19		徽商期货	207		-153		
20		宏源期货	194		29		
总计				11,772		-6,615		

名次		会员简称	持买单量	增减		
1		海通期货	2,675		1,084		
2		东海期货	1,889		-18		
3		国投安信	1,709		206		
4		五矿经易	1,106		-245		
5		方正中期	1,053		20		
6		国泰君安	939		36		
7		光大期货	754		129		
8		国海良时	660		-94		
9		南华期货	650		219		
10		弘业期货	592		188		
11		摩根大通	450		0		
12		国信期货	351		26		
13		华泰期货	252		13		
14		福能期货	212		42		
15		锦泰期货	198		-76		
16		美尔雅期货	197		21		
17		中辉期货	140		29		
18		华闻期货	138		1		
19		创元期货	130		6		
20		东吴期货	122		3		
总计				14,217		1,590		

名次		会员简称	持卖单量	增减		
1		海通期货	2,686		1,065		
2		东海期货	1,887		-13		
3		国投安信	1,688		186		
4		中粮期货	1,416		0		
5		五矿经易	1,152		-197		
6		方正中期	1,107		19		
7		光大期货	722		103		
8		南华期货	640		223		
9		国海良时	633		-90		
10		弘业期货	592		190		
11		国泰君安	568		39		
12		国信期货	529		9		
13		锦泰期货	257		-57		
14		美尔雅期货	248		248		
15		徽商期货	199		32		
16		华泰期货	198		21		
17		宏源期货	197		40		
18		国富期货	182		128		
19		冠通期货	145		80		
20		创元期货	126		-20		
总计				15,172		2,006		



会员类别	总成交量	增减		
期货公司会员	11,772		-6,615		

会员类别	总持买单量	增减		
期货公司会员	14,217		1,590		

会员类别	总持卖单量	增减		
期货公司会员	15,172		2,006		

