								大连商品交易所 成交量_买持仓_卖持仓排名	

合约代码：cs2111		Date：2021-06-01	

			期货公司会员	

名次		会员简称	成交量		增减		
1		国泰君安	3,392		-2,792		
2		东证期货	2,366		-3,138		
3		华泰期货	1,277		-1,859		
4		光大期货	1,029		250		
5		招商期货	877		-616		
6		南华期货	824		44		
7		北京首创	770		766		
8		中信期货	644		-174		
9		五矿经易	636		-676		
10		鲁证期货	531		-469		
11		东吴期货	377		201		
12		浙商期货	347		-178		
13		国富期货	326		-590		
14		财信期货	314		167		
15		华闻期货	268		-82		
16		华安期货	249		-429		
17		国信期货	181		157		
18		金瑞期货	180		22		
19		上海中期	174		-167		
20		广发期货	117		107		
总计				14,879		-9,456		

名次		会员简称	持买单量	增减		
1		国泰君安	3,302		698		
2		东证期货	2,488		9		
3		五矿经易	2,364		-298		
4		中信期货	2,018		4		
5		招商期货	1,903		441		
6		华泰期货	1,527		-95		
7		鲁证期货	1,345		0		
8		光大期货	998		96		
9		南华期货	905		404		
10		国富期货	767		155		
11		浙商期货	524		-5		
12		北京首创	392		390		
13		永安期货	384		5		
14		中国国际	324		-2		
15		格林大华	202		38		
16		兴业期货	200		0		
17		中融汇信	170		0		
18		华闻期货	157		-40		
19		东吴期货	156		147		
20		财信期货	100		100		
总计				20,226		2,047		

名次		会员简称	持卖单量	增减		
1		国泰君安	2,881		576		
2		五矿经易	2,364		-298		
3		中信期货	2,178		126		
4		东证期货	1,946		9		
5		招商期货	1,920		418		
6		财信期货	1,529		32		
7		鲁证期货	1,343		1		
8		光大期货	982		99		
9		南华期货	906		404		
10		国富期货	786		151		
11		浙商期货	543		-10		
12		上海中期	469		-28		
13		北京首创	432		380		
14		华泰期货	390		26		
15		东吴期货	385		146		
16		华安期货	336		-63		
17		方正中期	205		-70		
18		兴证期货	196		-14		
19		国信期货	165		94		
20		美尔雅期货	146		53		
总计				20,102		2,032		



会员类别	总成交量	增减		
期货公司会员	14,879		-9,456		

会员类别	总持买单量	增减		
期货公司会员	20,226		2,047		

会员类别	总持卖单量	增减		
期货公司会员	20,102		2,032		

