								大连商品交易所 成交量_买持仓_卖持仓排名	

合约代码：jd2202		Date：2021-06-01	

			期货公司会员	

名次		会员简称	成交量		增减		
1		中辉期货	1,803		1,801		
2		安粮期货	1,403		1,343		
3		弘业期货	641		606		
4		浙江新世纪	580		580		
5		徽商期货	95		-24		
6		海通期货	79		56		
7		东方财富	73		48		
8		东吴期货	69		42		
9		申银万国	55		49		
10		兴证期货	43		19		
11		中钢期货	40		40		
12		华安期货	32		22		
13		宏源期货	29		17		
14		北京首创	21		12		
15		华鑫期货	21		11		
16		国泰君安	18		-4		
17		鲁证期货	18		12		
18		华闻期货	18		-17		
19		国联期货	18		5		
20		美尔雅期货	17		10		
总计				5,073		4,628		

名次		会员简称	持买单量	增减		
1		安粮期货	1,582		680		
2		光大期货	1,261		-5		
3		方正中期	1,240		2		
4		财信期货	1,204		0		
5		中粮期货	989		3		
6		中辉期货	905		901		
7		国信期货	856		2		
8		永安期货	760		6		
9		中信建投	750		8		
10		长江期货	735		0		
11		国泰君安	713		-14		
12		弘业期货	681		297		
13		南华期货	621		1		
14		东证期货	619		1		
15		美尔雅期货	603		-1		
16		天风期货	601		0		
17		津投期货	300		0		
18		浙江新世纪	290		290		
19		冠通期货	247		-4		
20		华联期货	234		0		
总计				15,191		2,167		

名次		会员简称	持卖单量	增减		
1		安粮期货	1,587		677		
2		方正中期	1,247		-1		
3		财信期货	1,202		0		
4		光大期货	1,200		0		
5		宁证期货	978		-4		
6		中辉期货	900		900		
7		中粮期货	900		-2		
8		国信期货	800		0		
9		美尔雅期货	749		6		
10		长江期货	700		0		
11		弘业期货	650		300		
12		南华期货	640		0		
13		国泰君安	611		0		
14		上海大陆	610		0		
15		天风期货	600		0		
16		海证期货	597		1		
17		东证期货	552		-7		
18		津投期货	300		0		
19		浙江新世纪	290		290		
20		浙商期货	247		2		
总计				15,360		2,162		



会员类别	总成交量	增减		
期货公司会员	5,073		4,628		

会员类别	总持买单量	增减		
期货公司会员	15,191		2,167		

会员类别	总持卖单量	增减		
期货公司会员	15,360		2,162		

