								大连商品交易所 成交量_买持仓_卖持仓排名	

合约代码：y2201		Date：2021-06-01	

			期货公司会员	

名次		会员简称	成交量		增减		
1		东证期货	20,516		-10,782		
2		华泰期货	10,920		-7,312		
3		国泰君安	9,257		-4,848		
4		中信期货	6,952		-2,203		
5		光大期货	5,983		-4,518		
6		国富期货	5,754		-318		
7		申银万国	4,761		-756		
8		一德期货	4,700		3,685		
9		中财期货	2,947		2,588		
10		五矿经易	2,747		-3,038		
11		锦泰期货	2,634		384		
12		海通期货	1,638		-4,634		
13		国元期货	1,464		-1,286		
14		银河期货	1,400		213		
15		华融融达	1,148		742		
16		兴证期货	998		-681		
17		国投安信	989		43		
18		徽商期货	982		17		
19		华安期货	929		-489		
20		鲁证期货	927		143		
总计				87,646		-33,050		

名次		会员简称	持买单量	增减		
1		广发期货	10,332		-39		
2		银河期货	7,966		-234		
3		中粮期货	6,299		170		
4		新湖期货	4,321		-322		
5		国泰君安	4,056		-751		
6		摩根大通	3,753		470		
7		光大期货	3,349		-13		
8		中信期货	2,938		280		
9		国投安信	2,816		217		
10		创元期货	2,225		11		
11		一德期货	2,179		187		
12		宏源期货	1,851		-12		
13		招商期货	1,799		266		
14		申银万国	1,730		60		
15		徽商期货	1,504		-10		
16		东证期货	1,428		-124		
17		中国国际	1,385		-24		
18		格林大华	1,172		11		
19		中金期货	1,146		0		
20		南华期货	1,080		-152		
总计				63,329		-9		

名次		会员简称	持卖单量	增减		
1		一德期货	22,048		2,723		
2		国富期货	9,903		-987		
3		国泰君安	8,884		258		
4		中粮期货	6,864		-107		
5		国投安信	4,284		94		
6		东证期货	3,747		-22		
7		摩根大通	2,880		0		
8		宏源期货	2,035		17		
9		永安期货	1,941		153		
10		五矿经易	1,232		274		
11		建信期货	1,177		-50		
12		中信期货	1,125		-336		
13		新湖期货	1,114		-27		
14		北京金鹏	1,000		0		
15		平安期货	971		-22		
16		申银万国	943		79		
17		金瑞期货	905		107		
18		广发期货	842		-21		
19		北京首创	723		1		
20		银河期货	675		356		
总计				73,293		2,490		



会员类别	总成交量	增减		
期货公司会员	87,646		-33,050		

会员类别	总持买单量	增减		
期货公司会员	63,329		-9		

会员类别	总持卖单量	增减		
期货公司会员	73,293		2,490		

