								大连商品交易所 成交量_买持仓_卖持仓排名	

合约代码：cs2109		Date：2021-06-01	

			期货公司会员	

名次		会员简称	成交量		增减		
1		东证期货	9,683		-902		
2		华泰期货	7,029		-1,303		
3		中信期货	5,925		-1,811		
4		国泰君安	3,920		-102		
5		国富期货	3,637		-866		
6		光大期货	3,371		-936		
7		华安期货	2,014		485		
8		银河期货	1,795		-269		
9		宏源期货	1,791		370		
10		金瑞期货	1,507		450		
11		东吴期货	1,474		507		
12		方正中期	1,107		752		
13		海通期货	1,104		101		
14		徽商期货	1,062		-85		
15		国盛期货	950		-206		
16		申银万国	887		650		
17		国贸期货	820		96		
18		国投安信	777		247		
19		创元期货	726		75		
20		中财期货	679		175		
总计				50,258		-2,572		

名次		会员简称	持买单量	增减		
1		中信期货	9,077		-53		
2		华泰期货	5,622		-385		
3		东证期货	4,718		-51		
4		华融融达	4,589		-33		
5		光大期货	3,599		136		
6		永安期货	3,433		-5		
7		国投安信	2,922		-550		
8		上海大陆	2,451		45		
9		中粮期货	1,756		-102		
10		银河期货	1,730		145		
11		国泰君安	1,525		-131		
12		财信期货	1,473		-72		
13		宏源期货	1,366		-35		
14		五矿经易	1,318		269		
15		鲁证期货	1,145		-153		
16		中国国际	968		9		
17		申银万国	883		767		
18		天风期货	812		-91		
19		东吴期货	788		2		
20		东航期货	667		342		
总计				50,842		54		

名次		会员简称	持卖单量	增减		
1		中信期货	6,416		-80		
2		国富期货	2,792		-47		
3		东证期货	2,684		314		
4		永安期货	2,533		70		
5		国泰君安	2,382		51		
6		天风期货	2,039		0		
7		中粮期货	1,997		-4		
8		五矿经易	1,819		3		
9		方正中期	1,523		100		
10		国贸期货	1,512		-332		
11		一德期货	1,502		7		
12		迈科期货	1,447		2		
13		中信建投	1,302		153		
14		南华期货	1,233		138		
15		华泰期货	1,232		-80		
16		宏源期货	1,166		48		
17		华安期货	1,137		-54		
18		兴证期货	1,083		-9		
19		中财期货	1,076		-13		
20		上海中期	989		-20		
总计				37,864		247		



会员类别	总成交量	增减		
期货公司会员	50,258		-2,572		

会员类别	总持买单量	增减		
期货公司会员	50,842		54		

会员类别	总持卖单量	增减		
期货公司会员	37,864		247		

