								大连商品交易所 成交量_买持仓_卖持仓排名	

合约代码：m2203		Date：2021-06-01	

			期货公司会员	

名次		会员简称	成交量		增减		
1		东证期货	6,570		2,445		
2		华闻期货	3,202		1,222		
3		国泰君安	3,136		48		
4		长江期货	3,100		3,096		
5		华安期货	3,030		1,844		
6		华泰期货	2,870		1,406		
7		广州金控	2,320		2,316		
8		美尔雅期货	2,259		-1,187		
9		海通期货	1,888		316		
10		中信建投	1,860		529		
11		浙商期货	1,585		871		
12		天风期货	1,430		1,403		
13		兴证期货	1,418		1,221		
14		申银万国	1,324		-57		
15		鲁证期货	1,317		351		
16		五矿经易	1,247		264		
17		招商期货	1,207		289		
18		国元期货	1,168		-189		
19		银河期货	1,097		70		
20		国海良时	1,083		-646		
总计				43,111		15,612		

名次		会员简称	持买单量	增减		
1		国泰君安	17,238		-20		
2		海通期货	16,529		590		
3		申银万国	14,215		4		
4		东证期货	13,545		-44		
5		国富期货	11,447		152		
6		华泰期货	9,424		516		
7		国投安信	7,656		-5		
8		国盛期货	6,570		0		
9		国海良时	6,565		-546		
10		浙商期货	6,434		-5		
11		鲁证期货	6,332		-5		
12		五矿经易	6,137		92		
13		国元期货	5,937		0		
14		南华期货	5,752		-110		
15		中信建投	5,562		231		
16		招商期货	5,526		3		
17		中信期货	5,206		51		
18		民生期货	4,592		0		
19		银河期货	3,806		-129		
20		华西期货	3,670		0		
总计				162,143		775		

名次		会员简称	持卖单量	增减		
1		东证期货	23,726		-56		
2		国泰君安	16,831		-18		
3		海通期货	15,233		598		
4		申银万国	14,100		0		
5		国富期货	12,943		-108		
6		国投安信	9,502		3		
7		华泰期货	8,635		46		
8		五矿经易	8,323		93		
9		国盛期货	6,570		0		
10		国海良时	6,415		-537		
11		浙商期货	6,314		-2		
12		鲁证期货	6,270		-4		
13		国元期货	5,758		0		
14		招商期货	5,584		16		
15		中信建投	5,369		223		
16		南华期货	5,308		1		
17		中信期货	4,787		50		
18		民生期货	4,567		0		
19		华西期货	3,670		0		
20		银河期货	3,588		-4		
总计				173,493		301		



会员类别	总成交量	增减		
期货公司会员	43,111		15,612		

会员类别	总持买单量	增减		
期货公司会员	162,143		775		

会员类别	总持卖单量	增减		
期货公司会员	173,493		301		

