								大连商品交易所 成交量_买持仓_卖持仓排名	

合约代码：i2202		Date：2021-06-01	

			期货公司会员	

名次		会员简称	成交量		增减		
1		东证期货	4,490		105		
2		申银万国	1,581		4		
3		中财期货	1,489		81		
4		光大期货	1,478		470		
5		国泰君安	1,387		-1,443		
6		海通期货	1,174		-72		
7		鲁证期货	924		235		
8		方正中期	919		-173		
9		浙商期货	913		-42		
10		弘业期货	838		-1,391		
11		民生期货	805		804		
12		上海大陆	785		358		
13		物产中大	754		409		
14		平安期货	722		-55		
15		南华期货	717		209		
16		中信期货	675		-175		
17		宏源期货	631		-170		
18		信达期货	616		605		
19		国信期货	601		-46		
20		兴证期货	543		147		
总计				22,042		-140		

名次		会员简称	持买单量	增减		
1		申银万国	7,929		-199		
2		方正中期	5,421		-169		
3		银河期货	4,772		-40		
4		国泰君安	4,407		-79		
5		弘业期货	4,042		2		
6		光大期货	2,874		65		
7		中信期货	2,689		15		
8		国海良时	2,661		-39		
9		物产中大	2,432		25		
10		创元期货	2,094		1		
11		东证期货	2,079		10		
12		海证期货	2,054		-50		
13		冠通期货	2,030		-1		
14		华安期货	1,993		-4		
15		鲁证期货	1,988		155		
16		中辉期货	1,934		9		
17		海通期货	1,896		-163		
18		大地期货	1,800		0		
19		国信期货	1,775		12		
20		东吴期货	1,742		-154		
总计				58,612		-604		

名次		会员简称	持卖单量	增减		
1		申银万国	8,346		-118		
2		方正中期	5,410		-168		
3		国泰君安	4,376		-8		
4		银河期货	4,247		-54		
5		弘业期货	4,058		0		
6		东证期货	3,031		6		
7		光大期货	2,651		-3		
8		中信期货	2,581		22		
9		国海良时	2,579		-53		
10		物产中大	2,440		21		
11		海证期货	2,054		0		
12		冠通期货	2,018		-11		
13		创元期货	2,017		-2		
14		华安期货	1,987		16		
15		鲁证期货	1,985		153		
16		中辉期货	1,910		-5		
17		海通期货	1,819		-163		
18		大地期货	1,800		0		
19		宏源期货	1,738		-63		
20		国信期货	1,712		1		
总计				58,759		-429		



会员类别	总成交量	增减		
期货公司会员	22,042		-140		

会员类别	总持买单量	增减		
期货公司会员	58,612		-604		

会员类别	总持卖单量	增减		
期货公司会员	58,759		-429		

