								大连商品交易所 成交量_买持仓_卖持仓排名	

合约代码：v2110		Date：2021-06-01	

			期货公司会员	

名次		会员简称	成交量		增减		
1		国投安信	9,950		-4,021		
2		东证期货	4,909		-1,619		
3		长江期货	2,289		127		
4		鲁证期货	2,160		-41		
5		中天期货	2,032		-347		
6		浙商期货	1,778		46		
7		五矿经易	1,544		-385		
8		申银万国	1,347		-1,333		
9		海证期货	1,079		-1,247		
10		中粮期货	1,007		-77		
11		金瑞期货	1,006		87		
12		华泰期货	961		650		
13		安粮期货	896		117		
14		弘业期货	893		837		
15		方正中期	803		802		
16		中信期货	646		-880		
17		新湖期货	601		522		
18		兴证期货	411		-217		
19		华闻期货	404		68		
20		宏源期货	356		155		
总计				35,072		-6,756		

名次		会员简称	持买单量	增减		
1		鲁证期货	4,234		0		
2		中信期货	3,607		163		
3		五矿经易	3,408		0		
4		永安期货	3,397		0		
5		锦泰期货	3,067		-7		
6		申银万国	2,711		305		
7		浙商期货	2,184		-1		
8		海证期货	2,109		-2		
9		长江期货	2,053		144		
10		国富期货	2,028		-62		
11		东证期货	1,952		398		
12		中投期货	1,500		0		
13		国信期货	710		0		
14		新湖期货	679		230		
15		银河期货	577		-106		
16		华金期货	550		0		
17		大地期货	488		0		
18		海通期货	460		2		
19		方正中期	400		400		
20		国泰君安	331		-4		
总计				36,445		1,460		

名次		会员简称	持卖单量	增减		
1		鲁证期货	4,328		38		
2		中信期货	3,414		177		
3		锦泰期货	3,081		-51		
4		五矿经易	2,904		0		
5		申银万国	2,765		206		
6		海证期货	2,329		-3		
7		浙商期货	2,220		9		
8		长江期货	2,050		141		
9		国富期货	2,045		-63		
10		东证期货	2,001		251		
11		国海良时	1,858		-159		
12		安粮期货	1,730		-344		
13		国信期货	1,523		138		
14		新湖期货	742		273		
15		银河期货	673		-97		
16		华金期货	550		0		
17		海通期货	486		4		
18		方正中期	401		397		
19		国投安信	310		-535		
20		东海期货	288		-5		
总计				35,698		377		



会员类别	总成交量	增减		
期货公司会员	35,072		-6,756		

会员类别	总持买单量	增减		
期货公司会员	36,445		1,460		

会员类别	总持卖单量	增减		
期货公司会员	35,698		377		

