								大连商品交易所 成交量_买持仓_卖持仓排名	

合约代码：eg2101		Date：2020-11-10	

			期货公司会员	

名次		会员简称	成交量		增减		
1		东证期货	83,077		-18,691		
2		国泰君安	28,268		3,679		
3		中信期货	27,623		-2,174		
4		国富期货	26,800		-778		
5		华泰期货	18,558		2,085		
6		海通期货	12,223		-2,276		
7		永安期货	12,137		6,271		
8		徽商期货	11,022		2,775		
9		银河期货	8,501		-625		
10		方正中期	8,361		754		
11		光大期货	7,704		2,528		
12		新湖期货	7,665		1,554		
13		申银万国	7,189		1,731		
14		东吴期货	6,844		-1,896		
15		兴证期货	6,289		422		
16		弘业期货	6,273		3,583		
17		东方财富	6,169		1,104		
18		华安期货	6,124		125		
19		鲁证期货	5,702		659		
20		兴业期货	5,702		4,207		
总计				302,231		5,037		

名次		会员简称	持买单量	增减		
1		弘业期货	9,772		-1,504		
2		信达期货	9,253		-728		
3		华泰期货	7,882		-644		
4		永安期货	6,714		-926		
5		通惠期货	6,606		-166		
6		兴业期货	5,722		-1,527		
7		建信期货	5,384		-863		
8		宏源期货	4,887		-49		
9		东证期货	4,590		231		
10		新湖期货	4,582		-46		
11		华闻期货	4,557		11		
12		中信期货	4,322		211		
13		创元期货	4,181		37		
14		福能期货	4,123		-8		
15		国泰君安	4,102		-244		
16		鲁证期货	4,091		-310		
17		方正中期	3,968		-541		
18		国投安信	3,574		-456		
19		中信建投	3,303		-146		
20		南华期货	2,773		-415		
总计				104,386		-8,083		

名次		会员简称	持卖单量	增减		
1		永安期货	13,881		-2,315		
2		中信期货	11,400		-2,088		
3		华泰期货	7,719		-938		
4		国贸期货	6,514		308		
5		国泰君安	5,741		-916		
6		兴证期货	5,162		1,510		
7		天风期货	4,695		908		
8		宏源期货	4,155		80		
9		国元期货	4,116		259		
10		宝城期货	4,025		-706		
11		东证期货	4,004		496		
12		国投安信	3,830		-1,018		
13		南华期货	3,678		266		
14		东海期货	3,403		120		
15		申银万国	3,290		-236		
16		广州期货	3,050		1,372		
17		海通期货	3,042		100		
18		银河期货	2,861		53		
19		瑞达期货	2,659		-430		
20		中信建投	2,658		-1,296		
总计				99,883		-4,471		



会员类别	总成交量	增减		
期货公司会员	302,231		5,037		

会员类别	总持买单量	增减		
期货公司会员	104,386		-8,083		

会员类别	总持卖单量	增减		
期货公司会员	99,883		-4,471		

