								大连商品交易所 成交量_买持仓_卖持仓排名	

合约代码：pg2101		Date：2020-11-10	

			期货公司会员	

名次		会员简称	成交量		增减		
1		华泰期货	8,706		-1,141		
2		光大期货	4,865		701		
3		浙商期货	1,780		641		
4		财信期货	1,662		540		
5		中信期货	1,649		-139		
6		大有期货	1,345		440		
7		申银万国	1,181		201		
8		国投安信	1,161		-844		
9		徽商期货	1,111		-946		
10		锦泰期货	1,097		-94		
11		永安期货	984		-942		
12		美尔雅期货	855		758		
13		国泰君安	834		-205		
14		东证期货	807		-524		
15		方正中期	675		-501		
16		海通期货	626		-109		
17		银河期货	604		-426		
18		宏源期货	590		-493		
19		冠通期货	560		-45		
20		招金期货	548		-218		
总计				31,640		-3,346		

名次		会员简称	持买单量	增减		
1		东证期货	1,749		205		
2		方正中期	1,283		328		
3		招金期货	1,276		281		
4		银河期货	1,228		314		
5		永安期货	841		94		
6		徽商期货	806		167		
7		国泰君安	641		-59		
8		浙商期货	630		-51		
9		光大期货	597		241		
10		中信期货	555		35		
11		中辉期货	548		-24		
12		弘业期货	498		70		
13		华安期货	479		-15		
14		海通期货	464		26		
15		广发期货	439		66		
16		国投安信	428		-257		
17		中银期货	372		26		
18		先融期货	353		4		
19		兴证期货	333		-21		
20		东航期货	330		-38		
总计				13,850		1,392		

名次		会员简称	持卖单量	增减		
1		中信期货	4,896		488		
2		永安期货	3,133		164		
3		东吴期货	1,949		174		
4		东证期货	1,358		40		
5		瑞达期货	1,080		0		
6		中信建投	796		11		
7		美尔雅期货	715		699		
8		华泰期货	712		-12		
9		浙商期货	513		69		
10		国投安信	492		46		
11		银河期货	467		0		
12		宏源期货	371		160		
13		徽商期货	332		-68		
14		大有期货	261		-40		
15		大地期货	251		151		
16		方正中期	238		85		
17		申银万国	211		-91		
18		铜冠金源	194		24		
19		冠通期货	177		89		
20		鲁证期货	165		-84		
总计				18,311		1,905		



会员类别	总成交量	增减		
期货公司会员	31,640		-3,346		

会员类别	总持买单量	增减		
期货公司会员	13,850		1,392		

会员类别	总持卖单量	增减		
期货公司会员	18,311		1,905		

