								大连商品交易所 成交量_买持仓_卖持仓排名	

合约代码：cs2101		Date：2020-11-10	

			期货公司会员	

名次		会员简称	成交量		增减		
1		华泰期货	35,010		-18,504		
2		东证期货	24,788		-15,542		
3		国泰君安	14,863		-8,004		
4		国富期货	11,100		-13,171		
5		中信期货	8,298		-8,296		
6		海通期货	6,932		-3,834		
7		广发期货	4,241		-970		
8		银河期货	4,131		-5,153		
9		光大期货	3,280		-2,351		
10		金瑞期货	2,246		-1,300		
11		中信建投	2,240		-977		
12		兴证期货	2,200		-5,158		
13		东方财富	2,082		-3,593		
14		华闻期货	1,902		-2,200		
15		徽商期货	1,836		-2,741		
16		方正中期	1,817		-1,497		
17		先锋期货	1,738		674		
18		新湖期货	1,698		-1,935		
19		宝城期货	1,685		-1,282		
20		国投安信	1,613		-3,281		
总计				133,700		-99,115		

名次		会员简称	持买单量	增减		
1		中粮期货	8,958		482		
2		鲁证期货	7,881		5		
3		中信期货	7,571		-449		
4		永安期货	6,160		304		
5		广发期货	5,840		-166		
6		银河期货	4,761		-73		
7		新湖期货	4,696		-99		
8		弘业期货	4,672		-50		
9		一德期货	4,200		-19		
10		国投安信	3,060		-673		
11		国泰君安	2,880		-455		
12		华泰期货	2,816		453		
13		东吴期货	2,713		-47		
14		华融融达	2,455		-3		
15		五矿经易	2,362		-20		
16		东证期货	2,360		-1,574		
17		兴证期货	1,963		-1		
18		中辉期货	1,928		119		
19		海证期货	1,803		112		
20		中国国际	1,575		-10		
总计				80,654		-2,164		

名次		会员简称	持卖单量	增减		
1		国泰君安	8,234		106		
2		国金期货	7,960		6		
3		中信期货	7,631		133		
4		金瑞期货	7,584		-21		
5		南华期货	5,395		174		
6		中粮期货	5,125		-8		
7		海通期货	4,339		2,135		
8		华泰期货	4,257		-539		
9		宏源期货	3,988		-120		
10		永安期货	3,494		10		
11		平安期货	3,057		-18		
12		方正中期	2,941		-32		
13		鲁证期货	2,769		-118		
14		兴证期货	2,549		-389		
15		国投安信	2,269		-48		
16		中信建投	1,885		399		
17		银河期货	1,823		-188		
18		申银万国	1,820		76		
19		光大期货	1,590		-107		
20		华安期货	1,570		54		
总计				80,280		1,505		



会员类别	总成交量	增减		
期货公司会员	133,700		-99,115		

会员类别	总持买单量	增减		
期货公司会员	80,654		-2,164		

会员类别	总持卖单量	增减		
期货公司会员	80,280		1,505		

