								大连商品交易所 成交量_买持仓_卖持仓排名	

合约代码：eg2102		Date：2020-11-10	

			期货公司会员	

名次		会员简称	成交量		增减		
1		东证期货	39,693		-3,313		
2		迈科期货	11,034		5,340		
3		国泰君安	8,146		-1,162		
4		方正中期	7,627		-2,372		
5		中信期货	7,166		1,899		
6		海通期货	6,925		328		
7		华西期货	6,568		-1,011		
8		鲁证期货	6,384		6,279		
9		光大期货	5,769		336		
10		国富期货	4,634		649		
11		中信建投	4,624		1,055		
12		平安期货	4,087		2,232		
13		招商期货	4,057		1,038		
14		申银万国	3,365		117		
15		锦泰期货	2,916		-36		
16		五矿经易	2,832		-2,718		
17		东吴期货	2,623		531		
18		浙商期货	2,489		102		
19		银河期货	2,473		614		
20		中衍期货	2,362		-211		
总计				135,774		9,697		

名次		会员简称	持买单量	增减		
1		国投安信	2,625		12		
2		申银万国	2,012		128		
3		东证期货	1,382		40		
4		招商期货	1,201		-1		
5		华泰期货	1,167		6		
6		中信期货	1,011		-70		
7		五矿经易	840		-56		
8		东吴期货	583		-95		
9		通惠期货	540		-320		
10		海证期货	480		254		
11		创元期货	453		-3		
12		方正中期	372		86		
13		国富期货	301		15		
14		平安期货	220		-251		
15		浙商期货	200		-4		
16		中大期货	200		0		
17		财信期货	100		0		
18		徽商期货	89		-179		
19		鲁证期货	75		68		
20		光大期货	71		22		
总计				13,922		-348		

名次		会员简称	持卖单量	增减		
1		国投安信	2,613		0		
2		申银万国	1,840		91		
3		东证期货	1,365		11		
4		华泰期货	1,324		-21		
5		招商期货	1,210		4		
6		五矿经易	836		-56		
7		中信期货	629		-38		
8		东吴期货	622		-58		
9		海证期货	484		240		
10		创元期货	459		-22		
11		国富期货	399		31		
12		锦泰期货	290		-195		
13		北京首创	285		34		
14		方正中期	232		85		
15		平安期货	226		-152		
16		中大期货	201		-8		
17		迈科期货	170		11		
18		宏源期货	141		0		
19		银河期货	140		6		
20		天风期货	118		-3		
总计				13,584		-40		



会员类别	总成交量	增减		
期货公司会员	135,774		9,697		

会员类别	总持买单量	增减		
期货公司会员	13,922		-348		

会员类别	总持卖单量	增减		
期货公司会员	13,584		-40		

