								大连商品交易所 成交量_买持仓_卖持仓排名	

合约代码：pg2012		Date：2020-11-10	

			期货公司会员	

名次		会员简称	成交量		增减		
1		华泰期货	26,260		-12,690		
2		中信期货	9,828		-5,683		
3		国富期货	9,756		-6,988		
4		申银万国	5,844		-1,681		
5		银河期货	5,836		-866		
6		海通期货	5,720		-6,764		
7		光大期货	5,489		-2,366		
8		国泰君安	5,437		-3,622		
9		徽商期货	4,202		-1,073		
10		华安期货	3,979		-1,386		
11		东证期货	3,925		-2,383		
12		兴证期货	3,786		-1,835		
13		华闻期货	3,718		-3,246		
14		国投安信	3,422		-1,567		
15		方正中期	3,104		-2,365		
16		广发期货	2,619		-3,369		
17		永安期货	2,373		-2,288		
18		财信期货	2,238		235		
19		中信建投	2,217		-1,655		
20		宏源期货	2,079		-1,804		
总计				111,832		-63,396		

名次		会员简称	持买单量	增减		
1		广发期货	3,888		1,517		
2		永安期货	2,954		289		
3		方正中期	2,285		246		
4		兴业期货	1,913		9		
5		东证期货	1,647		29		
6		银河期货	1,600		256		
7		中信期货	1,322		34		
8		华安期货	1,188		-19		
9		瑞达期货	1,132		-15		
10		天风期货	1,126		-109		
11		徽商期货	892		86		
12		华泰期货	823		-103		
13		一德期货	816		-104		
14		国泰君安	783		-342		
15		国投安信	734		90		
16		中信建投	712		63		
17		北京首创	699		-377		
18		南华期货	648		-17		
19		招金期货	644		-23		
20		招商期货	598		44		
总计				26,404		1,554		

名次		会员简称	持卖单量	增减		
1		中信期货	10,251		-366		
2		东证期货	4,918		114		
3		国投安信	3,050		48		
4		永安期货	2,709		-44		
5		中信建投	1,646		-64		
6		国泰君安	1,314		-47		
7		中财期货	933		-24		
8		兴证期货	789		446		
9		南华期货	715		82		
10		兴业期货	711		121		
11		华泰期货	708		141		
12		申银万国	688		-42		
13		美尔雅期货	667		134		
14		海证期货	629		-63		
15		东海期货	601		-3		
16		华闻期货	564		-8		
17		瑞达期货	555		9		
18		银河期货	505		192		
19		建信期货	485		146		
20		宝城期货	478		43		
总计				32,916		815		



会员类别	总成交量	增减		
期货公司会员	111,832		-63,396		

会员类别	总持买单量	增减		
期货公司会员	26,404		1,554		

会员类别	总持卖单量	增减		
期货公司会员	32,916		815		

