								大连商品交易所 成交量_买持仓_卖持仓排名	

合约代码：b2102		Date：2020-11-10	

			期货公司会员	

名次		会员简称	成交量		增减		
1		华泰期货	15,724		-5,753		
2		海通期货	2,456		-1,165		
3		光大期货	2,308		-968		
4		弘业期货	1,638		-954		
5		国海良时	1,589		-939		
6		渤海期货	1,293		-1,065		
7		安粮期货	1,253		234		
8		东证期货	1,253		-364		
9		国投安信	1,188		-1,509		
10		申银万国	1,116		-499		
11		徽商期货	1,066		204		
12		方正中期	1,043		-587		
13		五矿经易	1,030		-431		
14		华闻期货	863		75		
15		国信期货	852		-611		
16		中信期货	844		157		
17		银河期货	828		222		
18		国泰君安	800		-46		
19		锦泰期货	739		-784		
20		国富期货	735		53		
总计				38,618		-14,730		

名次		会员简称	持买单量	增减		
1		申银万国	3,193		-111		
2		国投安信	2,038		-9		
3		海通期货	1,718		95		
4		五矿经易	1,123		-8		
5		弘业期货	855		4		
6		方正中期	788		171		
7		光大期货	658		51		
8		国海良时	522		71		
9		南华期货	513		-1		
10		华泰期货	367		-69		
11		渤海期货	334		10		
12		倍特期货	301		0		
13		中信建投	277		0		
14		永安期货	252		-62		
15		国信期货	237		-25		
16		东方财富	197		43		
17		中粮期货	188		-157		
18		长江期货	152		32		
19		华西期货	140		39		
20		美尔雅期货	138		-19		
总计				13,991		55		

名次		会员简称	持卖单量	增减		
1		申银万国	3,359		-185		
2		国投安信	2,024		-35		
3		五矿经易	1,138		10		
4		海通期货	985		75		
5		弘业期货	856		2		
6		方正中期	829		210		
7		光大期货	595		-57		
8		国海良时	588		-38		
9		东证期货	545		1		
10		南华期货	539		10		
11		先融期货	428		11		
12		华泰期货	347		-63		
13		渤海期货	324		19		
14		兴证期货	306		133		
15		新湖期货	288		-38		
16		国信期货	255		11		
17		新晟期货	218		0		
18		国泰君安	216		87		
19		东海期货	184		-1		
20		永安期货	166		-45		
总计				14,190		107		



会员类别	总成交量	增减		
期货公司会员	38,618		-14,730		

会员类别	总持买单量	增减		
期货公司会员	13,991		55		

会员类别	总持卖单量	增减		
期货公司会员	14,190		107		

