								大连商品交易所 成交量_买持仓_卖持仓排名	

合约代码：jd2102		Date：2020-11-10	

			期货公司会员	

名次		会员简称	成交量		增减		
1		光大期货	1,430		155		
2		东证期货	1,163		-54		
3		徽商期货	767		-566		
4		格林大华	725		236		
5		永安期货	703		509		
6		兴证期货	504		450		
7		宏源期货	479		-462		
8		国泰君安	466		4		
9		中信期货	447		35		
10		天风期货	417		46		
11		海通期货	349		80		
12		盛达期货	345		312		
13		华安期货	315		-235		
14		方正中期	308		84		
15		华融融达	276		-112		
16		东方财富	250		-36		
17		安粮期货	247		-135		
18		银河期货	240		-112		
19		先锋期货	238		-26		
20		华泰期货	235		152		
总计				9,904		325		

名次		会员简称	持买单量	增减		
1		福能期货	1,822		5		
2		宏源期货	1,582		-10		
3		中辉期货	1,372		25		
4		国泰君安	1,297		13		
5		汇鑫期货	1,281		1		
6		东吴期货	1,263		95		
7		徽商期货	1,223		-138		
8		银河期货	1,162		16		
9		美尔雅期货	1,033		102		
10		海通期货	932		200		
11		东方财富	829		5		
12		永安期货	802		13		
13		中国国际	782		6		
14		华泰期货	773		59		
15		中信建投	703		-56		
16		中信期货	679		89		
17		中银期货	654		7		
18		中钢期货	647		-81		
19		兴证期货	552		68		
20		方正中期	531		58		
总计				19,919		477		

名次		会员简称	持卖单量	增减		
1		宏源期货	4,283		-303		
2		先锋期货	3,359		151		
3		光大期货	2,609		-48		
4		永安期货	2,282		620		
5		徽商期货	1,662		163		
6		国泰君安	1,509		-5		
7		华安期货	1,187		23		
8		海航期货	1,074		17		
9		东海期货	850		95		
10		安粮期货	832		58		
11		中信建投	804		42		
12		方正中期	788		-12		
13		盛达期货	636		-3		
14		广发期货	621		1		
15		北京首创	616		-5		
16		上海大陆	602		-35		
17		国海良时	562		6		
18		申银万国	541		-35		
19		中州期货	511		52		
20		中粮期货	495		80		
总计				25,823		862		



会员类别	总成交量	增减		
期货公司会员	9,904		325		

会员类别	总持买单量	增减		
期货公司会员	19,919		477		

会员类别	总持卖单量	增减		
期货公司会员	25,823		862		

