								大连商品交易所 成交量_买持仓_卖持仓排名	

合约代码：rr2101		Date：2020-11-10	

			期货公司会员	

名次		会员简称	成交量		增减		
1		东证期货	6,396		-1,830		
2		国海良时	2,758		330		
3		上海东亚	2,112		526		
4		国泰君安	2,094		-1,852		
5		海通期货	1,599		-2,617		
6		五矿经易	1,241		-644		
7		国信期货	1,175		-560		
8		方正中期	1,119		-596		
9		美尔雅期货	1,099		982		
10		申银万国	1,000		-160		
11		浙商期货	716		-537		
12		永安期货	685		-210		
13		锦泰期货	570		-242		
14		鲁证期货	520		54		
15		中信期货	453		-927		
16		徽商期货	430		-171		
17		光大期货	420		-450		
18		中信建投	260		-445		
19		国富期货	230		-177		
20		格林大华	223		-358		
总计				25,100		-9,884		

名次		会员简称	持买单量	增减		
1		永安期货	1,425		30		
2		国泰君安	1,363		176		
3		东证期货	1,219		89		
4		五矿经易	1,028		4		
5		方正中期	992		-11		
6		光大期货	716		-269		
7		浙商期货	608		-39		
8		国信期货	594		40		
9		海通期货	495		-45		
10		国海良时	360		-60		
11		平安期货	322		47		
12		东航期货	319		3		
13		中信期货	315		129		
14		申银万国	245		-37		
15		中信建投	215		8		
16		美尔雅期货	167		-51		
17		中原期货	153		-10		
18		民生期货	150		0		
19		浙江新世纪	140		-8		
20		兴证期货	128		2		
总计				10,954		-2		

名次		会员简称	持卖单量	增减		
1		鲁证期货	1,695		-86		
2		东证期货	1,312		27		
3		永安期货	1,216		19		
4		五矿经易	1,184		39		
5		国泰君安	1,003		100		
6		北京首创	839		0		
7		东海期货	826		0		
8		方正中期	802		0		
9		光大期货	635		-121		
10		浙商期货	509		1		
11		海通期货	471		-18		
12		国信期货	447		41		
13		渤海期货	390		-60		
14		国海良时	350		-60		
15		中信期货	285		78		
16		申银万国	166		-1		
17		天风期货	152		0		
18		中融汇信	150		0		
19		和合期货	105		-5		
20		长江期货	104		62		
总计				12,641		16		



会员类别	总成交量	增减		
期货公司会员	25,100		-9,884		

会员类别	总持买单量	增减		
期货公司会员	10,954		-2		

会员类别	总持卖单量	增减		
期货公司会员	12,641		16		

