								大连商品交易所 成交量_买持仓_卖持仓排名	

合约代码：c2107		Date：2020-11-10	

			期货公司会员	

名次		会员简称	成交量		增减		
1		华泰期货	34,366		-10,767		
2		国泰君安	18,583		-622		
3		东证期货	10,516		-5,193		
4		海通期货	10,041		3,326		
5		国富期货	9,337		-3,395		
6		新湖期货	5,925		5,583		
7		五矿经易	5,503		-2,757		
8		光大期货	5,381		-7,873		
9		浙商期货	4,809		161		
10		中大期货	3,915		-2,780		
11		国海良时	3,819		-886		
12		鲁证期货	2,982		-1,564		
13		弘业期货	2,794		-1,934		
14		永安期货	2,735		-1,350		
15		中信期货	2,712		-155		
16		宝城期货	2,550		42		
17		中辉期货	1,977		-11,127		
18		冠通期货	1,797		-4,334		
19		宏源期货	1,594		-1,707		
20		格林大华	1,547		-2,097		
总计				132,883		-49,429		

名次		会员简称	持买单量	增减		
1		鲁证期货	28,420		-4		
2		一德期货	12,473		0		
3		中信建投	10,967		-101		
4		中州期货	9,210		10		
5		国泰君安	7,980		6		
6		永安期货	3,570		100		
7		中信期货	3,562		135		
8		中辉期货	3,379		0		
9		海通期货	2,031		-501		
10		东证期货	1,708		41		
11		混沌天成	1,700		0		
12		华泰期货	1,604		-105		
13		中大期货	1,528		0		
14		光大期货	1,399		-22		
15		海证期货	1,192		97		
16		申银万国	1,136		-19		
17		东吴期货	1,086		4		
18		浙商期货	1,054		15		
19		国富期货	1,034		-2		
20		五矿经易	946		-321		
总计				95,979		-667		

名次		会员简称	持卖单量	增减		
1		光大期货	12,757		-35		
2		中信期货	12,286		25		
3		东证期货	9,881		-211		
4		金瑞期货	8,501		-52		
5		国投安信	6,666		-5		
6		鲁证期货	5,727		10		
7		东吴期货	4,715		1,004		
8		徽商期货	4,577		-10		
9		海证期货	3,577		-51		
10		国泰君安	3,334		73		
11		海通期货	2,548		48		
12		东海期货	2,546		-1		
13		永安期货	2,385		1		
14		华安期货	1,986		-31		
15		中大期货	1,631		15		
16		长江期货	1,527		-2		
17		北京首创	1,447		7		
18		浙商期货	1,307		-70		
19		华泰期货	1,269		97		
20		国富期货	1,152		5		
总计				89,819		817		



会员类别	总成交量	增减		
期货公司会员	132,883		-49,429		

会员类别	总持买单量	增减		
期货公司会员	95,979		-667		

会员类别	总持卖单量	增减		
期货公司会员	89,819		817		

