								大连商品交易所 成交量_买持仓_卖持仓排名	

合约代码：m2107		Date：2021-06-07	

			期货公司会员	

名次		会员简称	成交量		增减		
1		东证期货	14,210		5,657		
2		中信期货	4,144		2,071		
3		国富期货	4,070		1,741		
4		银河期货	3,439		1,872		
5		华泰期货	2,158		-56		
6		海通期货	2,138		-61		
7		招商期货	2,080		1,619		
8		中粮期货	2,034		1,504		
9		中信建投	2,019		374		
10		国泰君安	1,872		843		
11		宏源期货	1,415		-82		
12		国投安信	1,362		325		
13		美尔雅期货	1,276		-959		
14		华安期货	1,233		-937		
15		广发期货	1,090		919		
16		华鑫期货	1,033		66		
17		广州期货	1,016		914		
18		徽商期货	952		-330		
19		中天期货	919		425		
20		光大期货	884		-250		
总计				49,344		15,655		

名次		会员简称	持买单量	增减		
1		国泰君安	8,622		-483		
2		东吴期货	4,790		1		
3		广州期货	4,599		-1,016		
4		先锋期货	3,353		-1		
5		摩根大通	2,700		0		
6		平安期货	2,635		257		
7		中信期货	2,611		-29		
8		一德期货	2,353		1		
9		渤海期货	2,292		0		
10		华泰期货	2,164		-296		
11		国投安信	2,102		-724		
12		华融融达	2,101		-37		
13		中信建投	1,952		-169		
14		鲁证期货	1,656		111		
15		五矿经易	1,600		35		
16		银河期货	1,587		84		
17		长江期货	1,586		-210		
18		金瑞期货	1,544		-14		
19		宝城期货	1,204		-1		
20		华金期货	1,200		-1		
总计				52,651		-2,492		

名次		会员简称	持卖单量	增减		
1		天风期货	5,894		-110		
2		安粮期货	5,730		-105		
3		北京金鹏	4,240		0		
4		国信期货	3,556		-185		
5		创元期货	3,436		-125		
6		国投安信	2,932		-146		
7		中融汇信	2,888		-39		
8		中信期货	2,620		-947		
9		国富期货	1,974		1,523		
10		南华期货	1,775		-53		
11		华鑫期货	1,719		-33		
12		华融融达	1,713		-112		
13		广州期货	1,638		0		
14		永安期货	1,549		-330		
15		国元期货	1,443		-3		
16		光大期货	1,329		-204		
17		福能期货	1,225		-32		
18		华金期货	1,133		-10		
19		浙商期货	1,036		2		
20		中天期货	997		-408		
总计				48,827		-1,317		



会员类别	总成交量	增减		
期货公司会员	49,344		15,655		

会员类别	总持买单量	增减		
期货公司会员	52,651		-2,492		

会员类别	总持卖单量	增减		
期货公司会员	48,827		-1,317		

