								大连商品交易所 成交量_买持仓_卖持仓排名	

合约代码：eg2109		Date：2021-06-07	

			期货公司会员	

名次		会员简称	成交量		增减		
1		东证期货	192,445		59,563		
2		中信期货	59,704		20,140		
3		海通期货	49,181		18,632		
4		国泰君安	46,668		13,610		
5		国富期货	40,086		7,707		
6		浙商期货	28,438		11,656		
7		华泰期货	27,871		14,243		
8		银河期货	25,661		11,690		
9		方正中期	24,944		12,108		
10		新湖期货	21,794		9,264		
11		申银万国	20,820		9,611		
12		永安期货	18,629		9,646		
13		宏源期货	16,020		11,368		
14		兴证期货	15,971		8,517		
15		光大期货	15,950		5,917		
16		东吴期货	15,618		5,701		
17		徽商期货	15,249		5,106		
18		弘业期货	15,088		2,376		
19		华闻期货	14,794		5,414		
20		中辉期货	14,552		7,363		
总计				679,483		249,632		

名次		会员简称	持买单量	增减		
1		中信期货	24,251		-1,746		
2		东吴期货	18,722		3,803		
3		东证期货	12,860		2,768		
4		华泰期货	12,159		-3,192		
5		国泰君安	10,921		-2,376		
6		建信期货	9,084		623		
7		永安期货	8,780		-1,542		
8		瑞达期货	7,968		241		
9		银河期货	6,163		1,200		
10		通惠期货	5,231		-126		
11		上海中期	4,762		159		
12		南华期货	4,507		-363		
13		方正中期	4,478		538		
14		弘业期货	4,183		1,858		
15		海通期货	3,843		-558		
16		国元期货	3,746		162		
17		中银期货	3,621		14		
18		兴业期货	3,619		-107		
19		光大期货	3,518		176		
20		新湖期货	3,432		499		
总计				155,848		2,031		

名次		会员简称	持卖单量	增减		
1		永安期货	25,334		-5,265		
2		国泰君安	17,377		1,552		
3		天风期货	13,360		1,021		
4		银河期货	10,868		851		
5		东海期货	9,019		-770		
6		中信期货	8,436		1,186		
7		宝城期货	7,841		3,411		
8		格林大华	6,471		4,206		
9		华泰期货	5,706		2,365		
10		弘业期货	5,541		-1,102		
11		南华期货	4,885		310		
12		瑞达期货	4,761		261		
13		新湖期货	4,759		-2,673		
14		建信期货	4,666		-62		
15		浙商期货	4,156		-3,246		
16		广发期货	4,130		158		
17		中粮期货	4,031		307		
18		鲁证期货	3,942		50		
19		东吴期货	3,852		115		
20		东证期货	3,668		-4,689		
总计				152,803		-2,014		



会员类别	总成交量	增减		
期货公司会员	679,483		249,632		

会员类别	总持买单量	增减		
期货公司会员	155,848		2,031		

会员类别	总持卖单量	增减		
期货公司会员	152,803		-2,014		

