								大连商品交易所 成交量_买持仓_卖持仓排名	

合约代码：p2111		Date：2021-06-07	

			期货公司会员	

名次		会员简称	成交量		增减		
1		华闻期货	2,556		1,121		
2		中信期货	1,404		900		
3		国泰君安	1,100		59		
4		锦泰期货	980		704		
5		浙商期货	744		328		
6		光大期货	700		176		
7		鲁证期货	637		69		
8		宏源期货	488		484		
9		五矿经易	488		86		
10		国投安信	458		342		
11		南华期货	400		400		
12		招商期货	386		17		
13		一德期货	332		332		
14		海通期货	202		154		
15		银河期货	134		83		
16		广发期货	100		84		
17		华安期货	81		39		
18		大有期货	73		54		
19		国联期货	58		-33		
20		东证期货	58		-60		
总计				11,379		5,339		

名次		会员简称	持买单量	增减		
1		东证期货	5,058		0		
2		中信期货	2,802		158		
3		光大期货	1,443		-16		
4		国泰君安	1,417		-2		
5		国投安信	1,410		205		
6		银河期货	1,213		-30		
7		海通期货	1,107		6		
8		五矿经易	1,101		-6		
9		浙商期货	1,064		-5		
10		招商期货	986		16		
11		华泰期货	950		0		
12		鲁证期货	940		0		
13		华闻期货	755		291		
14		华西期货	650		0		
15		宏源期货	601		239		
16		永安期货	550		0		
17		平安期货	547		0		
18		国信期货	478		-1		
19		弘业期货	412		0		
20		中辉期货	406		0		
总计				23,890		855		

名次		会员简称	持卖单量	增减		
1		东证期货	5,061		0		
2		中信期货	2,804		156		
3		光大期货	1,443		-16		
4		国泰君安	1,408		-2		
5		银河期货	1,240		8		
6		海通期货	1,107		6		
7		五矿经易	1,100		-6		
8		招商期货	1,002		-4		
9		华泰期货	997		1		
10		鲁证期货	984		-1		
11		华闻期货	867		461		
12		国投安信	710		5		
13		浙商期货	700		-5		
14		华西期货	650		0		
15		国信期货	649		0		
16		宏源期货	604		239		
17		永安期货	553		0		
18		平安期货	545		0		
19		弘业期货	464		0		
20		中辉期货	407		0		
总计				23,295		842		



会员类别	总成交量	增减		
期货公司会员	11,379		5,339		

会员类别	总持买单量	增减		
期货公司会员	23,890		855		

会员类别	总持卖单量	增减		
期货公司会员	23,295		842		

