								大连商品交易所 成交量_买持仓_卖持仓排名	

合约代码：pp2111		Date：2021-06-07	

			期货公司会员	

名次		会员简称	成交量		增减		
1		国投安信	5,758		2,563		
2		中信期货	3,118		974		
3		南华期货	2,401		1,155		
4		东证期货	2,309		-123		
5		国海良时	2,303		1,543		
6		东海期货	2,300		240		
7		五矿经易	2,208		982		
8		恒泰期货	2,106		142		
9		中粮期货	2,060		965		
10		海证期货	2,040		986		
11		国泰君安	2,034		1,021		
12		申银万国	1,888		768		
13		安粮期货	1,325		1,183		
14		华闻期货	1,177		1,090		
15		锦泰期货	1,125		666		
16		永安期货	1,022		972		
17		财信期货	972		927		
18		国富期货	920		355		
19		西部期货	900		900		
20		海通期货	658		-1,363		
总计				38,624		15,946		

名次		会员简称	持买单量	增减		
1		国投安信	5,129		10		
2		东证期货	3,993		32		
3		申银万国	3,091		4		
4		中信期货	2,867		63		
5		南华期货	1,812		-69		
6		国富期货	1,683		76		
7		海通期货	1,532		-198		
8		国信期货	1,385		-17		
9		华安期货	1,279		0		
10		海证期货	1,160		41		
11		宏源期货	1,048		0		
12		恒泰期货	1,019		3		
13		中粮期货	964		2		
14		华泰期货	795		0		
15		鲁证期货	793		-12		
16		银河期货	756		0		
17		光大期货	728		6		
18		华西期货	724		0		
19		新湖期货	709		0		
20		五矿经易	677		0		
总计				32,144		-59		

名次		会员简称	持卖单量	增减		
1		国投安信	5,126		2		
2		东证期货	4,061		57		
3		申银万国	3,093		8		
4		中信期货	2,783		-3		
5		海通期货	1,893		-94		
6		南华期货	1,802		-70		
7		国富期货	1,735		100		
8		国信期货	1,402		18		
9		海证期货	1,160		41		
10		华泰期货	1,032		36		
11		恒泰期货	1,019		3		
12		中粮期货	965		2		
13		鲁证期货	793		-14		
14		五矿经易	773		12		
15		华安期货	753		0		
16		华西期货	724		0		
17		新湖期货	710		1		
18		国海良时	684		239		
19		中财期货	634		101		
20		国泰君安	604		-1		
总计				31,746		438		



会员类别	总成交量	增减		
期货公司会员	38,624		15,946		

会员类别	总持买单量	增减		
期货公司会员	32,144		-59		

会员类别	总持卖单量	增减		
期货公司会员	31,746		438		

