								大连商品交易所 成交量_买持仓_卖持仓排名	

合约代码：l2109		Date：2021-06-07	

			期货公司会员	

名次		会员简称	成交量		增减		
1		东证期货	169,579		-7,635		
2		国投安信	140,131		10,311		
3		国富期货	116,186		8,599		
4		兴证期货	74,124		22,870		
5		国泰君安	57,170		5,832		
6		中信期货	43,852		1,720		
7		华泰期货	27,841		2,598		
8		海通期货	24,648		8,234		
9		永安期货	22,924		8,403		
10		申银万国	19,023		9,094		
11		中信建投	17,802		8,039		
12		华闻期货	15,549		2,193		
13		光大期货	15,008		-2,221		
14		五矿经易	14,500		-3,499		
15		方正中期	13,667		536		
16		宏源期货	12,742		4,660		
17		银河期货	11,460		5		
18		中辉期货	8,992		5,367		
19		鲁证期货	8,810		1,940		
20		国盛期货	8,452		11		
总计				822,460		87,057		

名次		会员简称	持买单量	增减		
1		永安期货	28,657		2,513		
2		东证期货	15,424		2,314		
3		华泰期货	14,631		2,003		
4		一德期货	14,447		54		
5		中信期货	14,351		1,692		
6		方正中期	11,192		957		
7		国泰君安	10,740		-617		
8		浙商期货	10,249		281		
9		银河期货	9,755		666		
10		物产中大	8,514		-419		
11		广发期货	8,414		414		
12		南华期货	8,064		209		
13		中信建投	7,803		626		
14		申银万国	7,458		2,517		
15		新湖期货	7,198		-158		
16		中国国际	7,092		430		
17		华安期货	6,840		889		
18		中粮期货	5,946		1,044		
19		中辉期货	5,917		49		
20		东海期货	5,773		615		
总计				208,465		16,079		

名次		会员简称	持卖单量	增减		
1		国泰君安	35,931		739		
2		中信期货	32,959		4,054		
3		永安期货	29,812		5,511		
4		华泰期货	21,524		-1,074		
5		银河期货	17,545		1,176		
6		东证期货	15,355		3,289		
7		光大期货	14,176		324		
8		东航期货	9,873		3,737		
9		国投安信	9,419		-134		
10		兴证期货	8,240		2,027		
11		国贸期货	8,068		-857		
12		申银万国	7,931		-538		
13		浙商期货	7,448		-115		
14		中投期货	7,115		1,554		
15		瑞达期货	6,389		75		
16		海证期货	6,146		-586		
17		宏源期货	5,762		1,221		
18		招商期货	5,642		655		
19		物产中大	5,243		-57		
20		方正中期	5,149		-676		
总计				259,727		20,325		



会员类别	总成交量	增减		
期货公司会员	822,460		87,057		

会员类别	总持买单量	增减		
期货公司会员	208,465		16,079		

会员类别	总持卖单量	增减		
期货公司会员	259,727		20,325		

