								大连商品交易所 成交量_买持仓_卖持仓排名	

合约代码：a2111		Date：2021-06-07	

			期货公司会员	

名次		会员简称	成交量		增减		
1		华泰期货	9,855		4,447		
2		东证期货	5,848		602		
3		华闻期货	3,462		1,590		
4		浙商期货	2,654		503		
5		鲁证期货	2,292		355		
6		宏源期货	2,264		535		
7		中信期货	2,195		-206		
8		恒泰期货	1,766		541		
9		申银万国	1,589		408		
10		方正中期	1,486		225		
11		招商期货	1,438		70		
12		瑞达期货	1,283		246		
13		光大期货	825		-139		
14		金瑞期货	649		160		
15		南华期货	585		236		
16		国泰君安	485		198		
17		中投期货	476		422		
18		海通期货	293		170		
19		西南期货	213		57		
20		海证期货	166		145		
总计				39,824		10,565		

名次		会员简称	持买单量	增减		
1		东证期货	3,616		230		
2		鲁证期货	2,465		5		
3		宏源期货	2,402		-47		
4		招商期货	2,082		-14		
5		光大期货	2,002		1		
6		瑞达期货	1,752		143		
7		恒泰期货	1,710		0		
8		中信期货	1,638		151		
9		方正中期	1,592		-1		
10		大有期货	1,581		0		
11		浙商期货	1,507		-1		
12		深圳金汇	1,500		0		
13		国投安信	190		1		
14		美尔雅期货	168		18		
15		中投期货	146		-49		
16		金瑞期货	143		138		
17		西南期货	130		21		
18		银河期货	114		1		
19		招金期货	78		0		
20		申银万国	68		3		
总计				24,884		600		

名次		会员简称	持卖单量	增减		
1		东证期货	4,066		210		
2		鲁证期货	2,588		5		
3		宏源期货	2,401		-51		
4		招商期货	2,096		14		
5		光大期货	2,003		2		
6		瑞达期货	1,756		156		
7		中信期货	1,754		152		
8		恒泰期货	1,711		0		
9		方正中期	1,660		-9		
10		浙商期货	1,517		-49		
11		国泰君安	859		-19		
12		华安期货	326		0		
13		银河期货	280		-3		
14		西南期货	274		-96		
15		美尔雅期货	168		0		
16		平安期货	154		-44		
17		中投期货	133		107		
18		国信期货	124		79		
19		海证期货	113		98		
20		弘业期货	106		1		
总计				24,089		553		



会员类别	总成交量	增减		
期货公司会员	39,824		10,565		

会员类别	总持买单量	增减		
期货公司会员	24,884		600		

会员类别	总持卖单量	增减		
期货公司会员	24,089		553		

