								大连商品交易所 成交量_买持仓_卖持仓排名	

合约代码：pp2109		Date：2021-06-07	

			期货公司会员	

名次		会员简称	成交量		增减		
1		国投安信	185,089		32,437		
2		东证期货	142,577		33,093		
3		中信期货	88,341		14,748		
4		国泰君安	81,333		2,198		
5		海通期货	70,801		-7,380		
6		国富期货	56,630		6,886		
7		华闻期货	52,157		16,505		
8		银河期货	43,227		9,393		
9		新湖期货	40,071		6,528		
10		华泰期货	38,687		-2,944		
11		永安期货	37,840		8,157		
12		徽商期货	32,213		3,589		
13		华西期货	25,942		5,799		
14		光大期货	25,225		648		
15		方正中期	24,661		2,912		
16		华安期货	23,716		6,808		
17		南华期货	22,893		3,077		
18		东吴期货	22,433		3,202		
19		宏源期货	20,743		4,222		
20		浙商期货	20,279		8,288		
总计				1,054,858	158,166		

名次		会员简称	持买单量	增减		
1		永安期货	46,099		1,352		
2		中信期货	37,848		921		
3		华泰期货	19,723		2,271		
4		国泰君安	19,604		7,405		
5		国海良时	14,143		1,839		
6		浙商期货	12,520		2,072		
7		银河期货	11,830		3,211		
8		国投安信	11,290		1,895		
9		海通期货	11,193		-1,063		
10		方正中期	10,045		1,197		
11		长江期货	9,830		2,513		
12		南华期货	9,713		2,117		
13		广发期货	9,412		1,343		
14		光大期货	8,269		1,225		
15		瑞达期货	7,777		794		
16		东证期货	7,766		38		
17		建信期货	7,650		1,074		
18		华安期货	7,320		907		
19		徽商期货	7,244		886		
20		弘业期货	7,110		3,257		
总计				276,386		35,254		

名次		会员简称	持卖单量	增减		
1		永安期货	42,508		8,162		
2		中信期货	33,486		6,084		
3		国泰君安	30,796		7,150		
4		华泰期货	26,495		3,150		
5		东证期货	15,176		1,317		
6		银河期货	13,273		614		
7		海通期货	12,138		2,566		
8		兴证期货	11,456		2,585		
9		方正中期	9,781		-1,136		
10		广发期货	9,604		1,586		
11		国投安信	7,966		326		
12		瑞达期货	7,910		196		
13		浙商期货	7,664		-1,955		
14		中投期货	7,531		1,478		
15		申银万国	6,959		847		
16		新湖期货	6,910		440		
17		宏源期货	6,761		1,640		
18		国贸期货	6,689		591		
19		海证期货	6,360		-199		
20		南华期货	6,173		54		
总计				275,636		35,496		



会员类别	总成交量	增减		
期货公司会员	1,054,858	158,166		

会员类别	总持买单量	增减		
期货公司会员	276,386		35,254		

会员类别	总持卖单量	增减		
期货公司会员	275,636		35,496		

