								大连商品交易所 成交量_买持仓_卖持仓排名	

合约代码：l2110		Date：2021-06-07	

			期货公司会员	

名次		会员简称	成交量		增减		
1		国投安信	4,672		997		
2		东证期货	4,621		2,827		
3		海证期货	2,308		1,440		
4		国海良时	1,790		977		
5		国泰君安	1,285		541		
6		申银万国	1,180		135		
7		安粮期货	1,141		126		
8		浙商期货	1,061		421		
9		方正中期	854		146		
10		五矿经易	753		115		
11		国元期货	656		195		
12		弘业期货	585		-142		
13		锦泰期货	573		497		
14		长江期货	564		-696		
15		招商期货	548		150		
16		金瑞期货	402		-14		
17		华闻期货	397		103		
18		兴证期货	390		-206		
19		国富期货	385		257		
20		华泰期货	296		-965		
总计				24,461		6,904		

名次		会员简称	持买单量	增减		
1		国投安信	5,883		-122		
2		国泰君安	4,087		50		
3		锦泰期货	3,139		281		
4		东证期货	3,102		213		
5		招商期货	3,030		-8		
6		五矿经易	2,927		1		
7		海证期货	2,921		128		
8		申银万国	2,889		318		
9		国元期货	2,825		-8		
10		长江期货	2,554		4		
11		国海良时	2,491		-299		
12		方正中期	2,407		204		
13		浙商期货	2,396		1		
14		银河期货	1,921		62		
15		国富期货	1,459		-98		
16		国信期货	740		117		
17		中信期货	709		35		
18		安粮期货	704		-89		
19		海通期货	572		0		
20		兴证期货	498		13		
总计				47,254		803		

名次		会员简称	持卖单量	增减		
1		国投安信	5,830		-168		
2		国泰君安	4,099		57		
3		招商期货	3,445		2		
4		锦泰期货	3,136		286		
5		东证期货	2,982		222		
6		五矿经易	2,922		0		
7		申银万国	2,856		306		
8		海证期货	2,823		8		
9		国元期货	2,771		-8		
10		长江期货	2,554		4		
11		方正中期	2,423		204		
12		浙商期货	2,377		-4		
13		国海良时	2,152		1		
14		银河期货	1,798		10		
15		国信期货	1,784		0		
16		国富期货	1,555		-73		
17		海通期货	631		10		
18		中信期货	593		-2		
19		华泰期货	553		-159		
20		平安期货	476		13		
总计				47,760		709		



会员类别	总成交量	增减		
期货公司会员	24,461		6,904		

会员类别	总持买单量	增减		
期货公司会员	47,254		803		

会员类别	总持卖单量	增减		
期货公司会员	47,760		709		

