								大连商品交易所 成交量_买持仓_卖持仓排名	

合约代码：p2109		Date：2021-06-07	

			期货公司会员	

名次		会员简称	成交量		增减		
1		华泰期货	189,230		27,663		
2		东证期货	178,705		-6,122		
3		中信期货	168,467		9,688		
4		光大期货	113,752		-15,134		
5		国富期货	78,320		-11,875		
6		海通期货	65,783		2,924		
7		国泰君安	64,091		-12,117		
8		华西期货	59,099		-3,772		
9		国投安信	37,644		988		
10		华闻期货	34,702		3,619		
11		方正中期	31,005		-4,498		
12		银河期货	23,999		-5,194		
13		徽商期货	21,999		247		
14		申银万国	21,435		8,584		
15		华安期货	21,432		-1,681		
16		兴证期货	18,706		6,079		
17		中粮期货	15,464		3,898		
18		永安期货	14,915		1,038		
19		宏源期货	14,396		-4,508		
20		东吴期货	13,942		3,524		
总计				1,187,086	3,351		

名次		会员简称	持买单量	增减		
1		永安期货	36,097		-51		
2		中粮期货	34,929		-2,324		
3		乾坤期货	25,576		0		
4		中信期货	24,259		-3,835		
5		海通期货	16,037		-588		
6		国泰君安	15,374		1,134		
7		摩根大通	14,522		-591		
8		五矿经易	14,423		894		
9		华泰期货	8,408		-1,587		
10		南华期货	8,365		-357		
11		银河期货	8,032		438		
12		方正中期	7,583		219		
13		兴证期货	7,419		-1,308		
14		申银万国	5,240		-339		
15		一德期货	5,025		2,802		
16		宏源期货	4,953		187		
17		中信建投	4,925		121		
18		东航期货	4,690		247		
19		海证期货	4,669		398		
20		中投期货	4,596		-258		
总计				255,122		-4,798		

名次		会员简称	持卖单量	增减		
1		中粮期货	39,226		-2,180		
2		国投安信	32,247		103		
3		国富期货	32,134		317		
4		一德期货	20,160		-4,815		
5		银河期货	19,921		977		
6		东证期货	19,459		5,778		
7		海通期货	16,082		-387		
8		中融汇信	13,989		-25		
9		永安期货	13,896		-426		
10		中信期货	13,541		1,794		
11		华泰期货	10,408		2,073		
12		广发期货	9,733		-734		
13		国贸期货	8,942		1,176		
14		西部期货	8,546		40		
15		国泰君安	8,447		-5,923		
16		中天期货	7,869		-7		
17		北京首创	7,060		-49		
18		瑞达期货	5,469		-1,231		
19		中州期货	5,094		320		
20		弘业期货	4,928		-120		
总计				297,151		-3,319		



会员类别	总成交量	增减		
期货公司会员	1,187,086	3,351		

会员类别	总持买单量	增减		
期货公司会员	255,122		-4,798		

会员类别	总持卖单量	增减		
期货公司会员	297,151		-3,319		

