								大连商品交易所 成交量_买持仓_卖持仓排名	

合约代码：eb2108		Date：2021-06-07	

			期货公司会员	

名次		会员简称	成交量		增减		
1		东证期货	23,682		6,062		
2		锦泰期货	7,923		292		
3		国泰君安	5,209		-256		
4		国富期货	4,234		388		
5		国投安信	3,518		792		
6		五矿经易	2,826		1,077		
7		永安期货	2,690		157		
8		华泰期货	2,536		243		
9		中信期货	2,417		242		
10		中信建投	2,334		1,530		
11		申银万国	2,226		163		
12		中粮期货	2,203		-1,521		
13		东方财富	2,138		1,946		
14		海通期货	2,089		1,759		
15		南华期货	1,550		804		
16		财信期货	1,537		973		
17		华闻期货	1,481		501		
18		长江期货	1,455		216		
19		宝城期货	1,311		1,190		
20		国信期货	1,161		548		
总计				74,520		17,106		

名次		会员简称	持买单量	增减		
1		国泰君安	8,532		218		
2		海通期货	6,888		-705		
3		东证期货	5,332		273		
4		华泰期货	5,042		254		
5		中信期货	3,981		496		
6		国投安信	3,676		149		
7		永安期货	3,351		74		
8		中信建投	3,025		18		
9		国富期货	2,762		643		
10		五矿经易	2,304		100		
11		宝城期货	2,291		1,200		
12		中粮期货	2,222		-51		
13		南华期货	2,008		241		
14		徽商期货	1,791		5		
15		光大期货	1,714		35		
16		长江期货	1,602		17		
17		华融融达	1,500		-208		
18		锦泰期货	1,198		175		
19		天风期货	1,116		-1		
20		方正中期	1,015		-4		
总计				61,350		2,929		

名次		会员简称	持卖单量	增减		
1		国泰君安	8,596		153		
2		海通期货	7,061		-556		
3		东证期货	5,210		113		
4		华泰期货	4,206		228		
5		国投安信	3,450		47		
6		中信建投	3,148		102		
7		永安期货	2,943		146		
8		中信期货	2,939		107		
9		国富期货	2,794		669		
10		五矿经易	2,439		524		
11		南华期货	2,388		157		
12		中粮期货	2,233		-36		
13		徽商期货	1,891		112		
14		长江期货	1,660		44		
15		国信期货	1,423		158		
16		方正中期	1,166		-51		
17		华融融达	1,134		24		
18		天风期货	1,128		25		
19		弘业期货	1,051		2		
20		宝城期货	1,005		101		
总计				57,865		2,069		



会员类别	总成交量	增减		
期货公司会员	74,520		17,106		

会员类别	总持买单量	增减		
期货公司会员	61,350		2,929		

会员类别	总持卖单量	增减		
期货公司会员	57,865		2,069		

