								大连商品交易所 成交量_买持仓_卖持仓排名	

合约代码：jd2009		Date：2020-08-20	

			期货公司会员	

名次		会员简称	成交量		增减		
1		东证期货	21,564		-7,399		
2		徽商期货	11,848		-6,634		
3		国泰君安	8,934		-5,411		
4		华安期货	7,159		-5,259		
5		国富期货	7,112		-4,773		
6		中信期货	6,980		-2,501		
7		方正中期	5,963		-6,971		
8		安粮期货	5,616		-2,244		
9		金瑞期货	5,356		-1,077		
10		宏源期货	4,679		-2,799		
11		中信建投	4,488		-4,077		
12		先锋期货	4,312		-193		
13		华泰期货	4,194		-2,703		
14		银河期货	3,800		-5,599		
15		光大期货	3,697		-3,094		
16		申银万国	3,588		-3,333		
17		东方财富	3,427		-4,357		
18		鲁证期货	3,037		-3,522		
19		东吴期货	2,871		-4,835		
20		创元期货	2,817		-2,959		
总计				121,442		-79,740		

名次		会员简称	持买单量	增减		
1		国泰君安	3,235		-232		
2		徽商期货	2,846		-1,032		
3		方正中期	2,245		-769		
4		中信建投	2,191		-169		
5		华安期货	1,960		-643		
6		银河期货	1,905		-333		
7		中信期货	1,767		-274		
8		永安期货	1,518		-282		
9		东方财富	1,453		-273		
10		新纪元期货	1,369		-74		
11		华泰期货	1,359		-800		
12		鲁证期货	1,259		-232		
13		国投安信	1,247		27		
14		平安期货	1,242		-311		
15		中辉期货	1,135		-224		
16		光大期货	1,124		-401		
17		山西三立	1,120		-272		
18		宏源期货	1,109		-483		
19		国元期货	1,105		-50		
20		南华期货	1,098		-297		
总计				32,287		-7,124		

名次		会员简称	持卖单量	增减		
1		方正中期	4,307		-270		
2		华安期货	2,866		-760		
3		徽商期货	2,747		-512		
4		格林大华	2,716		-35		
5		福能期货	2,605		-63		
6		宏源期货	2,455		-518		
7		英大期货	1,989		127		
8		中信建投	1,901		-261		
9		先锋期货	1,893		-240		
10		永安期货	1,761		-179		
11		美尔雅期货	1,744		129		
12		国贸期货	1,650		-92		
13		中财期货	1,525		-307		
14		国泰君安	1,460		-730		
15		银河期货	1,376		-233		
16		海证期货	1,247		-92		
17		华泰期货	1,157		-376		
18		浙商期货	1,144		2		
19		鲁证期货	1,130		-117		
20		东证期货	1,029		-45		
总计				38,702		-4,572		



会员类别	总成交量	增减		
期货公司会员	121,442		-79,740		

会员类别	总持买单量	增减		
期货公司会员	32,287		-7,124		

会员类别	总持卖单量	增减		
期货公司会员	38,702		-4,572		

