								大连商品交易所 成交量_买持仓_卖持仓排名	

合约代码：pp2101		Date：2020-08-20	

			期货公司会员	

名次		会员简称	成交量		增减		
1		东证期货	128,042		53,284		
2		国泰君安	45,721		34,838		
3		中信期货	36,889		14,413		
4		海通期货	29,014		12,717		
5		方正中期	23,240		12,369		
6		国富期货	22,585		5,429		
7		华泰期货	21,883		16,032		
8		永安期货	15,917		7,089		
9		华安期货	15,814		6,190		
10		徽商期货	15,246		5,127		
11		东海期货	12,475		8,320		
12		浙商期货	12,025		6,107		
13		银河期货	11,535		4,745		
14		宏源期货	10,897		6,036		
15		兴证期货	9,709		4,887		
16		光大期货	9,320		5,550		
17		国信期货	9,079		4,745		
18		中辉期货	8,735		3,302		
19		国投安信	8,667		5,943		
20		申银万国	8,667		1,278		
总计				455,460		218,401		

名次		会员简称	持买单量	增减		
1		永安期货	36,350		4,439		
2		中信期货	31,866		1,204		
3		新湖期货	10,510		342		
4		银河期货	10,174		1,574		
5		华泰期货	9,372		4,313		
6		东证期货	9,057		361		
7		国泰君安	8,017		3,281		
8		海通期货	7,058		1,899		
9		东海期货	6,397		830		
10		兴证期货	6,073		3,393		
11		浙商期货	5,846		-38		
12		宏源期货	5,305		1,459		
13		方正中期	4,768		783		
14		中信建投	4,738		1,655		
15		大地期货	4,519		32		
16		国投安信	4,090		1,153		
17		国信期货	4,034		1,341		
18		申银万国	3,870		-343		
19		华安期货	3,856		-743		
20		东航期货	3,790		435		
总计				179,690		27,370		

名次		会员简称	持卖单量	增减		
1		浙商期货	19,618		4,545		
2		国泰君安	15,330		3,296		
3		永安期货	15,257		2,792		
4		国投安信	13,233		1,614		
5		南华期货	10,477		1,397		
6		中银期货	9,776		127		
7		华泰期货	9,179		882		
8		国信期货	8,992		3,710		
9		中信期货	8,636		2,605		
10		建信期货	8,619		1,061		
11		东证期货	7,921		1,655		
12		银河期货	7,506		1,211		
13		瑞达期货	6,748		650		
14		鲁证期货	5,914		658		
15		方正中期	5,054		447		
16		广发期货	4,804		359		
17		华融融达	4,687		170		
18		一德期货	4,648		1,535		
19		东海期货	4,472		147		
20		安粮期货	4,406		834		
总计				175,277		29,695		



会员类别	总成交量	增减		
期货公司会员	455,460		218,401		

会员类别	总持买单量	增减		
期货公司会员	179,690		27,370		

会员类别	总持卖单量	增减		
期货公司会员	175,277		29,695		

