								大连商品交易所 成交量_买持仓_卖持仓排名	

合约代码：p2101		Date：2020-08-20	

			期货公司会员	

名次		会员简称	成交量		增减		
1		东证期货	269,228		-8,142		
2		光大期货	147,938		3,378		
3		国泰君安	107,487		-20,800		
4		国富期货	107,028		3,747		
5		中信期货	82,319		1,349		
6		银河期货	62,101		-5,738		
7		海通期货	59,793		817		
8		申银万国	49,182		-6,563		
9		方正中期	48,881		816		
10		徽商期货	45,242		-104		
11		华泰期货	39,658		10,209		
12		华安期货	36,457		-406		
13		华闻期货	35,152		808		
14		兴证期货	29,305		-6,353		
15		中辉期货	25,743		3,498		
16		宏源期货	24,053		2,240		
17		华西期货	23,460		-4,331		
18		东吴期货	21,689		-3,469		
19		东方财富	21,216		616		
20		永安期货	20,876		-88		
总计				1,256,808	-28,516		

名次		会员简称	持买单量	增减		
1		永安期货	17,666		462		
2		银河期货	17,517		-624		
3		浙商期货	13,821		1,147		
4		中信期货	11,980		1,068		
5		天风期货	11,922		-3,214		
6		国投安信	11,586		1,471		
7		东证期货	10,659		-1,776		
8		方正中期	10,631		1,075		
9		五矿经易	10,594		-959		
10		光大期货	10,261		-2,106		
11		国泰君安	9,263		-328		
12		国盛期货	8,622		3,013		
13		大越期货	8,291		-42		
14		徽商期货	8,097		1,766		
15		广发期货	7,496		-6,198		
16		大地期货	7,150		-1,460		
17		申银万国	6,630		88		
18		国元期货	6,140		835		
19		海通期货	5,959		-11,830		
20		东航期货	5,874		-1,031		
总计				200,159		-18,643		

名次		会员简称	持卖单量	增减		
1		中粮期货	33,857		-573		
2		国投安信	29,300		-2,642		
3		银河期货	24,781		-2,039		
4		海通期货	19,414		4,537		
5		国富期货	18,922		620		
6		国泰君安	16,509		1,705		
7		一德期货	16,128		-2,472		
8		东证期货	14,961		2,974		
9		广发期货	12,591		-1,132		
10		永安期货	10,027		-1,052		
11		中信期货	9,716		-2,601		
12		鲁证期货	9,181		-213		
13		国贸期货	8,281		-702		
14		北京首创	7,764		154		
15		摩根大通	7,464		-1,900		
16		海证期货	6,059		6		
17		浙商期货	5,534		127		
18		华泰期货	5,464		440		
19		华安期货	5,385		-226		
20		英大期货	5,236		638		
总计				266,574		-4,351		



会员类别	总成交量	增减		
期货公司会员	1,256,808	-28,516		

会员类别	总持买单量	增减		
期货公司会员	200,159		-18,643		

会员类别	总持卖单量	增减		
期货公司会员	266,574		-4,351		

