								大连商品交易所 成交量_买持仓_卖持仓排名	

合约代码：eg2010		Date：2020-08-20	

			期货公司会员	

名次		会员简称	成交量		增减		
1		东证期货	15,234		1,819		
2		海证期货	9,302		9,192		
3		中粮期货	7,254		6,787		
4		申银万国	5,483		57		
5		国富期货	4,613		3,156		
6		国泰君安	4,525		-1,903		
7		浙商期货	4,420		882		
8		方正中期	3,945		855		
9		银河期货	3,907		2,210		
10		迈科期货	3,884		1,394		
11		安粮期货	3,151		3,151		
12		国投安信	2,959		1,036		
13		五矿经易	2,909		448		
14		光大期货	2,648		746		
15		华西期货	2,174		-726		
16		格林大华	2,162		-780		
17		海通期货	1,971		1,922		
18		招商期货	1,495		-404		
19		中辉期货	1,462		1,455		
20		中信期货	1,425		-675		
总计				84,923		30,622		

名次		会员简称	持买单量	增减		
1		国投安信	1,344		9		
2		东吴期货	1,056		-71		
3		招商期货	1,011		-1		
4		五矿经易	980		16		
5		方正中期	810		101		
6		创元期货	768		7		
7		一德期货	681		-6		
8		申银万国	462		-6		
9		冠通期货	440		0		
10		国泰君安	428		26		
11		中信期货	368		35		
12		迈科期货	352		77		
13		银河期货	284		51		
14		浙商期货	214		0		
15		格林大华	202		-10		
16		东证期货	126		1		
17		宏源期货	117		96		
18		宝城期货	100		0		
19		北京首创	57		-57		
20		中粮期货	53		7		
总计				9,853		275		

名次		会员简称	持卖单量	增减		
1		国投安信	1,290		12		
2		东吴期货	1,263		-52		
3		招商期货	1,004		2		
4		五矿经易	965		1		
5		创元期货	763		33		
6		方正中期	709		6		
7		申银万国	603		41		
8		宏源期货	551		-202		
9		冠通期货	440		0		
10		永安期货	420		166		
11		迈科期货	352		77		
12		中信期货	322		10		
13		中财期货	301		1		
14		格林大华	200		-10		
15		国泰君安	134		-7		
16		东证期货	125		27		
17		广州期货	124		0		
18		中粮期货	96		75		
19		银河期货	88		-6		
20		国金期货	87		2		
总计				9,837		176		



会员类别	总成交量	增减		
期货公司会员	84,923		30,622		

会员类别	总持买单量	增减		
期货公司会员	9,853		275		

会员类别	总持卖单量	增减		
期货公司会员	9,837		176		

