								大连商品交易所 成交量_买持仓_卖持仓排名	

合约代码：j2101		Date：2020-08-20	

			期货公司会员	

名次		会员简称	成交量		增减		
1		东证期货	25,992		10,854		
2		国富期货	17,190		3,873		
3		中信期货	13,027		6,850		
4		国泰君安	12,662		6,072		
5		光大期货	10,755		5,533		
6		海通期货	9,377		2,073		
7		上海大陆	9,183		388		
8		永安期货	8,814		4,612		
9		银河期货	8,800		5,545		
10		河北恒银	8,788		5,406		
11		华泰期货	6,851		2,615		
12		方正中期	5,348		2,860		
13		徽商期货	5,227		2,179		
14		申银万国	4,668		744		
15		瑞达期货	4,140		-1,217		
16		兴证期货	4,096		3,114		
17		先锋期货	3,995		17		
18		新纪元期货	3,853		1,677		
19		山西三立	3,782		-775		
20		华安期货	3,669		1,397		
总计				170,217		63,817		

名次		会员简称	持买单量	增减		
1		东证期货	6,688		326		
2		永安期货	6,355		365		
3		国富期货	5,381		933		
4		国泰君安	5,264		1,632		
5		银河期货	5,000		2,875		
6		中信期货	4,417		1,730		
7		东海期货	4,302		-145		
8		方正中期	2,671		772		
9		中信建投	2,308		34		
10		兴证期货	2,204		1,470		
11		海通期货	2,185		-542		
12		华泰期货	2,168		-222		
13		国投安信	1,711		280		
14		瑞达期货	1,706		287		
15		新纪元期货	1,554		918		
16		一德期货	1,504		793		
17		光大期货	1,447		-215		
18		五矿经易	1,357		347		
19		山西三立	1,168		723		
20		鲁证期货	1,153		-2		
总计				60,543		12,359		

名次		会员简称	持卖单量	增减		
1		永安期货	8,065		2,931		
2		东证期货	7,120		364		
3		国泰君安	6,762		3,936		
4		华泰期货	6,640		1,643		
5		国富期货	4,692		363		
6		海通期货	4,334		2,071		
7		一德期货	3,650		-129		
8		中信期货	3,455		1,021		
9		浙商期货	3,176		-223		
10		天风期货	2,618		296		
11		瑞达期货	2,446		1,211		
12		银河期货	2,262		547		
13		大越期货	2,190		-20		
14		中信建投	2,162		-1		
15		国投安信	2,140		446		
16		申银万国	1,834		-407		
17		兴证期货	1,479		1,134		
18		光大期货	1,455		80		
19		东兴期货	1,344		710		
20		国信期货	1,191		515		
总计				69,015		16,488		



会员类别	总成交量	增减		
期货公司会员	170,217		63,817		

会员类别	总持买单量	增减		
期货公司会员	60,543		12,359		

会员类别	总持卖单量	增减		
期货公司会员	69,015		16,488		

