								大连商品交易所 成交量_买持仓_卖持仓排名	

合约代码：a2009		Date：2020-08-20	

			期货公司会员	

名次		会员简称	成交量		增减		
1		华泰期货	12,928		-15,653		
2		五矿经易	6,322		3,165		
3		东证期货	5,679		-6,810		
4		中信期货	4,011		-4,814		
5		海通期货	2,563		-1,192		
6		银河期货	1,914		-2,379		
7		国富期货	1,647		-3,038		
8		冠通期货	1,560		-98		
9		徽商期货	1,551		-1,461		
10		国投安信	1,318		-1,581		
11		申银万国	1,297		-6,528		
12		金瑞期货	1,117		-52		
13		光大期货	1,098		-1,108		
14		国泰君安	1,093		-3,556		
15		广发期货	1,081		-2,175		
16		长安期货	1,037		-556		
17		方正中期	993		-425		
18		华安期货	989		-1,380		
19		兴证期货	717		-4,349		
20		江西瑞奇	624		471		
总计				49,539		-53,519		

名次		会员简称	持买单量	增减		
1		中信期货	4,599		-605		
2		五矿经易	4,058		-1,286		
3		申银万国	3,309		-352		
4		银河期货	1,799		-1,711		
5		金石期货	1,454		0		
6		东证期货	1,179		-97		
7		国富期货	754		-184		
8		金瑞期货	681		237		
9		中粮期货	654		-32		
10		宏源期货	654		-9		
11		国泰君安	646		-490		
12		兴证期货	552		-372		
13		江西瑞奇	545		519		
14		华泰期货	537		-157		
15		先锋期货	490		-83		
16		广发期货	480		-755		
17		鲁证期货	440		141		
18		国信期货	436		-182		
19		海通期货	411		-1,102		
20		广州期货	395		-83		
总计				24,073		-6,603		

名次		会员简称	持卖单量	增减		
1		国投安信	3,523		-780		
2		申银万国	2,656		-423		
3		平安期货	1,976		-91		
4		美尔雅期货	1,926		-42		
5		一德期货	1,425		-354		
6		国泰君安	1,406		-11		
7		中财期货	1,381		-168		
8		东证期货	1,090		-2,030		
9		南华期货	963		-161		
10		五矿经易	748		-878		
11		东航期货	676		-72		
12		海通期货	626		-647		
13		华泰期货	601		-289		
14		新湖期货	590		-257		
15		北京首创	570		-22		
16		光大期货	562		-641		
17		银河期货	458		-23		
18		永安期货	428		-88		
19		先锋期货	427		-27		
20		天风期货	426		-56		
总计				22,458		-7,060		



会员类别	总成交量	增减		
期货公司会员	49,539		-53,519		

会员类别	总持买单量	增减		
期货公司会员	24,073		-6,603		

会员类别	总持卖单量	增减		
期货公司会员	22,458		-7,060		

