								大连商品交易所 成交量_买持仓_卖持仓排名	

合约代码：p2009		Date：2020-08-20	

			期货公司会员	

名次		会员简称	成交量		增减		
1		东证期货	42,034		-23,904		
2		光大期货	28,494		-5,494		
3		申银万国	11,547		-3,371		
4		兴证期货	11,221		5,041		
5		中信期货	11,040		-1,078		
6		中粮期货	10,568		7,508		
7		华泰期货	9,932		262		
8		海证期货	6,285		5,311		
9		海通期货	4,673		-9,153		
10		永安期货	4,474		1,754		
11		银河期货	4,287		-542		
12		国投安信	3,923		-858		
13		一德期货	3,654		2,235		
14		国富期货	3,599		-3,159		
15		国泰君安	3,206		-4,730		
16		华安期货	3,109		308		
17		华西期货	3,065		410		
18		国元期货	2,820		-55		
19		宏源期货	2,719		1,191		
20		华融融达	2,422		126		
总计				173,072		-28,198		

名次		会员简称	持买单量	增减		
1		中信期货	3,938		-459		
2		永安期货	3,727		-2,477		
3		银河期货	3,187		-3,250		
4		一德期货	2,991		-1,269		
5		国投安信	2,607		-1,573		
6		北京首创	2,087		-348		
7		中粮期货	1,614		-983		
8		国泰君安	1,545		-107		
9		国盛期货	1,404		57		
10		华融融达	1,363		-1,194		
11		宝城期货	1,239		16		
12		广发期货	1,121		-506		
13		国富期货	934		-344		
14		东证期货	912		-229		
15		光大期货	869		-270		
16		兴业期货	858		3		
17		华泰期货	788		-670		
18		海通期货	625		-465		
19		方正中期	545		-176		
20		平安期货	536		-174		
总计				32,890		-14,418		

名次		会员简称	持卖单量	增减		
1		中粮期货	6,935		-8,853		
2		国投安信	4,610		-1,422		
3		中信期货	3,461		-2,313		
4		中天期货	2,069		-1,759		
5		方正中期	1,906		-197		
6		东证期货	1,423		-55		
7		宏源期货	1,281		799		
8		申银万国	1,058		-219		
9		弘业期货	1,054		-276		
10		国富期货	1,000		-511		
11		国贸期货	908		-161		
12		光大期货	868		-76		
13		长江期货	782		-58		
14		国泰君安	698		-415		
15		徽商期货	668		-336		
16		鲁证期货	639		-60		
17		广发期货	583		-122		
18		永安期货	558		-527		
19		华泰期货	537		-94		
20		中财期货	537		289		
总计				31,575		-16,366		



会员类别	总成交量	增减		
期货公司会员	173,072		-28,198		

会员类别	总持买单量	增减		
期货公司会员	32,890		-14,418		

会员类别	总持卖单量	增减		
期货公司会员	31,575		-16,366		

