								大连商品交易所 成交量_买持仓_卖持仓排名	

合约代码：eg2009		Date：2020-08-20	

			期货公司会员	

名次		会员简称	成交量		增减		
1		东证期货	15,124		-13,106		
2		国富期货	6,114		-3,920		
3		永安期货	3,002		-2,786		
4		中信期货	2,436		-2,672		
5		华泰期货	2,159		-4,933		
6		天风期货	2,038		-2,602		
7		东海期货	1,907		-2,793		
8		光大期货	1,778		391		
9		东吴期货	1,693		-146		
10		海通期货	1,555		-1,806		
11		创元期货	1,269		-235		
12		银河期货	951		-1,741		
13		中州期货	942		355		
14		建信期货	927		-2,210		
15		南华期货	903		-1,175		
16		恒泰期货	892		49		
17		宏源期货	753		105		
18		中财期货	710		196		
19		鲁证期货	617		211		
20		广州期货	516		-1,656		
总计				46,286		-40,474		

名次		会员简称	持买单量	增减		
1		国泰君安	2,216		-59		
2		华闻期货	2,055		-85		
3		中辉期货	1,932		-303		
4		永安期货	1,801		-554		
5		国贸期货	1,555		-18		
6		混沌天成	1,527		-1		
7		广发期货	1,458		-146		
8		福能期货	1,163		131		
9		中信期货	932		-155		
10		中财期货	931		-33		
11		方正中期	865		-46		
12		宝城期货	796		-2		
13		天风期货	794		-447		
14		东证期货	671		30		
15		华泰期货	664		-134		
16		一德期货	663		20		
17		大地期货	660		-244		
18		鲁证期货	525		-234		
19		南华期货	516		-75		
20		国投安信	513		-86		
总计				22,237		-2,441		

名次		会员简称	持卖单量	增减		
1		永安期货	3,319		-518		
2		上海中期	2,663		-212		
3		中银期货	2,244		-122		
4		中财期货	2,049		-391		
5		华泰期货	1,710		-589		
6		中信期货	1,466		33		
7		国元期货	1,141		-48		
8		浙商期货	1,100		154		
9		新湖期货	1,087		-67		
10		东吴期货	939		-54		
11		国海良时	862		-207		
12		南华期货	780		-74		
13		兴业期货	753		-140		
14		国泰君安	723		38		
15		国投安信	650		-56		
16		银河期货	628		56		
17		光大期货	588		33		
18		鲁证期货	526		37		
19		盛达期货	510		-10		
20		宏源期货	497		-412		
总计				24,235		-2,549		



会员类别	总成交量	增减		
期货公司会员	46,286		-40,474		

会员类别	总持买单量	增减		
期货公司会员	22,237		-2,441		

会员类别	总持卖单量	增减		
期货公司会员	24,235		-2,549		

