								大连商品交易所 成交量_买持仓_卖持仓排名	

合约代码：cs2011		Date：2020-08-20	

			期货公司会员	

名次		会员简称	成交量		增减		
1		国泰君安	11,006		3,982		
2		五矿经易	2,375		-1,008		
3		南华期货	1,881		1,630		
4		海通期货	1,724		1,436		
5		格林大华	1,550		532		
6		浙商期货	1,539		551		
7		中粮期货	1,537		1,272		
8		新湖期货	1,435		416		
9		东证期货	1,248		361		
10		中信期货	1,167		424		
11		鲁证期货	1,131		501		
12		招商期货	1,075		664		
13		光大期货	948		444		
14		国富期货	492		184		
15		银河期货	475		-119		
16		方正中期	386		230		
17		华闻期货	273		-369		
18		徽商期货	238		173		
19		宏源期货	192		186		
20		华安期货	137		67		
总计				30,809		11,557		

名次		会员简称	持买单量	增减		
1		中信期货	1,645		-27		
2		五矿经易	1,624		5		
3		鲁证期货	1,268		1		
4		南华期货	1,115		2		
5		格林大华	1,108		-162		
6		金瑞期货	1,050		0		
7		浙商期货	1,044		-24		
8		光大期货	1,007		4		
9		海通期货	1,005		2		
10		招商期货	907		-4		
11		中信建投	805		1		
12		中粮期货	526		-83		
13		东证期货	504		-83		
14		华泰期货	361		-19		
15		新湖期货	311		18		
16		国泰君安	139		-22		
17		银河期货	63		-126		
18		华安期货	51		-27		
19		宏源期货	40		26		
20		中州期货	32		-1		
总计				14,605		-519		

名次		会员简称	持卖单量	增减		
1		中信期货	2,030		6		
2		五矿经易	1,624		-480		
3		鲁证期货	1,267		-30		
4		格林大华	1,108		-162		
5		南华期货	1,106		5		
6		光大期货	1,015		4		
7		海通期货	1,009		6		
8		浙商期货	1,005		3		
9		招商期货	894		-5		
10		国富期货	832		-1		
11		中信建投	801		0		
12		东证期货	515		1		
13		中粮期货	505		-106		
14		金瑞期货	500		0		
15		新湖期货	310		-3		
16		国泰君安	102		-22		
17		银河期货	56		51		
18		中融汇信	30		0		
19		华泰期货	28		0		
20		中州期货	21		6		
总计				14,758		-727		



会员类别	总成交量	增减		
期货公司会员	30,809		11,557		

会员类别	总持买单量	增减		
期货公司会员	14,605		-519		

会员类别	总持卖单量	增减		
期货公司会员	14,758		-727		

