								大连商品交易所 成交量_买持仓_卖持仓排名	

合约代码：m2101		Date：2020-08-20	

			期货公司会员	

名次		会员简称	成交量		增减		
1		东证期货	266,333		-49,973		
2		国泰君安	159,096		1,740		
3		国富期货	60,721		-20,657		
4		中信期货	38,828		-4,580		
5		格林大华	37,411		-36,959		
6		海通期货	36,005		-28,491		
7		华泰期货	34,048		-8,067		
8		宏源期货	30,954		8,513		
9		国投安信	30,454		-9,358		
10		申银万国	29,887		10,786		
11		方正中期	29,342		8,447		
12		永安期货	29,234		2,646		
13		冠通期货	28,312		22,063		
14		华闻期货	25,144		7,941		
15		兴证期货	24,333		1,387		
16		东方财富	21,300		-100		
17		徽商期货	20,405		2,531		
18		光大期货	19,884		2,055		
19		中粮期货	19,596		-2,497		
20		一德期货	19,246		-115		
总计				960,533		-92,688		

名次		会员简称	持买单量	增减		
1		永安期货	122,819		-1,032		
2		中粮期货	73,525		-571		
3		中信期货	65,035		-901		
4		一德期货	46,282		48		
5		宏源期货	45,397		5,032		
6		国投安信	41,735		4,748		
7		国泰君安	38,999		4,906		
8		鲁证期货	33,887		260		
9		新湖期货	33,565		-3,019		
10		银河期货	32,748		-57		
11		华泰期货	31,719		1,561		
12		摩根大通	31,495		723		
13		方正中期	30,122		1,144		
14		申银万国	27,710		586		
15		东证期货	25,389		-1,267		
16		浙商期货	25,059		-2,216		
17		南华期货	24,736		-609		
18		海通期货	21,975		686		
19		瑞达期货	21,420		460		
20		海证期货	20,326		20		
总计				793,943		10,502		

名次		会员简称	持卖单量	增减		
1		中粮期货	200,276		3,549		
2		国投安信	196,051		5,172		
3		中信期货	110,146		-871		
4		银河期货	98,030		-1,213		
5		摩根大通	75,300		1,149		
6		国泰君安	64,187		-3,694		
7		一德期货	59,589		5,034		
8		新湖期货	48,552		326		
9		平安期货	44,159		265		
10		鲁证期货	43,828		1,111		
11		北京首创	31,869		-177		
12		海通期货	30,171		-10,395		
13		东证期货	27,573		-938		
14		广发期货	21,282		-568		
15		中天期货	20,671		-44		
16		格林大华	19,324		-573		
17		永安期货	19,301		510		
18		建信期货	18,775		369		
19		南华期货	17,674		2,202		
20		五矿经易	13,459		-46		
总计				1,160,217	1,168		



会员类别	总成交量	增减		
期货公司会员	960,533		-92,688		

会员类别	总持买单量	增减		
期货公司会员	793,943		10,502		

会员类别	总持卖单量	增减		
期货公司会员	1,160,217	1,168		

