								大连商品交易所 成交量_买持仓_卖持仓排名	

合约代码：c2107		Date：2020-09-25	

			期货公司会员	

名次		会员简称	成交量		增减		
1		国泰君安	22,487		-2,197		
2		光大期货	19,334		2,522		
3		国富期货	12,307		969		
4		华泰期货	11,392		-2,178		
5		中辉期货	10,180		1,039		
6		东证期货	2,921		-2,300		
7		五矿经易	2,092		-1,173		
8		银河期货	1,893		-32		
9		华闻期货	1,562		-665		
10		海通期货	1,482		-1,328		
11		鲁证期货	1,415		-212		
12		国海良时	1,300		-153		
13		申银万国	1,198		-216		
14		永安期货	828		-583		
15		宝城期货	799		-202		
16		西部期货	711		-221		
17		金瑞期货	588		70		
18		方正中期	522		-193		
19		兴业期货	506		16		
20		浙商期货	486		-483		
总计				94,003		-7,520		

名次		会员简称	持买单量	增减		
1		鲁证期货	20,061		417		
2		一德期货	13,658		0		
3		中州期货	7,002		0		
4		中信建投	6,781		-2		
5		宝城期货	3,901		0		
6		中辉期货	3,479		6		
7		东证期货	3,095		-37		
8		中信期货	3,020		3		
9		永安期货	2,922		0		
10		申银万国	2,798		-2		
11		东吴期货	1,945		-14		
12		海通期货	1,525		-327		
13		银河期货	1,224		-17		
14		浙商期货	1,054		-21		
15		混沌天成	1,000		0		
16		中大期货	813		0		
17		海证期货	793		0		
18		招金期货	600		0		
19		五矿经易	595		-10		
20		国海良时	580		0		
总计				76,846		-4		

名次		会员简称	持卖单量	增减		
1		光大期货	12,178		77		
2		中信期货	11,107		-4		
3		东证期货	8,940		68		
4		金瑞期货	8,095		-2		
5		鲁证期货	6,154		318		
6		国投安信	4,795		-3		
7		徽商期货	4,233		12		
8		宝城期货	3,893		-5		
9		北京首创	3,225		5		
10		申银万国	2,687		0		
11		永安期货	2,232		-2		
12		海通期货	1,693		-325		
13		海证期货	1,518		0		
14		兴证期货	1,100		0		
15		浙商期货	1,063		-23		
16		中大期货	1,038		0		
17		国海良时	689		0		
18		五矿经易	606		-10		
19		东海期货	502		100		
20		格林大华	447		1		
总计				76,195		207		



会员类别	总成交量	增减		
期货公司会员	94,003		-7,520		

会员类别	总持买单量	增减		
期货公司会员	76,846		-4		

会员类别	总持卖单量	增减		
期货公司会员	76,195		207		

