								大连商品交易所 成交量_买持仓_卖持仓排名	

合约代码：cs2105		Date：2020-09-25	

			期货公司会员	

名次		会员简称	成交量		增减		
1		中辉期货	1,817		-1,747		
2		华安期货	1,051		-966		
3		国泰君安	966		-17		
4		中信期货	621		-121		
5		南华期货	599		573		
6		安粮期货	551		362		
7		华闻期货	507		-209		
8		方正中期	434		83		
9		东吴期货	427		-206		
10		兴证期货	349		-341		
11		东证期货	345		-1,324		
12		徽商期货	341		-370		
13		一德期货	319		284		
14		华泰期货	316		-213		
15		中融汇信	300		297		
16		新湖期货	286		-484		
17		银河期货	252		12		
18		长江期货	238		-105		
19		中信建投	230		-976		
20		申银万国	212		-78		
总计				10,161		-5,546		

名次		会员简称	持买单量	增减		
1		鲁证期货	9,402		0		
2		一德期货	5,812		-318		
3		中州期货	2,001		0		
4		华安期货	1,830		483		
5		光大期货	1,258		99		
6		东航期货	1,004		-8		
7		倍特期货	612		10		
8		徽商期货	533		155		
9		永安期货	444		-6		
10		南华期货	389		-8		
11		宏源期货	208		1		
12		中信期货	205		0		
13		东兴期货	201		0		
14		华泰期货	165		-186		
15		兴证期货	150		31		
16		天风期货	135		-9		
17		安粮期货	130		15		
18		中辉期货	120		-1,260		
19		东吴期货	119		-13		
20		海通期货	112		-17		
总计				24,830		-1,031		

名次		会员简称	持卖单量	增减		
1		中粮期货	4,273		2		
2		弘业期货	3,423		0		
3		东证期货	2,458		-17		
4		宏源期货	1,602		-7		
5		永安期货	1,043		29		
6		中财期货	1,004		-40		
7		南华期货	869		-585		
8		中辉期货	776		-289		
9		国投安信	711		0		
10		中天期货	689		0		
11		银河期货	679		-108		
12		安粮期货	561		492		
13		新湖期货	479		-13		
14		倍特期货	447		0		
15		兴证期货	406		16		
16		中钢期货	350		1		
17		华安期货	340		-106		
18		国富期货	327		-29		
19		中信建投	298		38		
20		金石期货	260		-2		
总计				20,995		-618		



会员类别	总成交量	增减		
期货公司会员	10,161		-5,546		

会员类别	总持买单量	增减		
期货公司会员	24,830		-1,031		

会员类别	总持卖单量	增减		
期货公司会员	20,995		-618		

