								大连商品交易所 成交量_买持仓_卖持仓排名	

合约代码：m2101		Date：2020-09-25	

			期货公司会员	

名次		会员简称	成交量		增减		
1		东证期货	534,596		-352,998	
2		国泰君安	270,299		-195,263	
3		格林大华	153,571		11,555		
4		国富期货	108,403		-16,140		
5		中信期货	77,725		-53,645		
6		海通期货	54,613		-70,727		
7		永安期货	51,218		-45,293		
8		方正中期	44,457		-45,533		
9		华西期货	41,652		-37,035		
10		南华期货	37,159		3,189		
11		银河期货	35,253		-40,522		
12		国投安信	34,885		-48,888		
13		徽商期货	31,955		-26,548		
14		中粮期货	31,336		-38,176		
15		华泰期货	30,384		-45,647		
16		安粮期货	30,023		-22,710		
17		新湖期货	28,373		-33,573		
18		宏源期货	28,025		-33,008		
19		申银万国	27,320		-26,633		
20		冠通期货	26,277		10,236		
总计				1,677,524	-1,107,359	

名次		会员简称	持买单量	增减		
1		永安期货	96,427		-18,450		
2		五矿经易	90,521		551		
3		中粮期货	69,920		-9,614		
4		中信期货	61,188		1,206		
5		国投安信	60,090		569		
6		一德期货	52,061		318		
7		国泰君安	43,398		2,170		
8		海通期货	38,382		-480		
9		申银万国	37,928		-1,280		
10		摩根大通	37,297		1,091		
11		南华期货	30,709		1,251		
12		华泰期货	29,854		-185		
13		浙商期货	28,962		2,067		
14		瑞达期货	27,407		250		
15		银河期货	25,794		-2,724		
16		东证期货	24,471		1,921		
17		宏源期货	23,780		-3,144		
18		广发期货	22,175		694		
19		深圳金汇	21,208		-985		
20		国盛期货	19,402		169		
总计				840,974		-24,605		

名次		会员简称	持卖单量	增减		
1		中粮期货	193,026		-850		
2		国投安信	181,998		-3,668		
3		中信期货	93,780		-6,477		
4		国泰君安	76,850		-2,483		
5		摩根大通	75,018		498		
6		银河期货	69,905		-691		
7		一德期货	59,174		-2,503		
8		南华期货	46,459		-14,914		
9		鲁证期货	41,027		-390		
10		平安期货	37,819		-1,887		
11		新湖期货	35,506		-1,425		
12		东证期货	29,436		-3,991		
13		海通期货	28,635		609		
14		民生期货	27,502		-142		
15		浙商期货	26,583		-198		
16		建信期货	21,485		-264		
17		华泰期货	21,133		2,075		
18		美尔雅期货	19,177		699		
19		永安期货	18,539		-1,160		
20		广发期货	17,695		1,040		
总计				1,120,747	-36,122		



会员类别	总成交量	增减		
期货公司会员	1,677,524	-1,107,359	

会员类别	总持买单量	增减		
期货公司会员	840,974		-24,605		

会员类别	总持卖单量	增减		
期货公司会员	1,120,747	-36,122		

