								大连商品交易所 成交量_买持仓_卖持仓排名	

合约代码：a2101		Date：2020-09-25	

			期货公司会员	

名次		会员简称	成交量		增减		
1		华泰期货	45,601		-8,331		
2		海通期货	26,051		2,285		
3		申银万国	13,711		-414		
4		中信期货	13,507		-1,168		
5		东证期货	11,907		-3,383		
6		国富期货	11,582		-2,224		
7		光大期货	10,821		2,516		
8		方正中期	10,338		-2,636		
9		兴证期货	10,274		2,792		
10		国泰君安	8,961		-2,037		
11		中辉期货	5,381		-316		
12		徽商期货	5,318		135		
13		广发期货	5,025		1,094		
14		华安期货	5,011		-1,518		
15		南华期货	4,707		-605		
16		先锋期货	4,665		367		
17		中信建投	4,613		-252		
18		银河期货	4,424		-762		
19		国投安信	3,755		-182		
20		华融融达	3,636		967		
总计				209,288		-13,672		

名次		会员简称	持买单量	增减		
1		永安期货	13,625		-99		
2		中信期货	8,787		-288		
3		信达期货	5,469		-35		
4		兴证期货	4,496		479		
5		国泰君安	4,174		-131		
6		五矿经易	3,842		-29		
7		华泰期货	3,824		-862		
8		深圳金汇	3,350		431		
9		宏源期货	3,235		-185		
10		国投安信	3,146		25		
11		东证期货	2,969		-1,058		
12		中粮期货	2,902		-324		
13		国元期货	2,771		618		
14		申银万国	2,464		0		
15		大有期货	2,192		33		
16		国信期货	1,880		285		
17		国联期货	1,662		-38		
18		广发期货	1,616		-59		
19		方正中期	1,560		-159		
20		海通期货	1,558		200		
总计				75,522		-1,196		

名次		会员简称	持卖单量	增减		
1		银河期货	9,494		289		
2		一德期货	9,395		-423		
3		国投安信	8,042		-72		
4		鲁证期货	8,031		29		
5		华安期货	6,266		420		
6		永安期货	5,587		229		
7		广发期货	4,975		32		
8		南华期货	4,022		182		
9		天风期货	4,000		226		
10		中信期货	3,378		-97		
11		北京首创	3,327		49		
12		国泰君安	2,929		-1,468		
13		格林大华	2,187		-528		
14		光大期货	2,069		20		
15		东吴期货	2,020		-151		
16		新纪元期货	1,998		-39		
17		中粮期货	1,925		-54		
18		新湖期货	1,911		-501		
19		宏源期货	1,906		18		
20		中州期货	1,459		343		
总计				84,921		-1,496		



会员类别	总成交量	增减		
期货公司会员	209,288		-13,672		

会员类别	总持买单量	增减		
期货公司会员	75,522		-1,196		

会员类别	总持卖单量	增减		
期货公司会员	84,921		-1,496		

