								大连商品交易所 成交量_买持仓_卖持仓排名	

合约代码：jd2010		Date：2020-09-17	

			期货公司会员	

名次		会员简称	成交量		增减		
1		东证期货	37,027		2,291		
2		徽商期货	29,652		7,285		
3		国富期货	16,858		2,503		
4		华安期货	16,070		2,732		
5		国泰君安	15,945		6,688		
6		方正中期	12,655		3,897		
7		宏源期货	12,641		4,038		
8		申银万国	11,032		2,078		
9		中信期货	10,687		-630		
10		银河期货	9,936		-2,090		
11		东吴期货	9,004		1,799		
12		中信建投	8,572		-216		
13		东方财富	8,330		703		
14		中辉期货	8,051		-510		
15		光大期货	7,866		926		
16		海通期货	7,273		-1,010		
17		华泰期货	6,648		-149		
18		天风期货	6,429		5,111		
19		鲁证期货	6,318		981		
20		永安期货	6,009		1,001		
总计				247,003		37,428		

名次		会员简称	持买单量	增减		
1		徽商期货	7,093		-286		
2		国泰君安	5,903		-295		
3		方正中期	5,699		-358		
4		东方财富	5,150		-384		
5		华安期货	4,166		-588		
6		银河期货	4,116		-378		
7		鲁证期货	3,830		152		
8		中信建投	3,799		17		
9		中信期货	3,691		-658		
10		永安期货	3,639		-64		
11		光大期货	3,464		-393		
12		华泰期货	2,952		-280		
13		广发期货	2,947		-23		
14		新纪元期货	2,903		-260		
15		东证期货	2,806		-182		
16		平安期货	2,794		-69		
17		瑞达期货	2,786		79		
18		南华期货	2,565		-271		
19		申银万国	2,505		-475		
20		弘业期货	2,477		-195		
总计				75,285		-4,911		

名次		会员简称	持卖单量	增减		
1		徽商期货	9,981		-310		
2		方正中期	9,554		-1,183		
3		宏源期货	8,535		-1,133		
4		华安期货	6,437		-692		
5		美尔雅期货	5,105		458		
6		银河期货	3,912		-14		
7		中信建投	3,897		-313		
8		招金期货	3,753		353		
9		国泰君安	3,665		156		
10		永安期货	3,582		-665		
11		长江期货	3,570		-86		
12		英大期货	3,497		72		
13		格林大华	3,416		116		
14		先锋期货	3,191		-321		
15		瑞达期货	2,990		219		
16		安粮期货	2,955		-268		
17		光大期货	2,930		113		
18		华泰期货	2,825		-92		
19		中辉期货	2,653		25		
20		东证期货	2,222		-353		
总计				88,670		-3,918		



会员类别	总成交量	增减		
期货公司会员	247,003		37,428		

会员类别	总持买单量	增减		
期货公司会员	75,285		-4,911		

会员类别	总持卖单量	增减		
期货公司会员	88,670		-3,918		

