								大连商品交易所 成交量_买持仓_卖持仓排名	

合约代码：rr2012		Date：2020-09-17	

			期货公司会员	

名次		会员简称	成交量		增减		
1		东证期货	16,549		11,056		
2		海通期货	5,798		4,059		
3		国海良时	4,944		714		
4		五矿经易	3,005		1,440		
5		格林大华	2,780		1,958		
6		国泰君安	2,715		1,688		
7		中信建投	2,474		962		
8		中原期货	2,306		1,126		
9		中信期货	2,220		1,559		
10		光大期货	1,863		937		
11		上海东亚	1,846		218		
12		申银万国	1,796		433		
13		永安期货	1,795		886		
14		方正中期	1,746		888		
15		鲁证期货	1,646		1,395		
16		浙商期货	1,380		596		
17		金元期货	1,274		377		
18		徽商期货	1,200		834		
19		国投安信	1,168		694		
20		华安期货	684		-8		
总计				59,189		31,812		

名次		会员简称	持买单量	增减		
1		宏源期货	1,726		-8		
2		东证期货	1,456		11		
3		五矿经易	1,230		-15		
4		国泰君安	1,057		-17		
5		永安期货	984		-135		
6		安粮期货	846		-7		
7		江西瑞奇	649		-2		
8		浙商期货	584		10		
9		光大期货	557		-4		
10		海通期货	554		-5		
11		国海良时	513		-3		
12		瑞达期货	353		133		
13		申银万国	344		71		
14		中原期货	314		-6		
15		鲁证期货	304		232		
16		中信期货	301		117		
17		中信建投	273		24		
18		广发期货	257		64		
19		徽商期货	234		-83		
20		国信期货	218		55		
总计				12,754		432		

名次		会员简称	持卖单量	增减		
1		北京首创	1,741		0		
2		东证期货	1,416		-8		
3		国泰君安	1,250		286		
4		五矿经易	1,185		-30		
5		海通期货	981		137		
6		东海期货	757		0		
7		渤海期货	742		95		
8		中信期货	689		-1		
9		浙商期货	542		10		
10		永安期货	539		0		
11		光大期货	525		-5		
12		金元期货	497		188		
13		申银万国	457		65		
14		鲁证期货	425		-36		
15		国海良时	403		1		
16		中投期货	317		-23		
17		中原期货	300		-8		
18		东方财富	283		2		
19		华安期货	276		-40		
20		中信建投	248		30		
总计				13,573		663		



会员类别	总成交量	增减		
期货公司会员	59,189		31,812		

会员类别	总持买单量	增减		
期货公司会员	12,754		432		

会员类别	总持卖单量	增减		
期货公司会员	13,573		663		

