								大连商品交易所 成交量_买持仓_卖持仓排名	

合约代码：b2012		Date：2020-09-17	

			期货公司会员	

名次		会员简称	成交量		增减		
1		华泰期货	11,576		31		
2		海通期货	3,111		990		
3		渤海期货	2,656		735		
4		国投安信	2,362		341		
5		中原期货	1,860		473		
6		国海良时	1,829		295		
7		华闻期货	1,786		-313		
8		中天期货	1,664		532		
9		弘业期货	1,623		132		
10		申银万国	1,492		310		
11		方正中期	1,471		104		
12		五矿经易	1,406		-10		
13		光大期货	1,397		122		
14		南华期货	1,387		469		
15		大有期货	878		302		
16		国泰君安	864		32		
17		天风期货	791		-343		
18		东证期货	761		52		
19		国富期货	620		-1,364		
20		国元期货	488		91		
总计				40,022		2,981		

名次		会员简称	持买单量	增减		
1		海通期货	1,574		476		
2		国投安信	1,025		-19		
3		南华期货	1,006		-2		
4		方正中期	893		297		
5		光大期货	535		-58		
6		摩根大通	512		0		
7		国海良时	465		-19		
8		银河期货	440		0		
9		永安期货	430		39		
10		东方财富	391		86		
11		倍特期货	350		100		
12		华泰期货	318		11		
13		中信建投	301		-1		
14		五矿经易	283		0		
15		中原期货	210		-2		
16		渤海期货	190		-63		
17		国泰君安	180		80		
18		中信期货	161		21		
19		恒泰期货	151		38		
20		华闻期货	83		-186		
总计				9,498		798		

名次		会员简称	持卖单量	增减		
1		上海中期	1,862		0		
2		海通期货	1,516		465		
3		国投安信	1,015		-11		
4		南华期货	1,006		-1		
5		方正中期	805		304		
6		中信建投	583		-5		
7		新湖期货	548		2		
8		光大期货	521		-25		
9		国海良时	480		-40		
10		五矿经易	470		-6		
11		华泰期货	297		39		
12		中原期货	210		-2		
13		渤海期货	197		-5		
14		东方财富	154		28		
15		宏源期货	108		-58		
16		徽商期货	80		-48		
17		东航期货	47		5		
18		银河期货	42		-23		
19		永安期货	41		0		
20		申银万国	30		-4		
总计				10,012		615		



会员类别	总成交量	增减		
期货公司会员	40,022		2,981		

会员类别	总持买单量	增减		
期货公司会员	9,498		798		

会员类别	总持卖单量	增减		
期货公司会员	10,012		615		

