								大连商品交易所 成交量_买持仓_卖持仓排名	

合约代码：jd2101		Date：2020-09-17	

			期货公司会员	

名次		会员简称	成交量		增减		
1		东证期货	12,622		1,831		
2		徽商期货	5,795		-180		
3		福能期货	5,070		4,378		
4		华安期货	4,711		590		
5		申银万国	4,421		-108		
6		南华期货	3,559		1,349		
7		光大期货	3,305		540		
8		中信期货	3,029		587		
9		方正中期	2,955		-371		
10		中信建投	2,932		687		
11		永安期货	2,911		-357		
12		国泰君安	2,871		704		
13		宏源期货	2,858		-1,372		
14		国富期货	2,510		957		
15		银河期货	2,163		1,244		
16		创元期货	2,022		571		
17		国海良时	1,991		532		
18		广发期货	1,884		-143		
19		美尔雅期货	1,872		-160		
20		中辉期货	1,862		527		
总计				71,343		11,806		

名次		会员简称	持买单量	增减		
1		永安期货	3,569		462		
2		海通期货	3,187		-60		
3		方正中期	2,238		45		
4		中信建投	2,204		338		
5		中辉期货	2,127		42		
6		徽商期货	2,124		362		
7		国泰君安	2,040		22		
8		中信期货	2,015		-139		
9		广发期货	1,652		584		
10		宏源期货	1,624		157		
11		光大期货	1,620		98		
12		南华期货	1,559		1,054		
13		新湖期货	1,466		5		
14		华安期货	1,442		-52		
15		东航期货	1,386		31		
16		银河期货	1,288		-93		
17		汇鑫期货	1,254		9		
18		申银万国	1,194		-11		
19		弘业期货	1,095		247		
20		东证期货	1,083		-53		
总计				36,167		3,048		

名次		会员简称	持卖单量	增减		
1		宏源期货	5,237		135		
2		华安期货	3,389		-247		
3		徽商期货	3,150		-119		
4		永安期货	3,128		169		
5		广州金控	2,739		-20		
6		中信建投	2,413		-196		
7		方正中期	2,040		-488		
8		华泰期货	1,966		609		
9		中辉期货	1,744		68		
10		先锋期货	1,718		-75		
11		美尔雅期货	1,559		605		
12		招金期货	1,558		51		
13		英大期货	1,428		172		
14		东航期货	1,417		-68		
15		东证期货	1,357		303		
16		申银万国	1,313		-470		
17		北京首创	1,243		22		
18		南华期货	1,209		-585		
19		鲁证期货	1,150		136		
20		国海良时	1,132		-301		
总计				40,890		-299		



会员类别	总成交量	增减		
期货公司会员	71,343		11,806		

会员类别	总持买单量	增减		
期货公司会员	36,167		3,048		

会员类别	总持卖单量	增减		
期货公司会员	40,890		-299		

