								大连商品交易所 成交量_买持仓_卖持仓排名	

合约代码：y2101		Date：2020-09-17	

			期货公司会员	

名次		会员简称	成交量		增减		
1		东证期货	283,888		70,826		
2		国泰君安	145,005		12,489		
3		国富期货	131,516		32,505		
4		中信期货	103,955		27,904		
5		光大期货	91,982		23,138		
6		兴证期货	73,868		8,635		
7		申银万国	72,672		13,901		
8		华闻期货	66,689		28,519		
9		海通期货	45,291		8,527		
10		银河期货	43,598		21,879		
11		徽商期货	41,900		20,464		
12		华泰期货	40,675		9,722		
13		永安期货	37,406		21,349		
14		方正中期	30,905		11,537		
15		华安期货	29,514		10,093		
16		宏源期货	26,543		11,370		
17		东吴期货	26,509		14,342		
18		中辉期货	25,359		13,915		
19		广发期货	22,368		11,866		
20		中财期货	19,838		6,827		
总计				1,359,481	379,808		

名次		会员简称	持买单量	增减		
1		永安期货	52,090		3,294		
2		国泰君安	38,454		134		
3		广发期货	30,622		958		
4		银河期货	29,033		62		
5		一德期货	28,716		-3,967		
6		中粮期货	27,310		-999		
7		五矿经易	26,624		-1,514		
8		浙商期货	22,284		-656		
9		中信期货	20,859		1,961		
10		华泰期货	17,281		-2,663		
11		大越期货	17,047		49		
12		海通期货	16,896		3,953		
13		东证期货	16,597		2,199		
14		国投安信	14,621		-433		
15		申银万国	14,331		-1,897		
16		天风期货	14,266		361		
17		大地期货	14,123		105		
18		方正中期	10,269		164		
19		美尔雅期货	9,814		-79		
20		光大期货	9,488		-2,541		
总计				430,725		-1,509		

名次		会员简称	持卖单量	增减		
1		中粮期货	118,452		-2,421		
2		国投安信	75,626		2,088		
3		中信期货	36,730		2,622		
4		信达期货	32,198		280		
5		国泰君安	27,881		1,579		
6		银河期货	27,203		-2,558		
7		摩根大通	26,515		1,812		
8		一德期货	22,950		595		
9		永安期货	19,966		-1,014		
10		广发期货	16,811		-1,536		
11		南华期货	16,051		-912		
12		海通期货	14,730		1,862		
13		上海中期	11,144		-990		
14		新湖期货	10,710		1,381		
15		浙商期货	10,213		225		
16		鲁证期货	9,428		1,067		
17		华泰期货	9,263		204		
18		五矿经易	8,211		166		
19		东证期货	7,720		-1,543		
20		中大期货	6,556		-1,168		
总计				508,358		1,739		



会员类别	总成交量	增减		
期货公司会员	1,359,481	379,808		

会员类别	总持买单量	增减		
期货公司会员	430,725		-1,509		

会员类别	总持卖单量	增减		
期货公司会员	508,358		1,739		

