								大连商品交易所 成交量_买持仓_卖持仓排名	

合约代码：m2109		Date：2020-09-17	

			期货公司会员	

名次		会员简称	成交量		增减		
1		宏源期货	2,884		2,023		
2		迈科期货	1,974		1,781		
3		国元期货	1,961		1,136		
4		美尔雅期货	1,366		123		
5		中原期货	1,102		916		
6		华鑫期货	1,089		1,051		
7		中信期货	1,004		788		
8		中国国际	942		219		
9		申银万国	814		528		
10		华泰期货	800		687		
11		国泰君安	783		352		
12		海通期货	765		721		
13		徽商期货	747		96		
14		海证期货	732		464		
15		华安期货	709		-182		
16		浙商期货	683		329		
17		光大期货	668		-86		
18		永安期货	667		531		
19		华融融达	571		420		
20		新湖期货	556		219		
总计				20,817		12,116		

名次		会员简称	持买单量	增减		
1		格林大华	4,286		310		
2		长江期货	2,986		107		
3		美尔雅期货	2,303		97		
4		华金期货	1,796		221		
5		国富期货	1,632		0		
6		中财期货	1,024		-79		
7		中辉期货	1,010		151		
8		华闻期货	1,001		501		
9		金元期货	968		8		
10		中粮期货	897		284		
11		金石期货	863		-6		
12		华泰期货	855		651		
13		国海良时	834		54		
14		永安期货	717		296		
15		民生期货	629		18		
16		新湖期货	610		162		
17		申银万国	597		350		
18		瑞达期货	563		235		
19		海通期货	553		463		
20		宏源期货	544		242		
总计				24,668		4,065		

名次		会员简称	持卖单量	增减		
1		摩根大通	11,345		0		
2		银河期货	5,196		158		
3		北京首创	2,500		-14		
4		宏源期货	2,407		1,510		
5		新湖期货	2,400		0		
6		一德期货	2,330		27		
7		国元期货	2,314		1,546		
8		海证期货	1,379		594		
9		国泰君安	1,300		359		
10		五矿经易	930		29		
11		东证期货	602		2		
12		中信期货	485		405		
13		中天期货	410		0		
14		中粮期货	325		2		
15		华安期货	318		6		
16		渤海期货	300		300		
17		中国国际	221		0		
18		平安期货	213		-1		
19		浙商期货	210		-94		
20		国海良时	123		42		
总计				35,308		4,871		



会员类别	总成交量	增减		
期货公司会员	20,817		12,116		

会员类别	总持买单量	增减		
期货公司会员	24,668		4,065		

会员类别	总持卖单量	增减		
期货公司会员	35,308		4,871		

