								大连商品交易所 成交量_买持仓_卖持仓排名	

合约代码：b2011		Date：2020-09-17	

			期货公司会员	

名次		会员简称	成交量		增减		
1		华泰期货	37,600		6,968		
2		国泰君安	10,130		2,949		
3		国富期货	9,527		1,198		
4		中信期货	7,530		1,985		
5		海通期货	6,305		1,149		
6		方正中期	5,211		711		
7		光大期货	5,090		-172		
8		东证期货	4,743		-6		
9		东方财富	4,277		1,010		
10		国投安信	3,741		727		
11		中天期货	3,708		938		
12		国元期货	3,204		40		
13		徽商期货	3,163		444		
14		宏源期货	3,033		1,079		
15		渤海期货	2,983		-825		
16		南华期货	2,515		-544		
17		五矿经易	2,227		706		
18		国海良时	2,111		290		
19		申银万国	2,101		0		
20		华闻期货	2,049		-98		
总计				121,248		18,549		

名次		会员简称	持买单量	增减		
1		国泰君安	2,144		744		
2		国投安信	1,765		97		
3		中信期货	1,705		269		
4		光大期货	1,477		-12		
5		华泰期货	1,466		-137		
6		申银万国	1,288		23		
7		东方财富	1,267		51		
8		宏源期货	1,075		17		
9		五矿经易	971		-4		
10		永安期货	895		28		
11		中原期货	839		-4		
12		渤海期货	797		172		
13		方正中期	793		-406		
14		平安期货	759		36		
15		海通期货	700		131		
16		东证期货	591		166		
17		中信建投	587		-22		
18		徽商期货	570		104		
19		弘业期货	562		20		
20		国海良时	540		-17		
总计				20,791		1,256		

名次		会员简称	持卖单量	增减		
1		上海中期	2,695		40		
2		东证期货	2,015		-123		
3		国投安信	1,556		-6		
4		南华期货	1,555		655		
5		五矿经易	1,534		195		
6		光大期货	1,180		34		
7		海通期货	1,162		466		
8		北京首创	1,031		18		
9		美尔雅期货	929		75		
10		中州期货	925		107		
11		先融期货	855		16		
12		先锋期货	807		9		
13		中原期货	805		-8		
14		新湖期货	705		62		
15		渤海期货	697		-45		
16		宏源期货	635		-260		
17		方正中期	623		-409		
18		国海良时	563		-4		
19		申银万国	549		-44		
20		华泰期货	538		-17		
总计				21,359		761		



会员类别	总成交量	增减		
期货公司会员	121,248		18,549		

会员类别	总持买单量	增减		
期货公司会员	20,791		1,256		

会员类别	总持卖单量	增减		
期货公司会员	21,359		761		

