								大连商品交易所 成交量_买持仓_卖持仓排名	

合约代码：m2103		Date：2020-09-17	

			期货公司会员	

名次		会员简称	成交量		增减		
1		锦泰期货	4,621		654		
2		方正中期	3,911		1,078		
3		海通期货	3,413		-87		
4		申银万国	3,040		628		
5		华闻期货	2,534		258		
6		格林大华	2,326		892		
7		浙商期货	1,977		508		
8		中粮期货	1,961		225		
9		鲁证期货	1,897		49		
10		南华期货	1,869		59		
11		弘业期货	1,640		198		
12		招商期货	1,438		76		
13		宏源期货	1,296		382		
14		国海良时	1,206		37		
15		国投安信	1,072		307		
16		新湖期货	912		190		
17		五矿经易	641		37		
18		美尔雅期货	513		-578		
19		天风期货	484		-195		
20		国联期货	424		48		
总计				37,175		4,766		

名次		会员简称	持买单量	增减		
1		安粮期货	1,889		0		
2		海通期货	1,174		5		
3		南华期货	1,163		-45		
4		美尔雅期货	1,051		3		
5		国投安信	1,024		26		
6		鲁证期货	837		10		
7		浙商期货	774		10		
8		上海中期	728		0		
9		国元期货	716		-111		
10		鑫鼎盛期货	673		20		
11		五矿经易	621		-5		
12		中信期货	586		31		
13		广发期货	530		-8		
14		招商期货	504		-24		
15		福能期货	446		-107		
16		宏源期货	387		-18		
17		瑞达期货	376		-1		
18		国泰君安	373		8		
19		银河期货	353		-3		
20		国海良时	335		0		
总计				14,540		-209		

名次		会员简称	持卖单量	增减		
1		国泰君安	4,009		1		
2		中粮期货	2,173		0		
3		国投安信	1,863		40		
4		摩根大通	1,700		0		
5		方正中期	1,647		126		
6		海通期货	1,135		-2		
7		南华期货	1,007		0		
8		浙商期货	712		3		
9		鲁证期货	640		5		
10		东吴期货	600		-13		
11		五矿经易	566		0		
12		广发期货	528		0		
13		招商期货	480		10		
14		国金期货	450		0		
15		一德期货	412		0		
16		弘业期货	335		3		
17		国海良时	331		-8		
18		中衍期货	300		0		
19		格林大华	213		0		
20		盛达期货	202		0		
总计				19,303		165		



会员类别	总成交量	增减		
期货公司会员	37,175		4,766		

会员类别	总持买单量	增减		
期货公司会员	14,540		-209		

会员类别	总持卖单量	增减		
期货公司会员	19,303		165		

