								大连商品交易所 成交量_买持仓_卖持仓排名	

合约代码：cs2011		Date：2020-09-17	

			期货公司会员	

名次		会员简称	成交量		增减		
1		华泰期货	18,865		-2,807		
2		新湖期货	3,167		-94		
3		鲁证期货	2,668		-612		
4		国泰君安	2,567		240		
5		海通期货	2,484		-439		
6		光大期货	2,364		-875		
7		中信期货	2,223		-862		
8		中粮期货	2,130		-86		
9		南华期货	2,084		-78		
10		东证期货	2,041		-139		
11		格林大华	2,014		639		
12		中信建投	1,868		153		
13		浙商期货	1,843		263		
14		国富期货	1,833		484		
15		招商期货	1,157		-171		
16		方正中期	1,145		-779		
17		金瑞期货	1,054		-467		
18		五矿经易	1,011		-1,542		
19		银河期货	752		108		
20		国投安信	710		218		
总计				53,980		-6,846		

名次		会员简称	持买单量	增减		
1		五矿经易	2,145		0		
2		中信期货	1,617		-264		
3		鲁证期货	1,586		121		
4		永安期货	1,494		2		
5		南华期货	1,464		15		
6		华泰期货	1,298		145		
7		光大期货	1,063		51		
8		招商期货	1,040		-16		
9		国泰君安	929		-20		
10		海通期货	813		8		
11		格林大华	605		4		
12		中粮期货	505		5		
13		广州期货	425		159		
14		上海大陆	379		379		
15		金瑞期货	375		190		
16		银河期货	356		-349		
17		新湖期货	311		-6		
18		东证期货	299		5		
19		华安期货	280		-27		
20		宏源期货	222		109		
总计				17,206		511		

名次		会员简称	持卖单量	增减		
1		中信期货	2,564		-3		
2		五矿经易	2,369		25		
3		国泰君安	1,852		-1		
4		鲁证期货	1,404		7		
5		金瑞期货	1,370		-16		
6		中粮期货	1,305		5		
7		南华期货	1,101		1		
8		光大期货	1,033		15		
9		招商期货	1,004		-1		
10		海通期货	804		4		
11		华泰期货	792		122		
12		格林大华	605		4		
13		华安期货	439		7		
14		广州期货	357		-2		
15		东证期货	352		0		
16		国富期货	337		-1		
17		新湖期货	314		-1		
18		东吴期货	201		1		
19		银河期货	121		5		
20		华闻期货	114		41		
总计				18,438		212		



会员类别	总成交量	增减		
期货公司会员	53,980		-6,846		

会员类别	总持买单量	增减		
期货公司会员	17,206		511		

会员类别	总持卖单量	增减		
期货公司会员	18,438		212		

