								大连商品交易所 成交量_买持仓_卖持仓排名	

合约代码：c2107		Date：2020-09-17	

			期货公司会员	

名次		会员简称	成交量		增减		
1		国泰君安	20,405		-3,655		
2		光大期货	14,491		414		
3		国富期货	11,901		252		
4		华泰期货	6,697		1,456		
5		中辉期货	4,828		-2,958		
6		东证期货	4,551		473		
7		银河期货	3,860		1,856		
8		中粮期货	3,010		209		
9		中大期货	2,967		70		
10		华闻期货	2,806		476		
11		西部期货	2,694		147		
12		浙商期货	2,539		182		
13		中信期货	2,442		1,609		
14		格林大华	2,145		-378		
15		鲁证期货	1,998		-144		
16		海通期货	1,812		961		
17		宝城期货	1,674		57		
18		永安期货	1,467		1,111		
19		五矿经易	1,428		-562		
20		申银万国	1,418		-111		
总计				95,133		1,465		

名次		会员简称	持买单量	增减		
1		鲁证期货	19,644		1		
2		一德期货	13,301		-11		
3		中州期货	6,502		0		
4		中信建投	6,271		-32		
5		宝城期货	4,242		4		
6		中辉期货	3,247		20		
7		海通期货	3,132		0		
8		中信期货	3,027		-6		
9		东证期货	2,612		-83		
10		永安期货	2,344		28		
11		东吴期货	1,925		0		
12		银河期货	1,461		-4		
13		浙商期货	1,027		10		
14		中大期货	929		2		
15		国海良时	785		10		
16		海证期货	752		0		
17		格林大华	601		0		
18		五矿经易	587		-47		
19		招金期货	560		220		
20		申银万国	543		88		
总计				73,492		200		

名次		会员简称	持卖单量	增减		
1		光大期货	12,214		-11		
2		中信期货	11,150		1,692		
3		东证期货	8,464		-70		
4		金瑞期货	8,033		2		
5		鲁证期货	5,854		5		
6		徽商期货	4,187		-89		
7		宝城期货	4,164		-82		
8		北京首创	3,879		-415		
9		海通期货	3,320		0		
10		国投安信	2,516		1,015		
11		永安期货	2,215		11		
12		海证期货	1,917		1		
13		中大期货	1,739		-5		
14		兴证期货	1,501		1		
15		浙商期货	1,090		13		
16		国海良时	835		17		
17		格林大华	622		1		
18		五矿经易	601		-45		
19		中粮期货	464		14		
20		申银万国	426		96		
总计				75,191		2,151		



会员类别	总成交量	增减		
期货公司会员	95,133		1,465		

会员类别	总持买单量	增减		
期货公司会员	73,492		200		

会员类别	总持卖单量	增减		
期货公司会员	75,191		2,151		

