								大连商品交易所 成交量_买持仓_卖持仓排名	

合约代码：l2009		Date：2020-08-04	

			期货公司会员	

名次		会员简称	成交量		增减		
1		东证期货	127,094		-12,723		
2		国泰君安	27,400		-467		
3		国富期货	26,178		4,498		
4		兴证期货	20,732		2,865		
5		新湖期货	20,370		2,784		
6		华融融达	17,552		8,562		
7		华泰期货	14,607		1,787		
8		浙商期货	13,806		3,046		
9		海通期货	12,961		3,296		
10		中信期货	12,887		1,721		
11		银河期货	9,461		-714		
12		永安期货	9,417		2,003		
13		方正中期	8,573		3,250		
14		冠通期货	8,311		5,911		
15		申银万国	7,986		3,125		
16		徽商期货	7,416		3,340		
17		光大期货	5,666		1,023		
18		鲁证期货	5,424		687		
19		东方财富	4,534		227		
20		南华期货	4,432		1,316		
总计				364,807		35,537		

名次		会员简称	持买单量	增减		
1		永安期货	49,369		-3,117		
2		银河期货	16,068		2,905		
3		华泰期货	14,034		4,342		
4		东证期货	11,743		-4,714		
5		国泰君安	7,308		1,166		
6		海通期货	6,377		1,775		
7		中粮期货	5,894		306		
8		信达期货	5,741		-182		
9		兴证期货	5,113		1,853		
10		弘业期货	4,545		-2,118		
11		中信期货	4,346		-709		
12		方正中期	4,333		-475		
13		国投安信	3,755		222		
14		浙商期货	3,375		-1,204		
15		北京首创	3,207		303		
16		申银万国	3,053		-1,413		
17		华安期货	2,805		-840		
18		东海期货	2,690		83		
19		广发期货	2,531		-305		
20		新湖期货	2,495		380		
总计				158,782		-1,742		

名次		会员简称	持卖单量	增减		
1		国投安信	21,647		204		
2		中信期货	20,066		1,154		
3		华泰期货	16,627		374		
4		永安期货	13,467		228		
5		银河期货	13,128		-57		
6		建信期货	7,432		158		
7		光大期货	7,167		176		
8		方正中期	6,987		194		
9		东证期货	6,934		-747		
10		国海良时	6,157		467		
11		上海中期	5,525		51		
12		浙商期货	5,282		-301		
13		一德期货	4,500		111		
14		中大期货	4,362		266		
15		国贸期货	4,122		-1,527		
16		中粮期货	4,095		100		
17		中银期货	3,726		-198		
18		兴业期货	3,517		-220		
19		瑞达期货	3,484		-268		
20		南华期货	3,404		-162		
总计				161,629		3		



会员类别	总成交量	增减		
期货公司会员	364,807		35,537		

会员类别	总持买单量	增减		
期货公司会员	158,782		-1,742		

会员类别	总持卖单量	增减		
期货公司会员	161,629		3		

