								大连商品交易所 成交量_买持仓_卖持仓排名	

合约代码：eg2009		Date：2020-08-04	

			期货公司会员	

名次		会员简称	成交量		增减		
1		东证期货	84,057		-4,112		
2		国泰君安	29,511		4,418		
3		国富期货	28,752		-2,650		
4		华泰期货	26,169		9,580		
5		中信期货	22,068		158		
6		徽商期货	17,782		9,006		
7		方正中期	17,253		7,163		
8		华安期货	11,431		2,108		
9		浙商期货	11,358		1,489		
10		海通期货	10,833		2,182		
11		永安期货	9,533		-1,039		
12		银河期货	9,340		2,550		
13		天风期货	7,648		3,388		
14		东海期货	7,349		3,283		
15		兴证期货	7,033		1,514		
16		申银万国	6,952		1,075		
17		华闻期货	6,883		1,899		
18		东吴期货	6,568		1,792		
19		中信建投	6,541		3,234		
20		南华期货	6,308		1,064		
总计				333,369		48,102		

名次		会员简称	持买单量	增减		
1		信达期货	10,074		-173		
2		国泰君安	7,224		1,673		
3		华泰期货	5,747		2,124		
4		永安期货	5,326		-163		
5		兴证期货	5,246		871		
6		华闻期货	5,145		18		
7		海通期货	5,001		1,078		
8		方正中期	4,716		-290		
9		东证期货	4,587		-70		
10		中信期货	4,413		134		
11		银河期货	4,196		34		
12		浙商期货	3,693		561		
13		广发期货	3,597		-229		
14		东海期货	3,520		49		
15		中信建投	3,304		-360		
16		建信期货	3,144		134		
17		国投安信	3,131		115		
18		申银万国	3,028		430		
19		中辉期货	2,943		149		
20		宏源期货	2,869		-13		
总计				90,904		6,072		

名次		会员简称	持卖单量	增减		
1		永安期货	16,994		544		
2		华泰期货	9,778		-113		
3		中信期货	7,193		360		
4		东海期货	5,473		504		
5		东证期货	5,347		955		
6		浙商期货	5,295		785		
7		宝城期货	4,813		531		
8		国贸期货	4,272		-1,003		
9		建信期货	3,904		104		
10		天风期货	3,753		693		
11		国泰君安	3,749		-780		
12		南华期货	3,726		170		
13		国投安信	3,576		256		
14		银河期货	3,526		144		
15		中财期货	3,520		712		
16		东吴期货	3,434		273		
17		五矿经易	3,305		38		
18		中银期货	3,146		-279		
19		上海中期	3,121		-101		
20		新湖期货	2,948		561		
总计				100,873		4,354		



会员类别	总成交量	增减		
期货公司会员	333,369		48,102		

会员类别	总持买单量	增减		
期货公司会员	90,904		6,072		

会员类别	总持卖单量	增减		
期货公司会员	100,873		4,354		

