								大连商品交易所 成交量_买持仓_卖持仓排名	

合约代码：b2009		Date：2020-08-04	

			期货公司会员	

名次		会员简称	成交量		增减		
1		华泰期货	12,456		-5,010		
2		国泰君安	5,095		-412		
3		国富期货	3,971		-1,360		
4		方正中期	3,662		761		
5		光大期货	2,971		-1,015		
6		东证期货	2,713		-1,581		
7		中辉期货	2,485		1,703		
8		中信期货	2,139		-1,144		
9		徽商期货	1,879		-566		
10		中信建投	1,576		-63		
11		海通期货	1,570		-4,116		
12		财信期货	1,515		982		
13		新纪元期货	1,415		967		
14		华安期货	1,281		-479		
15		东方财富	1,276		-748		
16		宏源期货	1,012		-416		
17		兴证期货	981		-794		
18		广发期货	965		69		
19		银河期货	902		-1,386		
20		平安期货	873		334		
总计				50,737		-14,274		

名次		会员简称	持买单量	增减		
1		国投安信	1,571		-73		
2		中辉期货	1,520		1,433		
3		财信期货	1,242		1,149		
4		银河期货	1,102		1		
5		五矿经易	1,070		19		
6		新纪元期货	697		565		
7		南华期货	564		60		
8		永安期货	560		-29		
9		徽商期货	502		-13		
10		华泰期货	486		11		
11		方正中期	485		-1,062		
12		国泰君安	464		-84		
13		兴证期货	462		-220		
14		东方财富	405		52		
15		西南期货	374		-28		
16		宏源期货	368		43		
17		中大期货	352		15		
18		中信期货	324		-47		
19		光大期货	318		30		
20		海通期货	276		-79		
总计				13,142		1,743		

名次		会员简称	持卖单量	增减		
1		新湖期货	2,422		0		
2		五矿经易	1,867		200		
3		上海中期	1,513		-3		
4		国投安信	1,215		-6		
5		摩根大通	1,200		0		
6		中天期货	860		147		
7		北京首创	763		-33		
8		东证期货	652		162		
9		广发期货	552		294		
10		中信期货	507		88		
11		中信建投	472		302		
12		银河期货	459		231		
13		国泰君安	449		163		
14		一德期货	439		-3		
15		宏源期货	437		65		
16		先锋期货	423		220		
17		海通期货	419		-115		
18		平安期货	320		248		
19		申银万国	300		3		
20		先融期货	287		-3		
总计				15,556		1,960		



会员类别	总成交量	增减		
期货公司会员	50,737		-14,274		

会员类别	总持买单量	增减		
期货公司会员	13,142		1,743		

会员类别	总持卖单量	增减		
期货公司会员	15,556		1,960		

