								大连商品交易所 成交量_买持仓_卖持仓排名	

合约代码：jm2101		Date：2020-09-10	

			期货公司会员	

名次		会员简称	成交量		增减		
1		东证期货	29,204		211		
2		光大期货	11,123		1,750		
3		国富期货	9,387		364		
4		海通期货	8,381		2,739		
5		国泰君安	7,001		-2,761		
6		中信期货	6,493		1,644		
7		永安期货	5,422		-992		
8		申银万国	5,389		-347		
9		迈科期货	4,378		-2,267		
10		中辉期货	4,078		-3,143		
11		华泰期货	3,802		-22		
12		一德期货	3,467		1,537		
13		兴证期货	2,851		-132		
14		方正中期	2,711		521		
15		银河期货	2,605		-993		
16		新纪元期货	1,771		-1,764		
17		平安期货	1,725		428		
18		徽商期货	1,571		-266		
19		国贸期货	1,350		-826		
20		广发期货	1,347		-341		
总计				114,056		-4,660		

名次		会员简称	持买单量	增减		
1		中信期货	13,493		-53		
2		东证期货	11,024		2,871		
3		光大期货	5,387		2,454		
4		国泰君安	4,425		-193		
5		永安期货	3,286		-408		
6		华泰期货	3,119		-558		
7		兴证期货	3,062		-350		
8		申银万国	2,627		1,224		
9		摩根大通	2,559		6		
10		中辉期货	2,514		-75		
11		国富期货	2,246		-460		
12		迈科期货	2,211		-236		
13		海通期货	2,192		-572		
14		宏源期货	1,578		-153		
15		银河期货	1,498		-141		
16		国投安信	1,450		271		
17		中信建投	1,439		-89		
18		建信期货	1,396		160		
19		国联期货	1,234		722		
20		瑞达期货	1,204		140		
总计				67,944		4,560		

名次		会员简称	持卖单量	增减		
1		永安期货	9,148		-1,732		
2		东证期货	8,271		355		
3		一德期货	6,902		1,836		
4		银河期货	6,833		292		
5		申银万国	5,968		737		
6		光大期货	4,942		2,287		
7		中信期货	4,733		198		
8		平安期货	3,184		304		
9		国富期货	2,420		-213		
10		中辉期货	2,351		-187		
11		国泰君安	2,340		-704		
12		冠通期货	2,094		-124		
13		中粮期货	1,844		-371		
14		中信建投	1,715		212		
15		浙商期货	1,626		-122		
16		方正中期	1,592		574		
17		海通期货	1,521		211		
18		建信期货	1,341		-3		
19		迈科期货	1,323		-516		
20		华泰期货	1,177		-218		
总计				71,325		2,816		



会员类别	总成交量	增减		
期货公司会员	114,056		-4,660		

会员类别	总持买单量	增减		
期货公司会员	67,944		4,560		

会员类别	总持卖单量	增减		
期货公司会员	71,325		2,816		

