								大连商品交易所 成交量_买持仓_卖持仓排名	

合约代码：m2105		Date：2020-09-10	

			期货公司会员	

名次		会员简称	成交量		增减		
1		东证期货	120,339		14,011		
2		光大期货	29,088		8,651		
3		中信期货	23,110		10,532		
4		永安期货	21,105		7,197		
5		华泰期货	17,362		4,917		
6		国盛期货	16,350		-112		
7		兴证期货	15,187		836		
8		国富期货	15,110		3,170		
9		国泰君安	14,266		5,711		
10		海通期货	12,042		-2,483		
11		银河期货	10,146		-1,021		
12		国投安信	8,929		3,881		
13		摩根大通	8,212		4,323		
14		美尔雅期货	7,741		1,950		
15		方正中期	7,544		1,884		
16		金瑞期货	6,627		75		
17		长江期货	6,376		-627		
18		格林大华	6,309		-5,810		
19		广发期货	5,859		947		
20		安粮期货	5,745		3,322		
总计				357,447		61,354		

名次		会员简称	持买单量	增减		
1		中粮期货	54,381		375		
2		永安期货	37,486		3,773		
3		中信建投	28,611		-256		
4		摩根大通	28,507		-734		
5		宏源期货	28,194		530		
6		申银万国	26,035		-381		
7		兴证期货	23,016		880		
8		方正中期	22,508		569		
9		一德期货	21,449		-21		
10		海通期货	20,259		-1,161		
11		国泰君安	19,596		1,282		
12		国富期货	19,297		-1,213		
13		国投安信	17,594		-1,522		
14		东证期货	16,578		-974		
15		银河期货	16,265		384		
16		东吴期货	14,227		-142		
17		华泰期货	14,122		318		
18		广州金控	13,335		-427		
19		南华期货	12,755		2,675		
20		浙商期货	11,737		1,673		
总计				445,952		5,628		

名次		会员简称	持卖单量	增减		
1		中粮期货	244,794		-227		
2		国投安信	104,126		25		
3		银河期货	52,687		992		
4		摩根大通	37,981		534		
5		广发期货	37,742		675		
6		海通期货	32,152		509		
7		中信期货	27,775		5,513		
8		北京首创	21,700		-1		
9		平安期货	20,657		49		
10		国泰君安	20,453		750		
11		一德期货	20,275		-376		
12		新湖期货	18,579		27		
13		鲁证期货	16,482		202		
14		永安期货	15,702		-442		
15		五矿经易	15,324		25		
16		南华期货	13,282		19		
17		建信期货	9,906		48		
18		宏源期货	8,760		18		
19		北京金鹏	6,728		0		
20		国元期货	6,648		-196		
总计				731,753		8,144		



会员类别	总成交量	增减		
期货公司会员	357,447		61,354		

会员类别	总持买单量	增减		
期货公司会员	445,952		5,628		

会员类别	总持卖单量	增减		
期货公司会员	731,753		8,144		

