								大连商品交易所 成交量_买持仓_卖持仓排名	

合约代码：jd2101		Date：2020-09-10	

			期货公司会员	

名次		会员简称	成交量		增减		
1		东证期货	8,331		-5,154		
2		徽商期货	2,846		-3,102		
3		华安期货	2,762		-828		
4		宏源期货	2,444		-127		
5		南华期货	2,079		61		
6		中信期货	2,058		-935		
7		方正中期	1,910		-1,498		
8		中信建投	1,728		-1,408		
9		永安期货	1,689		-1,757		
10		申银万国	1,650		-1,131		
11		中辉期货	1,572		-1,301		
12		海通期货	1,414		-227		
13		金瑞期货	1,287		-428		
14		招金期货	1,231		670		
15		格林大华	1,185		-991		
16		广发期货	1,006		-836		
17		安粮期货	983		-2,294		
18		鲁证期货	958		-242		
19		国富期货	909		-882		
20		华泰期货	873		-1,499		
总计				38,915		-23,909		

名次		会员简称	持买单量	增减		
1		福能期货	5,061		-18		
2		永安期货	3,615		1		
3		方正中期	2,273		-50		
4		中信期货	2,197		317		
5		海证期货	1,876		23		
6		徽商期货	1,730		-126		
7		国泰君安	1,669		59		
8		光大期货	1,643		-90		
9		中辉期货	1,633		0		
10		中信建投	1,590		57		
11		银河期货	1,540		51		
12		新湖期货	1,417		86		
13		东航期货	1,413		-3		
14		宏源期货	1,405		-75		
15		英大期货	1,339		-14		
16		华安期货	1,287		37		
17		申银万国	1,191		49		
18		华泰期货	1,038		134		
19		中粮期货	980		36		
20		安粮期货	980		-35		
总计				35,877		439		

名次		会员简称	持卖单量	增减		
1		永安期货	3,952		-136		
2		宏源期货	3,553		405		
3		方正中期	2,967		252		
4		申银万国	2,321		523		
5		国泰君安	2,270		3		
6		中辉期货	2,235		546		
7		华安期货	2,208		-55		
8		徽商期货	2,089		-284		
9		中信建投	1,967		-185		
10		招金期货	1,960		-109		
11		华泰期货	1,773		117		
12		先锋期货	1,696		-44		
13		中信期货	1,506		91		
14		东航期货	1,473		-76		
15		北京首创	1,349		6		
16		英大期货	1,344		-140		
17		光大期货	1,277		5		
18		东证期货	1,235		-11		
19		海通期货	1,127		-320		
20		华融融达	1,124		-63		
总计				39,426		525		



会员类别	总成交量	增减		
期货公司会员	38,915		-23,909		

会员类别	总持买单量	增减		
期货公司会员	35,877		439		

会员类别	总持卖单量	增减		
期货公司会员	39,426		525		

