								大连商品交易所 成交量_买持仓_卖持仓排名	

合约代码：c2011		Date：2020-09-10	

			期货公司会员	

名次		会员简称	成交量		增减		
1		华闻期货	23,872		7,867		
2		方正中期	13,969		9,847		
3		国泰君安	13,150		2,979		
4		光大期货	11,726		-2,049		
5		中信期货	11,559		8,621		
6		中天期货	8,593		7,944		
7		鲁证期货	8,547		2,924		
8		中粮期货	8,416		2,389		
9		中大期货	7,860		2,515		
10		银河期货	7,616		3,521		
11		格林大华	6,696		3,417		
12		永安期货	5,913		802		
13		冠通期货	5,746		1,828		
14		弘业期货	5,255		4,097		
15		东证期货	4,431		1,347		
16		西部期货	4,132		2,258		
17		国海良时	4,027		946		
18		华泰期货	3,808		3,704		
19		浙商期货	3,730		1,434		
20		申银万国	3,548		1,895		
总计				162,594		68,286		

名次		会员简称	持买单量	增减		
1		国投安信	11,215		1,474		
2		中大期货	3,045		3		
3		弘业期货	2,155		-173		
4		兴证期货	1,529		3		
5		国泰君安	1,011		38		
6		永安期货	1,006		-234		
7		鲁证期货	992		19		
8		中信期货	707		35		
9		冠通期货	585		-438		
10		格林大华	458		-50		
11		华安期货	427		-2		
12		光大期货	355		148		
13		国富期货	327		-9		
14		中粮期货	315		-51		
15		大通期货	300		300		
16		英大期货	276		276		
17		南华期货	249		-7		
18		迈科期货	224		-7		
19		国海良时	200		-67		
20		中辉期货	183		-10		
总计				25,559		1,248		

名次		会员简称	持卖单量	增减		
1		民生期货	3,647		552		
2		弘业期货	2,299		10		
3		永安期货	2,109		-639		
4		中信期货	1,792		-884		
5		银河期货	1,599		-37		
6		中大期货	1,546		21		
7		海通期货	1,262		100		
8		广州金控	1,108		102		
9		国投安信	1,060		50		
10		国泰君安	1,035		114		
11		鲁证期货	1,013		12		
12		格林大华	826		340		
13		华安期货	753		29		
14		一德期货	725		100		
15		中信建投	668		-8		
16		南华期货	657		327		
17		五矿经易	539		-1		
18		中粮期货	529		155		
19		西部期货	431		-2		
20		中融汇信	350		0		
总计				23,948		341		



会员类别	总成交量	增减		
期货公司会员	162,594		68,286		

会员类别	总持买单量	增减		
期货公司会员	25,559		1,248		

会员类别	总持卖单量	增减		
期货公司会员	23,948		341		

