								大连商品交易所 成交量_买持仓_卖持仓排名	

合约代码：pg2012		Date：2020-09-10	

			期货公司会员	

名次		会员简称	成交量		增减		
1		华泰期货	36,058		11,042		
2		东海期货	7,158		1,362		
3		东证期货	6,018		1,082		
4		瑞达期货	4,497		1,923		
5		方正中期	3,997		-221		
6		申银万国	3,982		1,068		
7		浙商期货	3,638		1,810		
8		中信建投	3,600		1,161		
9		中信期货	3,162		-92		
10		银河期货	2,989		871		
11		海通期货	2,843		225		
12		美尔雅期货	2,840		1,986		
13		国海良时	2,666		1,019		
14		冠通期货	2,594		415		
15		光大期货	2,288		453		
16		海证期货	1,976		637		
17		中粮期货	1,837		594		
18		五矿经易	1,724		532		
19		锦泰期货	1,629		-248		
20		宝城期货	1,443		832		
总计				96,939		26,451		

名次		会员简称	持买单量	增减		
1		永安期货	2,662		-83		
2		浙商期货	2,655		81		
3		银河期货	2,466		350		
4		东证期货	1,161		48		
5		冠通期货	974		363		
6		五矿经易	964		0		
7		招商期货	879		-5		
8		华安期货	808		76		
9		方正中期	703		99		
10		中信建投	694		-207		
11		瑞达期货	655		109		
12		东海期货	626		47		
13		国海良时	606		-19		
14		申银万国	600		-79		
15		华泰期货	572		-89		
16		一德期货	571		25		
17		先锋期货	550		-57		
18		光大期货	507		-108		
19		招金期货	503		58		
20		中信期货	441		-99		
总计				19,597		510		

名次		会员简称	持卖单量	增减		
1		中信期货	11,513		977		
2		国投安信	2,372		-32		
3		南华期货	1,156		-1		
4		永安期货	1,031		-21		
5		海通期货	1,029		101		
6		方正中期	1,025		152		
7		银河期货	1,002		5		
8		五矿经易	963		-150		
9		东证期货	957		-44		
10		招商期货	842		2		
11		浙商期货	792		-69		
12		中信建投	660		-109		
13		瑞达期货	534		100		
14		新湖期货	451		13		
15		冠通期货	416		-87		
16		中粮期货	320		17		
17		国泰君安	293		-21		
18		东海期货	240		81		
19		长城期货	231		-6		
20		倍特期货	202		200		
总计				26,029		1,108		



会员类别	总成交量	增减		
期货公司会员	96,939		26,451		

会员类别	总持买单量	增减		
期货公司会员	19,597		510		

会员类别	总持卖单量	增减		
期货公司会员	26,029		1,108		

