								大连商品交易所 成交量_买持仓_卖持仓排名	

合约代码：c2103		Date：2020-09-10	

			期货公司会员	

名次		会员简称	成交量		增减		
1		中信期货	29,333		28,107		
2		国泰君安	15,713		12,348		
3		华闻期货	15,376		11,015		
4		方正中期	8,682		6,566		
5		海通期货	5,451		1,119		
6		广发期货	3,453		38		
7		永安期货	2,995		723		
8		鲁证期货	2,850		338		
9		东证期货	2,793		1,228		
10		中粮期货	2,572		1,029		
11		弘业期货	2,549		2,122		
12		中大期货	2,510		1,060		
13		格林大华	2,112		814		
14		国海良时	1,595		237		
15		宏源期货	1,250		809		
16		宝城期货	876		321		
17		申银万国	772		152		
18		浙商期货	646		128		
19		中天期货	622		58		
20		五矿经易	592		32		
总计				102,742		68,244		

名次		会员简称	持买单量	增减		
1		鲁证期货	6,741		20		
2		中信期货	2,791		37		
3		一德期货	2,503		0		
4		浙商期货	2,048		211		
5		海通期货	2,006		1		
6		东证期货	1,592		12		
7		格林大华	1,505		665		
8		中大期货	1,412		-34		
9		永安期货	1,209		304		
10		摩根大通	1,000		0		
11		五矿经易	931		-1		
12		中粮期货	831		5		
13		锦泰期货	470		0		
14		英大期货	450		450		
15		申银万国	326		-40		
16		迈科期货	150		0		
17		国富期货	138		1		
18		海证期货	101		96		
19		东吴期货	93		0		
20		国海良时	93		14		
总计				26,390		1,741		

名次		会员简称	持卖单量	增减		
1		华安期货	3,056		76		
2		兴证期货	2,564		1		
3		海通期货	2,011		-4		
4		浙商期货	1,927		201		
5		东证期货	1,660		39		
6		中信期货	1,553		54		
7		格林大华	1,505		665		
8		中大期货	1,441		-34		
9		永安期货	1,207		303		
10		鲁证期货	1,049		6		
11		五矿经易	1,011		-81		
12		国海良时	897		17		
13		中粮期货	889		21		
14		东航期货	570		-21		
15		锦泰期货	560		-25		
16		冠通期货	500		-167		
17		宏源期货	402		93		
18		平安期货	365		-137		
19		申银万国	315		-48		
20		徽商期货	291		107		
总计				23,773		1,066		



会员类别	总成交量	增减		
期货公司会员	102,742		68,244		

会员类别	总持买单量	增减		
期货公司会员	26,390		1,741		

会员类别	总持卖单量	增减		
期货公司会员	23,773		1,066		

