								大连商品交易所 成交量_买持仓_卖持仓排名	

合约代码：b2010		Date：2020-08-17	

			期货公司会员	

名次		会员简称	成交量		增减		
1		华泰期货	17,630		-1,622		
2		国富期货	6,191		-1,393		
3		国泰君安	5,133		-3,193		
4		东证期货	3,933		1,041		
5		海通期货	3,468		-725		
6		方正中期	3,447		-18		
7		国投安信	2,636		-1,302		
8		中信期货	2,481		-591		
9		申银万国	2,458		-148		
10		光大期货	2,376		-1,014		
11		深圳金汇	2,131		1,137		
12		华安期货	1,520		-1,357		
13		渤海期货	1,428		-490		
14		永安期货	1,412		276		
15		南华期货	1,410		-601		
16		东方财富	1,348		-1,784		
17		宏源期货	1,317		-777		
18		国海良时	1,277		-173		
19		安粮期货	1,201		-95		
20		徽商期货	1,194		-1,943		
总计				63,991		-14,772		

名次		会员简称	持买单量	增减		
1		海通期货	3,422		230		
2		南华期货	1,609		-32		
3		方正中期	1,449		-149		
4		国投安信	1,272		-131		
5		五矿经易	1,178		0		
6		光大期货	1,150		2		
7		中原期货	1,033		16		
8		华泰期货	798		61		
9		渤海期货	765		-5		
10		东证期货	737		249		
11		国泰君安	720		159		
12		永安期货	668		273		
13		申银万国	662		234		
14		东方财富	592		-40		
15		弘业期货	560		20		
16		中粮期货	555		10		
17		中信期货	500		209		
18		深圳金汇	500		-2,129		
19		新纪元期货	382		-32		
20		安粮期货	372		-122		
总计				18,924		-1,177		

名次		会员简称	持卖单量	增减		
1		海通期货	3,553		-164		
2		南华期货	2,118		-30		
3		摩根大通	2,000		0		
4		五矿经易	1,675		250		
5		国投安信	1,305		-1		
6		方正中期	1,274		-92		
7		光大期货	1,248		-2		
8		中原期货	1,005		2		
9		北京首创	904		198		
10		渤海期货	821		59		
11		东证期货	627		-4		
12		国泰君安	607		-48		
13		先融期货	570		-274		
14		中信建投	525		334		
15		弘业期货	509		-214		
16		兴证期货	492		-155		
17		宏源期货	430		-20		
18		中天期货	412		85		
19		申银万国	397		182		
20		新湖期货	394		260		
总计				20,866		366		



会员类别	总成交量	增减		
期货公司会员	63,991		-14,772		

会员类别	总持买单量	增减		
期货公司会员	18,924		-1,177		

会员类别	总持卖单量	增减		
期货公司会员	20,866		366		

