								大连商品交易所 成交量_买持仓_卖持仓排名	

合约代码：pg2012		Date：2020-08-17	

			期货公司会员	

名次		会员简称	成交量		增减		
1		华泰期货	23,387		7,387		
2		浙商期货	4,080		-67		
3		东证期货	3,720		900		
4		申银万国	3,635		961		
5		瑞达期货	2,771		789		
6		五矿经易	2,615		980		
7		中信建投	2,345		607		
8		海证期货	2,313		357		
9		中粮期货	2,287		-127		
10		东吴期货	2,044		785		
11		中信期货	1,988		345		
12		方正中期	1,831		259		
13		海通期货	1,765		1,165		
14		国海良时	1,762		383		
15		冠通期货	1,549		390		
16		银河期货	1,389		238		
17		招商期货	1,373		355		
18		光大期货	821		164		
19		美尔雅期货	682		-2,603		
20		锦泰期货	663		174		
总计				63,020		13,442		

名次		会员简称	持买单量	增减		
1		永安期货	3,705		105		
2		美尔雅期货	2,645		-636		
3		江苏东华	1,740		200		
4		方正中期	1,702		164		
5		海通期货	1,500		206		
6		华泰期货	1,413		32		
7		五矿经易	1,324		5		
8		招金期货	1,227		38		
9		招商期货	1,215		-4		
10		东证期货	1,188		-24		
11		徽商期货	1,108		24		
12		中信建投	1,040		10		
13		浙江新世纪	1,028		16		
14		平安期货	906		-7		
15		申银万国	824		-4		
16		新湖期货	778		-4		
17		中财期货	741		20		
18		浙商期货	701		129		
19		中信期货	632		24		
20		华安期货	593		-50		
总计				26,010		244		

名次		会员简称	持卖单量	增减		
1		中信期货	6,240		14		
2		浙商期货	3,202		-11		
3		永安期货	1,892		0		
4		海通期货	1,544		153		
5		国投安信	1,501		36		
6		宝城期货	1,441		0		
7		新湖期货	1,382		308		
8		方正中期	1,379		-9		
9		中信建投	1,308		-47		
10		银河期货	1,251		-68		
11		光大期货	1,186		-86		
12		五矿经易	1,121		0		
13		东证期货	1,085		30		
14		招商期货	1,051		7		
15		平安期货	855		118		
16		冠通期货	851		29		
17		长安期货	775		0		
18		东海期货	652		-6		
19		兴证期货	435		1		
20		国贸期货	385		0		
总计				29,536		469		



会员类别	总成交量	增减		
期货公司会员	63,020		13,442		

会员类别	总持买单量	增减		
期货公司会员	26,010		244		

会员类别	总持卖单量	增减		
期货公司会员	29,536		469		

