								大连商品交易所 成交量_买持仓_卖持仓排名	

合约代码：j2101		Date：2020-08-17	

			期货公司会员	

名次		会员简称	成交量		增减		
1		东证期货	18,698		6,222		
2		国富期货	7,659		3,555		
3		永安期货	6,196		4,187		
4		光大期货	5,024		2,017		
5		上海大陆	4,750		1,911		
6		华泰期货	4,278		1,605		
7		海通期货	3,970		2,572		
8		国泰君安	3,757		1,818		
9		申银万国	2,890		1,305		
10		中信期货	2,785		1,333		
11		徽商期货	2,613		1,423		
12		新纪元期货	2,451		1,748		
13		银河期货	2,250		787		
14		中信建投	2,233		1,728		
15		一德期货	2,073		956		
16		东吴期货	1,998		1,648		
17		方正中期	1,944		1,162		
18		先锋期货	1,919		628		
19		安粮期货	1,896		547		
20		弘业期货	1,844		1,353		
总计				81,228		38,505		

名次		会员简称	持买单量	增减		
1		东证期货	6,339		2,376		
2		永安期货	4,414		1,225		
3		东海期货	4,397		176		
4		国富期货	2,692		1,394		
5		国泰君安	2,544		66		
6		华泰期货	2,017		795		
7		中信建投	2,015		-325		
8		中信期货	1,739		264		
9		光大期货	1,670		570		
10		鲁证期货	1,413		-195		
11		海通期货	1,409		74		
12		银河期货	1,355		-84		
13		国投安信	1,354		73		
14		摩根大通	1,177		11		
15		方正中期	1,112		157		
16		申银万国	892		433		
17		五矿经易	848		-1		
18		徽商期货	774		97		
19		国信期货	756		221		
20		新湖期货	694		277		
总计				39,611		7,604		

名次		会员简称	持卖单量	增减		
1		东证期货	6,324		2,850		
2		华泰期货	4,948		141		
3		一德期货	4,287		-325		
4		永安期货	3,861		1,311		
5		浙商期货	3,489		579		
6		国富期货	2,692		1,499		
7		天风期货	2,293		1,098		
8		中信建投	2,115		-254		
9		申银万国	2,091		623		
10		海通期货	2,021		942		
11		中信期货	1,770		413		
12		国投安信	1,578		158		
13		银河期货	1,434		170		
14		光大期货	1,359		256		
15		大越期货	1,280		19		
16		中财期货	1,255		208		
17		新纪元期货	747		217		
18		东海期货	743		464		
19		方正中期	672		169		
20		华金期货	650		313		
总计				45,609		10,851		



会员类别	总成交量	增减		
期货公司会员	81,228		38,505		

会员类别	总持买单量	增减		
期货公司会员	39,611		7,604		

会员类别	总持卖单量	增减		
期货公司会员	45,609		10,851		

