								大连商品交易所 成交量_买持仓_卖持仓排名	

合约代码：m2105		Date：2020-08-17	

			期货公司会员	

名次		会员简称	成交量		增减		
1		东证期货	28,141		-497		
2		海通期货	15,115		-530		
3		中粮期货	9,735		6,064		
4		国泰君安	8,973		-953		
5		中信期货	8,536		1,110		
6		光大期货	8,236		-8,269		
7		兴证期货	7,474		5,014		
8		永安期货	7,382		1,476		
9		格林大华	6,981		-2,016		
10		弘业期货	6,877		3,713		
11		浙商期货	6,716		-291		
12		国富期货	6,378		4,140		
13		广州金控	6,090		2,411		
14		华闻期货	5,860		4,995		
15		迈科期货	5,668		195		
16		华安期货	4,920		589		
17		国投安信	4,916		1,850		
18		一德期货	4,473		-2,148		
19		安粮期货	4,416		-560		
20		鲁证期货	4,108		1,251		
总计				160,995		17,544		

名次		会员简称	持买单量	增减		
1		中粮期货	67,673		529		
2		摩根大通	37,408		-2,234		
3		银河期货	29,208		-802		
4		申银万国	29,007		-727		
5		永安期货	28,526		1,875		
6		浙商期货	27,085		-33		
7		海通期货	24,914		-892		
8		宏源期货	23,443		-269		
9		国泰君安	22,029		-255		
10		国投安信	20,833		1,395		
11		方正中期	19,766		-17		
12		华泰期货	16,973		21		
13		一德期货	16,762		-44		
14		南华期货	15,075		-258		
15		天风期货	13,675		1,109		
16		中信期货	12,403		2,157		
17		瑞达期货	12,361		1,039		
18		兴证期货	11,940		5,468		
19		格林大华	11,450		-2,702		
20		广州金控	9,805		5,570		
总计				450,336		10,930		

名次		会员简称	持卖单量	增减		
1		中粮期货	260,071		2,950		
2		国投安信	103,749		57		
3		银河期货	39,776		-49		
4		广发期货	38,191		32		
5		摩根大通	34,820		0		
6		海通期货	29,813		81		
7		鲁证期货	18,615		-1,937		
8		北京首创	18,556		2,110		
9		中信期货	18,245		703		
10		新湖期货	16,877		46		
11		一德期货	15,858		245		
12		国盛期货	14,256		-30		
13		永安期货	14,220		45		
14		安粮期货	14,143		-1,372		
15		南华期货	13,322		-36		
16		平安期货	12,843		6		
17		五矿经易	12,208		2		
18		国泰君安	10,978		634		
19		建信期货	10,007		-47		
20		光大期货	4,813		42		
总计				701,361		3,482		



会员类别	总成交量	增减		
期货公司会员	160,995		17,544		

会员类别	总持买单量	增减		
期货公司会员	450,336		10,930		

会员类别	总持卖单量	增减		
期货公司会员	701,361		3,482		

