								大连商品交易所 成交量_买持仓_卖持仓排名	

合约代码：v2101		Date：2020-08-17	

			期货公司会员	

名次		会员简称	成交量		增减		
1		东证期货	50,618		14,192		
2		华金期货	13,029		7,493		
3		中信期货	12,600		3,701		
4		国富期货	12,463		5,490		
5		国泰君安	12,080		7,924		
6		中国国际	5,630		3,490		
7		永安期货	5,333		539		
8		中财期货	5,112		3,159		
9		兴证期货	5,077		3,687		
10		申银万国	4,515		2,794		
11		华泰期货	4,394		1,632		
12		海通期货	3,690		1,236		
13		国信期货	3,504		2,370		
14		国投安信	3,180		2,214		
15		弘业期货	3,135		-3,217		
16		宏源期货	2,882		712		
17		广发期货	2,860		2,072		
18		大地期货	2,856		1,469		
19		中信建投	2,677		846		
20		建信期货	2,653		1,172		
总计				158,288		62,975		

名次		会员简称	持买单量	增减		
1		中信期货	18,662		2,399		
2		永安期货	15,257		-611		
3		国泰君安	11,505		1,235		
4		一德期货	9,878		1,684		
5		中国国际	5,859		4,418		
6		银河期货	5,414		584		
7		鲁证期货	4,464		-309		
8		中信建投	4,148		204		
9		南华期货	4,081		-36		
10		华泰期货	3,836		450		
11		国投安信	3,594		1,001		
12		东证期货	2,986		511		
13		信达期货	2,182		94		
14		兴证期货	2,045		655		
15		瑞达期货	1,888		-37		
16		国富期货	1,857		-296		
17		方正中期	1,630		241		
18		华金期货	1,553		165		
19		海通期货	1,549		370		
20		广发期货	1,513		-1,143		
总计				103,901		11,579		

名次		会员简称	持卖单量	增减		
1		国信期货	19,466		3,252		
2		国贸期货	15,910		1,136		
3		永安期货	11,340		2,032		
4		中财期货	6,248		-580		
5		信达期货	6,146		842		
6		大地期货	6,095		1,643		
7		银河期货	5,682		238		
8		浙商期货	4,784		6		
9		方正中期	4,712		514		
10		华泰期货	4,630		790		
11		申银万国	4,023		-461		
12		大越期货	3,608		346		
13		中信期货	3,536		291		
14		华金期货	3,418		2,198		
15		国投安信	3,004		5		
16		中信建投	2,387		-559		
17		中粮期货	2,187		313		
18		东证期货	2,010		505		
19		平安期货	1,899		1,546		
20		中大期货	1,811		175		
总计				112,896		14,232		



会员类别	总成交量	增减		
期货公司会员	158,288		62,975		

会员类别	总持买单量	增减		
期货公司会员	103,901		11,579		

会员类别	总持卖单量	增减		
期货公司会员	112,896		14,232		

