								大连商品交易所 成交量_买持仓_卖持仓排名	

合约代码：i2010		Date：2020-08-17	

			期货公司会员	

名次		会员简称	成交量		增减		
1		银河期货	17,858		4,543		
2		申银万国	13,312		4,783		
3		华闻期货	13,066		-199		
4		一德期货	10,301		2,976		
5		国泰君安	10,245		3,636		
6		冠通期货	9,617		1,407		
7		国信期货	9,098		3,166		
8		国贸期货	9,065		3,107		
9		金瑞期货	9,032		3,133		
10		东证期货	7,958		996		
11		浙商期货	3,918		2,153		
12		光大期货	3,386		-119		
13		瑞达期货	2,810		265		
14		方正中期	2,554		-127		
15		永安期货	2,400		-511		
16		锦泰期货	2,391		1,473		
17		宏源期货	2,227		1,447		
18		新湖期货	2,138		224		
19		中信期货	1,754		1,321		
20		国富期货	1,511		419		
总计				134,641		34,093		

名次		会员简称	持买单量	增减		
1		宏源期货	1,762		120		
2		方正中期	1,512		-97		
3		申银万国	1,453		1,256		
4		中信期货	1,187		336		
5		招商期货	1,019		-1		
6		银河期货	1,012		83		
7		海通期货	929		35		
8		南华期货	869		5		
9		东吴期货	836		0		
10		国投安信	820		19		
11		永安期货	781		-29		
12		中信建投	713		10		
13		五矿经易	649		-2		
14		徽商期货	633		258		
15		鲁证期货	556		54		
16		弘业期货	517		15		
17		浙商期货	490		231		
18		宝城期货	421		-4		
19		中大期货	373		222		
20		国泰君安	373		100		
总计				16,905		2,611		

名次		会员简称	持卖单量	增减		
1		永安期货	3,363		837		
2		宏源期货	1,725		125		
3		招商期货	1,385		-1		
4		申银万国	1,313		1,146		
5		大地期货	1,022		1,000		
6		鲁证期货	990		1		
7		浙商期货	940		-9		
8		国投安信	898		26		
9		南华期货	882		-6		
10		海通期货	866		-148		
11		东吴期货	851		5		
12		中信期货	847		36		
13		方正中期	732		-121		
14		中信建投	725		-56		
15		一德期货	714		211		
16		五矿经易	650		0		
17		弘业期货	504		9		
18		宝城期货	400		-7		
19		华安期货	340		6		
20		国泰君安	276		199		
总计				19,423		3,253		



会员类别	总成交量	增减		
期货公司会员	134,641		34,093		

会员类别	总持买单量	增减		
期货公司会员	16,905		2,611		

会员类别	总持卖单量	增减		
期货公司会员	19,423		3,253		

