								大连商品交易所 成交量_买持仓_卖持仓排名	

合约代码：y2011		Date：2020-08-17	

			期货公司会员	

名次		会员简称	成交量		增减		
1		国泰君安	4,609		2,181		
2		华闻期货	2,516		-3,630		
3		光大期货	1,858		771		
4		中信期货	1,772		-64		
5		方正中期	1,287		-253		
6		浙商期货	1,006		-376		
7		新湖期货	917		-1,205		
8		中信建投	848		-180		
9		五矿经易	730		-402		
10		招商期货	706		120		
11		格林大华	650		172		
12		海通期货	644		-371		
13		国海良时	547		36		
14		天风期货	509		-1,900		
15		国富期货	458		-182		
16		弘业期货	418		135		
17		宏源期货	385		284		
18		银河期货	373		-626		
19		徽商期货	343		-550		
20		鲁证期货	317		-334		
总计				20,893		-6,374		

名次		会员简称	持买单量	增减		
1		中信建投	1,171		9		
2		中信期货	1,074		-74		
3		五矿经易	1,044		4		
4		光大期货	1,022		-5		
5		招商期货	1,001		6		
6		东吴期货	980		10		
7		海通期货	912		77		
8		方正中期	810		8		
9		格林大华	708		0		
10		鲁证期货	596		0		
11		中天期货	350		-5		
12		新湖期货	339		-2		
13		中投期货	250		245		
14		国海良时	183		1		
15		国泰君安	176		10		
16		华安期货	62		2		
17		一德期货	37		-59		
18		宏源期货	36		7		
19		华泰期货	36		11		
20		中粮期货	31		15		
总计				10,818		260		

名次		会员简称	持卖单量	增减		
1		中信建投	1,152		1		
2		中信期货	1,134		114		
3		光大期货	1,026		11		
4		招商期货	1,003		0		
5		五矿经易	978		0		
6		东吴期货	936		2		
7		海通期货	909		79		
8		方正中期	817		5		
9		格林大华	708		0		
10		鲁证期货	595		-1		
11		中天期货	350		-5		
12		新湖期货	322		-9		
13		国泰君安	255		101		
14		国海良时	180		-2		
15		徽商期货	96		-59		
16		国盛期货	69		3		
17		浙商期货	63		-24		
18		南华期货	63		63		
19		西南期货	47		-12		
20		中辉期货	40		10		
总计				10,743		277		



会员类别	总成交量	增减		
期货公司会员	20,893		-6,374		

会员类别	总持买单量	增减		
期货公司会员	10,818		260		

会员类别	总持卖单量	增减		
期货公司会员	10,743		277		

