								大连商品交易所 成交量_买持仓_卖持仓排名	

合约代码：i2009		Date：2020-08-17	

			期货公司会员	

名次		会员简称	成交量		增减		
1		东证期货	38,282		8,569		
2		中信期货	26,247		11,715		
3		申银万国	25,030		11,477		
4		国泰君安	22,908		8,860		
5		华泰期货	21,528		13,606		
6		光大期货	20,477		5,222		
7		永安期货	17,674		10,227		
8		方正中期	15,608		2,454		
9		大地期货	14,960		14,275		
10		银河期货	12,925		1,774		
11		海通期货	11,616		4,594		
12		国富期货	7,839		3,261		
13		国信期货	7,212		4,048		
14		徽商期货	6,566		2,541		
15		海证期货	6,507		5,180		
16		道通期货	6,221		5,353		
17		金瑞期货	6,001		1,606		
18		天风期货	5,701		3,088		
19		浙商期货	5,672		2,352		
20		中钢期货	5,564		4,560		
总计				284,538		124,762		

名次		会员简称	持买单量	增减		
1		方正中期	24,938		236		
2		永安期货	12,560		-5,708		
3		银河期货	10,966		-2,301		
4		一德期货	9,979		-95		
5		兴证期货	9,626		-348		
6		中信期货	9,147		-3,737		
7		国泰君安	8,576		-6,735		
8		光大期货	7,324		237		
9		浙商期货	7,175		-1,237		
10		美尔雅期货	7,169		-1,156		
11		鲁证期货	6,856		-2,480		
12		华泰期货	6,778		-9,562		
13		江苏东华	6,524		161		
14		国联期货	4,376		-201		
15		申银万国	4,311		-1,273		
16		海通期货	4,229		-544		
17		天风期货	3,895		-642		
18		东证期货	3,695		-755		
19		上海东亚	3,425		-1,321		
20		中辉期货	3,269		-663		
总计				154,818		-38,124		

名次		会员简称	持卖单量	增减		
1		中信期货	16,859		-5,582		
2		永安期货	13,770		-6,222		
3		浙商期货	9,835		-1,027		
4		华泰期货	9,791		-910		
5		一德期货	8,916		-1,032		
6		银河期货	8,896		-2,462		
7		五矿经易	8,624		-332		
8		广发期货	8,161		-724		
9		中辉期货	7,828		-868		
10		国投安信	7,548		-573		
11		建信期货	7,475		-1,012		
12		东兴期货	6,555		-3,988		
13		天风期货	6,394		177		
14		中钢期货	6,306		-4,790		
15		宝城期货	5,687		-1,445		
16		徽商期货	4,976		-412		
17		国泰君安	4,896		-985		
18		金瑞期货	4,401		-1,004		
19		大地期货	4,176		-11,982		
20		光大期货	3,447		-492		
总计				154,541		-45,665		



会员类别	总成交量	增减		
期货公司会员	284,538		124,762		

会员类别	总持买单量	增减		
期货公司会员	154,818		-38,124		

会员类别	总持卖单量	增减		
期货公司会员	154,541		-45,665		

