								大连商品交易所 成交量_买持仓_卖持仓排名	

合约代码：jd2101		Date：2020-08-17	

			期货公司会员	

名次		会员简称	成交量		增减		
1		东证期货	9,376		-25		
2		申银万国	4,637		663		
3		光大期货	3,860		467		
4		徽商期货	3,278		23		
5		华安期货	2,774		833		
6		安粮期货	2,747		103		
7		上海大陆	2,720		-250		
8		先锋期货	2,267		431		
9		方正中期	2,126		-1,392		
10		中信建投	2,043		-435		
11		永安期货	1,954		173		
12		中信期货	1,784		-38		
13		宏源期货	1,628		-1,526		
14		金瑞期货	1,519		-94		
15		美尔雅期货	1,408		453		
16		华融融达	1,370		962		
17		英大期货	1,119		-122		
18		国泰君安	1,089		-776		
19		国信期货	984		182		
20		中辉期货	982		-1,176		
总计				49,665		-1,544		

名次		会员简称	持买单量	增减		
1		永安期货	3,380		211		
2		徽商期货	2,467		-220		
3		中辉期货	2,004		-73		
4		方正中期	1,557		-178		
5		国泰君安	1,472		101		
6		北京首创	1,224		25		
7		中信建投	1,169		-84		
8		中财期货	1,160		-389		
9		中信期货	1,106		42		
10		新湖期货	1,087		72		
11		申银万国	1,080		-75		
12		华安期货	979		-26		
13		银河期货	972		-55		
14		安粮期货	944		-157		
15		浙商期货	931		71		
16		东航期货	906		103		
17		广发期货	900		14		
18		华闻期货	789		0		
19		九州期货	780		-1		
20		宏源期货	770		-60		
总计				25,677		-679		

名次		会员简称	持卖单量	增减		
1		福能期货	3,054		-36		
2		永安期货	2,772		-341		
3		英大期货	2,262		245		
4		中信建投	1,811		-135		
5		华泰期货	1,503		228		
6		方正中期	1,489		94		
7		华安期货	1,481		92		
8		海通期货	1,290		181		
9		美尔雅期货	1,250		49		
10		国泰君安	1,194		30		
11		中国国际	1,130		19		
12		光大期货	1,102		-343		
13		徽商期货	1,102		-40		
14		南华期货	1,099		-62		
15		国海良时	1,055		-42		
16		鲁证期货	1,038		-110		
17		北京首创	998		-4		
18		中辉期货	941		55		
19		一德期货	940		-13		
20		东航期货	926		80		
总计				28,437		-53		



会员类别	总成交量	增减		
期货公司会员	49,665		-1,544		

会员类别	总持买单量	增减		
期货公司会员	25,677		-679		

会员类别	总持卖单量	增减		
期货公司会员	28,437		-53		

