								大连商品交易所 成交量_买持仓_卖持仓排名	

合约代码：eg2010		Date：2020-08-17	

			期货公司会员	

名次		会员简称	成交量		增减		
1		东证期货	11,655		5,351		
2		申银万国	5,421		2,761		
3		华闻期货	4,037		1,564		
4		浙商期货	3,943		1,809		
5		国泰君安	3,850		2,516		
6		方正中期	3,471		1,085		
7		迈科期货	2,878		938		
8		华西期货	2,678		1,703		
9		招商期货	2,642		689		
10		格林大华	2,488		1,353		
11		中信期货	2,465		899		
12		国投安信	2,235		854		
13		五矿经易	2,108		404		
14		东吴期货	1,529		661		
15		银河期货	1,367		513		
16		中粮期货	1,141		599		
17		长城期货	819		79		
18		国联期货	756		375		
19		创元期货	562		-278		
20		锦泰期货	400		290		
总计				56,445		24,165		

名次		会员简称	持买单量	增减		
1		国投安信	1,260		18		
2		东吴期货	1,056		0		
3		五矿经易	1,028		64		
4		招商期货	1,006		-5		
5		创元期货	845		17		
6		方正中期	731		24		
7		一德期货	609		3		
8		申银万国	456		-1		
9		冠通期货	440		0		
10		迈科期货	430		-157		
11		中信期货	349		37		
12		国泰君安	346		85		
13		格林大华	217		8		
14		东证期货	127		-6		
15		宏源期货	117		100		
16		宝城期货	100		0		
17		南华期货	97		96		
18		中粮期货	87		83		
19		东航期货	82		80		
20		长城期货	66		61		
总计				9,449		507		

名次		会员简称	持卖单量	增减		
1		国投安信	1,262		25		
2		东吴期货	1,259		203		
3		招商期货	1,006		13		
4		五矿经易	964		0		
5		创元期货	812		-59		
6		方正中期	703		-5		
7		浙商期货	621		360		
8		宏源期货	556		3		
9		申银万国	469		6		
10		冠通期货	440		0		
11		迈科期货	430		-157		
12		中信期货	359		64		
13		格林大华	217		8		
14		国联期货	200		200		
15		东证期货	120		-5		
16		国泰君安	116		69		
17		国金期货	112		0		
18		锦泰期货	70		47		
19		南华期货	66		-44		
20		中融汇信	60		0		
总计				9,842		728		



会员类别	总成交量	增减		
期货公司会员	56,445		24,165		

会员类别	总持买单量	增减		
期货公司会员	9,449		507		

会员类别	总持卖单量	增减		
期货公司会员	9,842		728		

