								大连商品交易所 成交量_买持仓_卖持仓排名	

合约代码：i2105		Date：2020-08-17	

			期货公司会员	

名次		会员简称	成交量		增减		
1		东证期货	8,233		-682		
2		光大期货	5,717		1,839		
3		国泰君安	4,255		2,318		
4		中信期货	2,920		-643		
5		南华期货	2,777		1,031		
6		渤海期货	2,317		985		
7		华泰期货	2,131		1,057		
8		东吴期货	2,085		89		
9		永安期货	1,757		387		
10		宏源期货	1,457		628		
11		鲁证期货	1,414		1,256		
12		方正中期	1,394		191		
13		中财期货	1,173		247		
14		银河期货	1,089		458		
15		创元期货	1,020		-282		
16		一德期货	1,002		430		
17		华闻期货	983		224		
18		中信建投	960		-198		
19		汇鑫期货	905		897		
20		浙商期货	828		552		
总计				44,417		10,784		

名次		会员简称	持买单量	增减		
1		中国国际	7,917		-43		
2		华泰期货	3,919		587		
3		国联期货	3,328		292		
4		海证期货	2,858		0		
5		国泰君安	2,333		1,533		
6		光大期货	2,138		1,020		
7		冠通期货	1,711		7		
8		申银万国	1,510		13		
9		永安期货	1,160		713		
10		银河期货	1,140		439		
11		招商期货	1,071		453		
12		国信期货	926		204		
13		广发期货	916		-21		
14		海通期货	805		-18		
15		宝城期货	805		34		
16		华安期货	804		32		
17		鲁证期货	753		548		
18		中州期货	701		-3		
19		新湖期货	692		-33		
20		大地期货	674		-2		
总计				36,161		5,755		

名次		会员简称	持卖单量	增减		
1		中信期货	6,309		308		
2		永安期货	4,669		2		
3		一德期货	2,732		707		
4		国富期货	2,116		0		
5		银河期货	1,916		208		
6		北京首创	1,816		43		
7		混沌天成	1,805		0		
8		冠通期货	1,699		2		
9		中信建投	1,567		349		
10		方正中期	1,549		-166		
11		瑞达期货	1,344		18		
12		海证期货	1,256		-84		
13		鲁证期货	1,162		616		
14		格林大华	1,128		341		
15		光大期货	1,098		-9		
16		东证期货	1,050		230		
17		华泰期货	949		14		
18		汇鑫期货	927		902		
19		国贸期货	700		35		
20		五矿经易	655		0		
总计				36,447		3,516		



会员类别	总成交量	增减		
期货公司会员	44,417		10,784		

会员类别	总持买单量	增减		
期货公司会员	36,161		5,755		

会员类别	总持卖单量	增减		
期货公司会员	36,447		3,516		

