								大连商品交易所 成交量_买持仓_卖持仓排名	

合约代码：c2103		Date：2020-08-17	

			期货公司会员	

名次		会员简称	成交量		增减		
1		中天期货	4,716		860		
2		中信期货	2,255		-214		
3		华安期货	2,204		-233		
4		金瑞期货	2,030		-1,354		
5		新湖期货	1,778		-59		
6		海通期货	1,776		-68		
7		浙商期货	1,402		606		
8		鲁证期货	1,394		-125		
9		国海良时	1,383		-255		
10		申银万国	1,255		-567		
11		弘业期货	1,246		-380		
12		永安期货	1,123		-340		
13		格林大华	1,021		-431		
14		国泰君安	976		-229		
15		东证期货	896		-286		
16		华金期货	860		-94		
17		宝城期货	838		-644		
18		光大期货	726		-440		
19		五矿经易	658		-722		
20		中大期货	626		-769		
总计				29,163		-5,744		

名次		会员简称	持买单量	增减		
1		鲁证期货	5,675		0		
2		一德期货	2,500		0		
3		中信期货	1,552		8		
4		摩根大通	1,000		0		
5		国富期货	201		0		
6		迈科期货	150		0		
7		东航期货	83		16		
8		浙商期货	62		-8		
9		兴证期货	52		1		
10		申银万国	49		26		
11		新湖期货	43		12		
12		永安期货	43		20		
13		中粮期货	39		2		
14		金瑞期货	38		0		
15		徽商期货	37		0		
16		中银期货	31		0		
17		弘业期货	30		0		
18		华泰期货	28		-4		
19		山西三立	25		0		
20		银河期货	20		-60		
总计				11,658		13		

名次		会员简称	持卖单量	增减		
1		兴证期货	2,604		0		
2		华泰期货	1,302		-253		
3		国海良时	970		-15		
4		东海期货	886		0		
5		中信期货	663		361		
6		锦泰期货	419		12		
7		华金期货	400		0		
8		广州金控	370		-50		
9		华安期货	344		35		
10		中天期货	310		250		
11		弘业期货	207		0		
12		迈科期货	190		0		
13		宏源期货	190		-23		
14		中辉期货	177		60		
15		银河期货	176		8		
16		国富期货	166		0		
17		中粮期货	159		1		
18		金瑞期货	150		-354		
19		光大期货	149		-20		
20		永安期货	149		7		
总计				9,981		19		



会员类别	总成交量	增减		
期货公司会员	29,163		-5,744		

会员类别	总持买单量	增减		
期货公司会员	11,658		13		

会员类别	总持卖单量	增减		
期货公司会员	9,981		19		

